%time,field.header.seq,field.header.stamp,field.header.frame_id,field.temperature,field.variance
1464075901047193894,317,1464075900916319610,,1493.0,1439.0
1464075901049234149,318,1464075900927271195,,1494.0,1438.0
1464075901049763106,319,1464075900950685143,,1494.0,1439.0
1464075901050297167,320,1464075900977899184,,1493.0,1439.0
1464075901051004874,321,1464075901008671550,,1494.0,1440.0
1464075901086388477,322,1464075901037265275,,1494.0,1439.0
1464075901088817741,323,1464075901075112934,,1494.0,1439.0
1464075901088873574,324,1464075901084383274,,1494.0,1441.0
1464075901186458104,325,1464075901115296316,,1494.0,1439.0
1464075901186505552,326,1464075901136768185,,1494.0,1443.0
1464075901186542271,327,1464075901152363821,,1494.0,1440.0
1464075901208192785,328,1464075901183790195,,1493.0,1440.0
1464075901212177775,329,1464075901200795409,,1494.0,1439.0
1464075901256356302,330,1464075901210441373,,1494.0,1440.0
1464075901256645468,331,1464075901220177076,,1493.0,1438.0
1464075901259547804,332,1464075901251741262,,1493.0,1438.0
1464075901307131947,333,1464075901273623079,,1494.0,1439.0
1464075901307206947,334,1464075901289705640,,1494.0,1439.0
1464075901347444600,335,1464075901320740348,,1494.0,1437.0
1464075901402152370,336,1464075901352854273,,1494.0,1433.0
1464075901402227213,337,1464075901387842720,,1494.0,1435.0
1464075901440692370,338,1464075901426354805,,1494.0,1434.0
1464075901467830683,339,1464075901463848558,,1496.0,1441.0
1464075901502583350,340,1464075901500366169,,1493.0,1445.0
1464075901536697634,341,1464075901534535921,,1494.0,1445.0
1464075901587104999,342,1464075901575836070,,1494.0,1455.0
1464075901645089322,343,1464075901604401775,,1494.0,1461.0
1464075901645130103,344,1464075901629203427,,1493.0,1455.0
1464075901813681006,345,1464075901654184767,,1494.0,1458.0
1464075901813718297,346,1464075901679424178,,1493.0,1460.0
1464075901813747412,347,1464075901706637543,,1494.0,1463.0
1464075901816068395,348,1464075901737585168,,1494.0,1468.0
1464075901816127978,349,1464075901765202334,,1494.0,1456.0
1464075901816169957,350,1464075901797886360,,1494.0,1454.0
1464075901816614071,351,1464075901811694501,,1493.0,1449.0
1464075901849630753,352,1464075901837352921,,1493.0,1454.0
1464075901912219856,353,1464075901873941157,,1494.0,1438.0
1464075901913935581,354,1464075901897956248,,1493.0,1446.0
1464075901937255570,355,1464075901920645563,,1493.0,1448.0
1464075901937435309,356,1464075901927107577,,1494.0,1447.0
1464075901959115147,357,1464075901955342761,,1493.0,1447.0
1464075902016764419,358,1464075901997534315,,1493.0,1449.0
1464075902072048698,359,1464075902040427846,,1494.0,1452.0
1464075902095790926,360,1464075902063932158,,1494.0,1455.0
1464075902113563066,361,1464075902071359690,,1494.0,1450.0
1464075902114365824,362,1464075902084959497,,1494.0,1453.0
1464075902114412231,363,1464075902101047110,,1493.0,1451.0
1464075902174461653,364,1464075902132149266,,1494.0,1455.0
1464075902177123104,365,1464075902140763931,,1494.0,1451.0
1464075902187006463,366,1464075902168731356,,1494.0,1448.0
1464075902214389619,367,1464075902205230164,,1493.0,1445.0
1464075902264720317,368,1464075902241700587,,1494.0,1443.0
1464075902291260923,369,1464075902280108974,,1493.0,1447.0
1464075902320926000,370,1464075902294920184,,1494.0,1447.0
1464075902320993812,371,1464075902308243117,,1494.0,1450.0
1464075902410044459,372,1464075902334096798,,1494.0,1451.0
1464075902410088209,373,1464075902363329740,,1494.0,1451.0
1464075902410214614,374,1464075902390833677,,1494.0,1452.0
1464075902468592114,375,1464075902413491168,,1493.0,1455.0
1464075902469080863,376,1464075902425301032,,1494.0,1451.0
1464075902484804519,377,1464075902475500898,,1493.0,1452.0
1464075902500500414,378,1464075902487261335,,1494.0,1453.0
1464075902516734693,379,1464075902504632330,,1494.0,1453.0
1464075902532299704,380,1464075902524888057,,1494.0,1454.0
1464075902576896824,381,1464075902560565253,,1493.0,1454.0
1464075902599993637,382,1464075902597179113,,1494.0,1454.0
1464075902665263358,383,1464075902637005048,,1493.0,1454.0
1464075902724917729,384,1464075902676112547,,1494.0,1451.0
1464075902725327311,385,1464075902714482132,,1493.0,1446.0
1464075902797983627,386,1464075902754509212,,1494.0,1446.0
1464075902798115606,387,1464075902764318040,,1494.0,1448.0
1464075902840425857,388,1464075902798541021,,1494.0,1448.0
1464075902840828616,389,1464075902837947895,,1493.0,1448.0
1464075902882808451,390,1464075902876656176,,1493.0,1451.0
1464075902914929042,391,1464075902910761970,,1493.0,1451.0
1464075902955176330,392,1464075902948886608,,1494.0,1447.0
1464075902994774609,393,1464075902991513472,,1494.0,1443.0
1464075903007976970,394,1464075903001178186,,1494.0,1443.0
1464075903033039194,395,1464075903021420736,,1494.0,1447.0
1464075903130848880,396,1464075903040040686,,1494.0,1447.0
1464075903130895807,397,1464075903080873077,,1493.0,1445.0
1464075903133724654,398,1464075903121327083,,1493.0,1446.0
1464075903321298942,399,1464075903154274078,,1493.0,1446.0
1464075903321580035,400,1464075903197082661,,1493.0,1447.0
1464075903321830451,401,1464075903204718161,,1494.0,1448.0
1464075903322092898,402,1464075903234779956,,1494.0,1447.0
1464075903322389408,403,1464075903275705158,,1494.0,1451.0
1464075903325029922,404,1464075903313536046,,1494.0,1453.0
1464075903660626366,405,1464075903353603387,,1493.0,1453.0
1464075903660883917,406,1464075903390979849,,1494.0,1452.0
1464075903661135739,407,1464075903423780595,,1493.0,1451.0
1464075903661396624,408,1464075903466427355,,1493.0,1451.0
1464075903661688811,409,1464075903505359855,,1494.0,1450.0
1464075903661976779,410,1464075903543995220,,1493.0,1449.0
1464075903662247091,411,1464075903583542406,,1493.0,1447.0
1464075903662770318,412,1464075903637735646,,1493.0,1446.0
1464075903663225421,413,1464075903642307144,,1494.0,1448.0
1464075903750958311,414,1464075903700175739,,1494.0,1449.0
1464075903751282581,415,1464075903710033837,,1493.0,1452.0
1464075903753224867,416,1464075903726764938,,1493.0,1449.0
1464075903838546722,417,1464075903763874110,,1494.0,1451.0
1464075903838867294,418,1464075903778646674,,1494.0,1455.0
1464075903839076825,419,1464075903796988813,,1494.0,1454.0
1464075903839272970,420,1464075903807062744,,1494.0,1451.0
1464075903839493334,421,1464075903828998050,,1493.0,1455.0
1464075903865741910,422,1464075903846732169,,1494.0,1455.0
1464075903871564238,423,1464075903867157687,,1494.0,1455.0
1464075903980686810,424,1464075903903336027,,1493.0,1455.0
1464075903980729778,425,1464075903934398184,,1493.0,1459.0
1464075903980766549,426,1464075903959061347,,1494.0,1456.0
1464075904036061244,427,1464075903983574666,,1493.0,1455.0
1464075904037866083,428,1464075904011323134,,1494.0,1454.0
1464075904330130664,429,1464075904041317428,,1494.0,1453.0
1464075904330500455,430,1464075904069407509,,1493.0,1449.0
1464075904330795402,431,1464075904091700418,,1493.0,1448.0
1464075904331081026,432,1464075904126701783,,1495.0,1442.0
1464075904331383213,433,1464075904156125245,,1494.0,1446.0
1464075904331954514,434,1464075904190717392,,1494.0,1442.0
1464075904332005347,435,1464075904219007160,,1494.0,1445.0
1464075904332043211,436,1464075904259709030,,1493.0,1442.0
1464075904332395762,437,1464075904294764197,,1494.0,1441.0
1464075904333652686,438,1464075904316540805,,1494.0,1444.0
1464075904516801778,439,1464075904356093824,,1494.0,1444.0
1464075904516838028,440,1464075904391088470,,1493.0,1446.0
1464075904517275683,441,1464075904408348007,,1494.0,1446.0
1464075904517326100,442,1464075904426876238,,1494.0,1446.0
1464075904517937452,443,1464075904440810680,,1494.0,1446.0
1464075904518278545,444,1464075904461768176,,1493.0,1446.0
1464075904518585628,445,1464075904470680392,,1494.0,1445.0
1464075904518875471,446,1464075904492786270,,1494.0,1446.0
1464075904519306615,447,1464075904509615079,,1493.0,1444.0
1464075904563762694,448,1464075904536318966,,1493.0,1442.0
1464075904584237952,449,1464075904574672717,,1494.0,1442.0
1464075904628217417,450,1464075904608589970,,1493.0,1438.0
1464075904655141772,451,1464075904639971396,,1494.0,1436.0
1464075904677218432,452,1464075904660002592,,1494.0,1439.0
1464075904680359986,453,1464075904672698340,,1493.0,1439.0
1464075904729266417,454,1464075904689874752,,1493.0,1440.0
1464075904730049279,455,1464075904701855397,,1493.0,1441.0
1464075904753958434,456,1464075904733994633,,1494.0,1440.0
1464075904756147595,457,1464075904746367465,,1494.0,1440.0
1464075904824829650,458,1464075904764825436,,1494.0,1440.0
1464075904825085431,459,1464075904787617875,,1494.0,1440.0
1464075904825447722,460,1464075904791764583,,1494.0,1440.0
1464075904921315642,461,1464075904823532050,,1494.0,1440.0
1464075904921608349,462,1464075904868860834,,1494.0,1441.0
1464075904922051473,463,1464075904913548892,,1494.0,1445.0
1464075904994875965,464,1464075904957651690,,1493.0,1448.0
1464075905020011471,465,1464075905000364857,,1494.0,1448.0
1464075905080927193,466,1464075905010599829,,1493.0,1447.0
1464075905082128492,467,1464075905014879609,,1494.0,1444.0
1464075905083463332,468,1464075905061778911,,1493.0,1444.0
1464075905120713961,469,1464075905106927071,,1494.0,1447.0
1464075905159625055,470,1464075905152616063,,1493.0,1447.0
1464075905200453851,471,1464075905197967712,,1493.0,1448.0
1464075905210525752,472,1464075905206673314,,1494.0,1446.0
1464075905240826399,473,1464075905229026483,,1494.0,1446.0
1464075905246962998,474,1464075905241965980,,1494.0,1446.0
1464075905262833893,475,1464075905258623956,,1493.0,1446.0
1464075905283350035,476,1464075905278695933,,1494.0,1446.0
1464075905314143234,477,1464075905298778848,,1494.0,1446.0
1464075905354269220,478,1464075905333548963,,1494.0,1446.0
1464075905471702499,479,1464075905354288804,,1494.0,1447.0
1464075905473139943,480,1464075905375699007,,1494.0,1447.0
1464075905474446502,481,1464075905401692062,,1493.0,1447.0
1464075905475357021,482,1464075905420469772,,1494.0,1447.0
1464075905476182904,483,1464075905442521275,,1494.0,1447.0
1464075905476986131,484,1464075905463569240,,1494.0,1448.0
1464075906063471902,485,1464075905485202150,,1493.0,1448.0
1464075906063946067,486,1464075905506872509,,1494.0,1448.0
1464075906063997473,487,1464075905527720578,,1494.0,1448.0
1464075906064333202,488,1464075905549092240,,1494.0,1448.0
1464075906064863200,489,1464075905569710726,,1493.0,1448.0
1464075906064910961,490,1464075905592155041,,1493.0,1448.0
1464075906064945544,491,1464075905612756236,,1494.0,1448.0
1464075906064985596,492,1464075905634470292,,1494.0,1448.0
1464075906065502209,493,1464075905655054143,,1493.0,1449.0
1464075906065553303,494,1464075905677356739,,1495.0,1449.0
1464075906065917260,495,1464075905700392094,,1493.0,1449.0
1464075906066257624,496,1464075905723872656,,1493.0,1449.0
1464075906066539185,497,1464075905745041558,,1495.0,1449.0
1464075906067964286,498,1464075905767414831,,1493.0,1449.0
1464075906068009806,499,1464075905789219981,,1494.0,1449.0
1464075906068249441,500,1464075905810336643,,1494.0,1448.0
1464075906068520899,501,1464075905831967783,,1494.0,1448.0
1464075906068819804,502,1464075905852852102,,1494.0,1447.0
1464075906069165324,503,1464075905875681572,,1494.0,1447.0
1464075906069508448,504,1464075905894721469,,1494.0,1447.0
1464075906069896624,505,1464075905916338494,,1494.0,1447.0
1464075906069948083,506,1464075905938334373,,1494.0,1447.0
1464075906070311832,507,1464075905961782748,,1494.0,1448.0
1464075906070957299,508,1464075905984156958,,1494.0,1448.0
1464075906071006778,509,1464075906007876739,,1494.0,1447.0
1464075906071362975,510,1464075906030361314,,1494.0,1447.0
1464075906071792973,511,1464075906055090206,,1493.0,1448.0
1464075906488773678,512,1464075906077531291,,1493.0,1447.0
1464075906489049615,513,1464075906102700807,,1494.0,1447.0
1464075906489314823,514,1464075906124775592,,1494.0,1447.0
1464075906489565187,515,1464075906147776988,,1494.0,1447.0
1464075906489828311,516,1464075906171439217,,1494.0,1447.0
1464075906490108935,517,1464075906193261606,,1494.0,1447.0
1464075906490386486,518,1464075906216528731,,1493.0,1447.0
1464075906490641329,519,1464075906240758718,,1494.0,1447.0
1464075906491934243,520,1464075906263330845,,1494.0,1447.0
1464075906492253356,521,1464075906284802506,,1493.0,1447.0
1464075906492553564,522,1464075906307990517,,1494.0,1448.0
1464075906492818042,523,1464075906330853425,,1494.0,1448.0
1464075906493090802,524,1464075906352976126,,1494.0,1448.0
1464075906493343093,525,1464075906374829140,,1494.0,1448.0
1464075906493637936,526,1464075906399386001,,1493.0,1448.0
1464075906493908092,527,1464075906424223018,,1494.0,1449.0
1464075906494211632,528,1464075906445627804,,1494.0,1449.0
1464075906494626944,529,1464075906465783115,,1494.0,1449.0
1464075907495978530,530,1464075906494626788,,1494.0,1448.0
1464075907505278453,531,1464075906526017224,,1493.0,1447.0
1464075907505332046,532,1464075906553806629,,1493.0,1447.0
1464075907505372202,533,1464075906577368545,,1494.0,1447.0
1464075907505409077,534,1464075906600170359,,1493.0,1447.0
1464075907505446213,535,1464075906625788155,,1494.0,1447.0
1464075907505479442,536,1464075906649941006,,1494.0,1446.0
1464075907505512879,537,1464075906670796732,,1494.0,1446.0
1464075907505546160,538,1464075906690622668,,1494.0,1446.0
1464075907505579650,539,1464075906709145431,,1493.0,1447.0
1464075907505613191,540,1464075906733869011,,1494.0,1443.0
1464075907505646108,541,1464075906759083839,,1494.0,1445.0
1464075907505680952,542,1464075906783556534,,1493.0,1444.0
1464075907505717931,543,1464075906809843234,,1494.0,1444.0
1464075907505757462,544,1464075906834825667,,1494.0,1444.0
1464075907505793712,545,1464075906859495601,,1494.0,1444.0
1464075907505830222,546,1464075906886365633,,1494.0,1444.0
1464075907505866420,547,1464075906912869208,,1491.0,1442.0
1464075907505902826,548,1464075906936492999,,1494.0,1443.0
1464075907505949545,549,1464075906960743350,,1494.0,1443.0
1464075907505985378,550,1464075906984129537,,1494.0,1443.0
1464075907506021680,551,1464075907011911963,,1494.0,1443.0
1464075907506057878,552,1464075907033444978,,1494.0,1443.0
1464075907506092877,553,1464075907056516948,,1494.0,1444.0
1464075907506126836,554,1464075907077439444,,1494.0,1443.0
1464075907506163763,555,1464075907099768082,,1494.0,1444.0
1464075907506202148,556,1464075907121351045,,1494.0,1444.0
1464075907506238190,557,1464075907142483227,,1494.0,1444.0
1464075907506276106,558,1464075907164965511,,1493.0,1444.0
1464075907506311991,559,1464075907187446492,,1494.0,1444.0
1464075907506347981,560,1464075907212293353,,1494.0,1444.0
1464075907506382460,561,1464075907234110169,,1493.0,1445.0
1464075907506418866,562,1464075907256763859,,1494.0,1445.0
1464075907506453710,563,1464075907278107187,,1493.0,1445.0
1464075907506488345,564,1464075907299695566,,1494.0,1446.0
1464075907506524647,565,1464075907322007225,,1494.0,1446.0
1464075907506561939,566,1464075907343099721,,1494.0,1446.0
1464075907506609334,567,1464075907364297997,,1493.0,1446.0
1464075907506650272,568,1464075907386661114,,1495.0,1447.0
1464075907506688397,569,1464075907413699844,,1498.0,1449.0
1464075907506724282,570,1464075907435438119,,1498.0,1448.0
1464075907506760792,571,1464075907456934051,,1498.0,1448.0
1464075907506798761,572,1464075907478985502,,1498.0,1448.0
1464075907506836834,573,1464075907501716223,,1498.0,1448.0
1464075908690428816,574,1464075907523205592,,1498.0,1448.0
1464075908690784701,575,1464075907544591889,,1499.0,1448.0
1464075908691269856,576,1464075907566029123,,1498.0,1448.0
1464075908691525741,577,1464075907587749221,,1499.0,1447.0
1464075908691779646,578,1464075907610099422,,1499.0,1447.0
1464075908692072614,579,1464075907631837488,,1506.0,1446.0
1464075908693607870,580,1464075907653633524,,1529.0,1446.0
1464075908694113546,581,1464075907676219921,,1580.0,1445.0
1464075908694430733,582,1464075907698481372,,1580.0,1445.0
1464075908694702607,583,1464075907720746000,,1580.0,1445.0
1464075908694946513,584,1464075907742423754,,1580.0,1446.0
1464075908695185002,585,1464075907763592604,,1580.0,1442.0
1464075908695419636,586,1464075907788023892,,1580.0,1444.0
1464075908695664115,587,1464075907810138521,,1580.0,1442.0
1464075908696236717,588,1464075907831382370,,1580.0,1444.0
1464075908696963591,589,1464075907852554865,,1580.0,1442.0
1464075908697985671,590,1464075907873864912,,1580.0,1444.0
1464075908698322701,591,1464075907896470477,,1580.0,1444.0
1464075908698621711,592,1464075907919790414,,1580.0,1458.0
1464075908699387022,593,1464075907942415093,,1580.0,1425.0
1464075908700362071,594,1464075907964449513,,1580.0,1439.0
1464075908700996132,595,1464075907987769451,,1580.0,1434.0
1464075908703120657,596,1464075908012547874,,1580.0,1438.0
1464075908703657218,597,1464075908037151506,,1580.0,1439.0
1464075908704023520,598,1464075908061185660,,1580.0,1436.0
1464075908704333310,599,1464075908086305332,,1580.0,1434.0
1464075908704620862,600,1464075908111875316,,1580.0,1433.0
1464075908704914871,601,1464075908135231972,,1580.0,1434.0
1464075908705184037,602,1464075908159056127,,1580.0,1432.0
1464075908705446328,603,1464075908184352153,,1580.0,1430.0
1464075908705717890,604,1464075908211382809,,1580.0,1420.0
1464075908706357159,605,1464075908234166290,,1580.0,1425.0
1464075908706766481,606,1464075908258522162,,1580.0,1427.0
1464075908707062261,607,1464075908283119961,,1580.0,1427.0
1464075908708088092,608,1464075908306353440,,1580.0,1429.0
1464075908708449341,609,1464075908329287649,,1580.0,1418.0
1464075908710453919,610,1464075908352550139,,1580.0,1414.0
1464075908711406000,611,1464075908383248807,,1580.0,1406.0
1464075908712417924,612,1464075908406611036,,1580.0,1414.0
1464075908714547658,613,1464075908430420555,,1580.0,1417.0
1464075908715084584,614,1464075908453054609,,1580.0,1413.0
1464075908715356822,615,1464075908476131631,,1580.0,1421.0
1464075908715616197,616,1464075908500231566,,1580.0,1438.0
1464075908715870779,617,1464075908525152332,,1580.0,1438.0
1464075908716152758,618,1464075908552395697,,1580.0,1434.0
1464075908716450778,619,1464075908582189992,,1580.0,1439.0
1464075908716947547,620,1464075908615003185,,1580.0,1435.0
1464075908718274627,621,1464075908661443582,,1580.0,1469.0
1464075908719232125,622,1464075908705650234,,1580.0,1494.0
1464075908956334874,623,1464075908754076510,,1580.0,1514.0
1464075908956602426,624,1464075908804576427,,1580.0,1552.0
1464075908956857269,625,1464075908854358221,,1580.0,1513.0
1464075908957114664,626,1464075908862246272,,1580.0,1501.0
1464075908957618985,627,1464075908866797875,,1580.0,1484.0
1464075908958452369,628,1464075908913986550,,1580.0,1484.0
1464075908959057211,629,1464075908942757463,,1580.0,1423.0
1464075908980171842,630,1464075908951857022,,1580.0,1447.0
1464075908993401025,631,1464075908987964373,,1580.0,1469.0
1464075909018434499,632,1464075909013579877,,1580.0,1579.0
1464075909071272795,633,1464075909046950152,,1580.0,1447.0
1464075909152137422,634,1464075909071394774,,1580.0,1411.0
1464075909152171901,635,1464075909090317484,,1580.0,1405.0
1464075909152944764,636,1464075909103828385,,1580.0,1396.0
1464075909152996639,637,1464075909115748770,,1580.0,1388.0
1464075909153031326,638,1464075909138007252,,1580.0,1421.0
1464075909195064078,639,1464075909165680980,,1580.0,1343.0
1464075909205841653,640,1464075909201024166,,1580.0,1364.0
1464075909273326264,641,1464075909222889160,,1580.0,1379.0
1464075909273937929,642,1464075909242254160,,1580.0,1391.0
1464075909273978866,643,1464075909269484555,,1580.0,1408.0
1464075909308194764,644,1464075909292884024,,1580.0,1419.0
1464075909414658124,645,1464075909312275222,,1580.0,1420.0
1464075909415014426,646,1464075909333030427,,1580.0,1439.0
1464075909415067550,647,1464075909353856569,,1580.0,1451.0
1464075909418365562,648,1464075909374574274,,1580.0,1463.0
1464075909419018477,649,1464075909394410366,,1580.0,1427.0
1464075909419086498,650,1464075909415840621,,1580.0,1521.0
1464075910040287436,651,1464075909435252132,,1580.0,1441.0
1464075910040337697,652,1464075909460458418,,1580.0,1473.0
1464075910040374468,653,1464075909483106326,,1580.0,1497.0
1464075910040411967,654,1464075909503934083,,1580.0,1478.0
1464075910040451967,655,1464075909524242258,,1580.0,1474.0
1464075910041158788,656,1464075909544898869,,1580.0,1476.0
1464075910041259517,657,1464075909564958815,,1580.0,1467.0
1464075910041324152,658,1464075909585570218,,1580.0,1468.0
1464075910041361548,659,1464075909605682821,,1580.0,1459.0
1464075910042021286,660,1464075909627188180,,1580.0,1455.0
1464075910042072848,661,1464075909650916033,,1580.0,1457.0
1464075910042107536,662,1464075909678770593,,1580.0,1467.0
1464075910042870607,663,1464075909702599957,,1580.0,1429.0
1464075910042918367,664,1464075909724195315,,1580.0,1439.0
1464075910043217949,665,1464075909742758703,,1580.0,1439.0
1464075910043367012,666,1464075909762551462,,1580.0,1438.0
1464075910043408991,667,1464075909782523284,,1580.0,1437.0
1464075910043438834,668,1464075909809994512,,1580.0,1437.0
1464075910043469199,669,1464075909829563835,,1580.0,1436.0
1464075910043549042,670,1464075909851010079,,1580.0,1446.0
1464075910043706021,671,1464075909869434509,,1580.0,1429.0
1464075910044000135,672,1464075909888766489,,1580.0,1443.0
1464075910044263363,673,1464075909907070190,,1580.0,1438.0
1464075910044542061,674,1464075909933722774,,1580.0,1454.0
1464075910044600342,675,1464075909954522823,,1580.0,1452.0
1464075910044638362,676,1464075909975936099,,1580.0,1442.0
1464075910044676435,677,1464075909996741199,,1580.0,1444.0
1464075910047194345,678,1464075910017154790,,1580.0,1437.0
1464075910047272678,679,1464075910040433322,,1580.0,1443.0
1464075910414845286,680,1464075910063180396,,1580.0,1448.0
1464075910414939036,681,1464075910081610138,,1580.0,1446.0
1464075910415004973,682,1464075910106710748,,1580.0,1450.0
1464075910415044661,683,1464075910141115656,,1580.0,1456.0
1464075910415078359,684,1464075910183136428,,1580.0,1464.0
1464075910415116431,685,1464075910220678776,,1580.0,1477.0
1464075910415153879,686,1464075910251043538,,1580.0,1454.0
1464075910415188254,687,1464075910291513534,,1580.0,1457.0
1464075910415221587,688,1464075910316302946,,1580.0,1478.0
1464075910415259348,689,1464075910328711038,,1580.0,1446.0
1464075910415298566,690,1464075910364481203,,1580.0,1457.0
1464075910415530962,691,1464075910385656927,,1580.0,1505.0
1464075910421998705,692,1464075910399976368,,1580.0,1460.0
1464075910459815322,693,1464075910417914809,,1580.0,1461.0
1464075910460115530,694,1464075910438440536,,1580.0,1463.0
1464075910460500633,695,1464075910453517422,,1580.0,1460.0
1464075910525366448,696,1464075910475998508,,1580.0,1430.0
1464075910525421396,697,1464075910503686559,,1580.0,1452.0
1464075910568079615,698,1464075910546662433,,1580.0,1466.0
1464075910585159257,699,1464075910572497207,,1580.0,1447.0
1464075910615647144,700,1464075910609228984,,1580.0,1456.0
1464075910636277661,701,1464075910621065098,,1580.0,1463.0
1464075910686061851,702,1464075910650448248,,1580.0,1437.0
1464075910686102840,703,1464075910670361164,,1580.0,1452.0
1464075910779002174,704,1464075910692958916,,1580.0,1413.0
1464075910779309830,705,1464075910716460728,,1580.0,1364.0
1464075910779802381,706,1464075910742477012,,1580.0,1415.0
1464075910780225348,707,1464075910776066505,,1580.0,1431.0
1464075910816190564,708,1464075910809882144,,1580.0,1250.0
1464075910858133785,709,1464075910829725788,,1580.0,1394.0
1464075910858607430,710,1464075910838852847,,1580.0,1397.0
1464075910868427456,711,1464075910857267902,,1580.0,1397.0
1464075910885136369,712,1464075910876412486,,1580.0,1435.0
1464075910936645762,713,1464075910893863429,,1580.0,1403.0
1464075910936680970,714,1464075910924244598,,1580.0,1488.0
1464075910964243761,715,1464075910941179240,,1580.0,1443.0
1464075910987946823,716,1464075910971953376,,1580.0,1438.0
1464075910987983072,717,1464075910986150161,,1580.0,1469.0
1464075911053050033,718,1464075911015647634,,1580.0,1466.0
1464075911053091908,719,1464075911035946277,,1580.0,1465.0
1464075911156334027,720,1464075911049225252,,1580.0,1445.0
1464075911182502343,721,1464075911078521267,,1580.0,1460.0
1464075911183007862,722,1464075911117158091,,1580.0,1441.0
1464075911183122393,723,1464075911153686430,,1580.0,1447.0
1464075911207630504,724,1464075911195919390,,1580.0,1450.0
1464075911242058641,725,1464075911236578291,,1580.0,1447.0
1464075911338942183,726,1464075911275990529,,1580.0,1426.0
1464075911339360203,727,1464075911319697548,,1580.0,1478.0
1464075911362935088,728,1464075911358166403,,1580.0,1407.0
1464075911442384823,729,1464075911402181389,,1580.0,1447.0
1464075911486288820,730,1464075911445781949,,1580.0,1440.0
1464075911521322892,731,1464075911488996521,,1580.0,1465.0
1464075911562538615,732,1464075911531181043,,1580.0,1458.0
1464075911580600129,733,1464075911575054207,,1580.0,1488.0
1464075911628986666,734,1464075911622784235,,1580.0,1447.0
1464075911680589913,735,1464075911673446912,,1580.0,1475.0
1464075911747543223,736,1464075911721214336,,1580.0,1472.0
1464075911754190601,737,1464075911738383039,,1580.0,1459.0
1464075911763129067,738,1464075911758674756,,1580.0,1428.0
1464075911817173297,739,1464075911793102320,,1580.0,1453.0
1464075911817823087,740,1464075911812066123,,1580.0,1462.0
1464075911839656674,741,1464075911832141121,,1580.0,1436.0
1464075911852535285,742,1464075911849723626,,1580.0,1412.0
1464075911872847887,743,1464075911870286905,,1580.0,1437.0
1464075911904267334,744,1464075911889930289,,1580.0,1433.0
1464075911914995847,745,1464075911910606328,,1580.0,1440.0
1464075911942887022,746,1464075911930325337,,1580.0,1434.0
1464075911954255013,747,1464075911949951222,,1580.0,1457.0
1464075911990772102,748,1464075911980503015,,1580.0,1425.0
1464075912020307752,749,1464075912012876262,,1580.0,1445.0
1464075912045452789,750,1464075912039219264,,1580.0,1444.0
1464075912075809999,751,1464075912072344175,,1580.0,1441.0
1464075912098774313,752,1464075912095080677,,1580.0,1462.0
1464075912119993891,753,1464075912115932652,,1580.0,1447.0
1464075912140704461,754,1464075912134842862,,1580.0,1453.0
1464075912251907079,755,1464075912153108177,,1580.0,1432.0
1464075912251959110,756,1464075912176071501,,1580.0,1475.0
1464075912251997808,757,1464075912196213947,,1580.0,1441.0
1464075912254298479,758,1464075912216426654,,1580.0,1450.0
1464075912254358271,759,1464075912235868424,,1580.0,1448.0
1464075912578929796,760,1464075912255535715,,1580.0,1467.0
1464075912579211149,761,1464075912274431133,,1580.0,1445.0
1464075912579483076,762,1464075912302080851,,1580.0,1451.0
1464075912579771148,763,1464075912326342088,,1580.0,1435.0
1464075912580051928,764,1464075912352051186,,1580.0,1457.0
1464075912580326042,765,1464075912376060705,,1580.0,1473.0
1464075912580615677,766,1464075912397947990,,1580.0,1430.0
1464075912581917340,767,1464075912418514757,,1580.0,1429.0
1464075912582239787,768,1464075912441265999,,1580.0,1472.0
1464075912583402961,769,1464075912463678855,,1580.0,1449.0
1464075912583752127,770,1464075912484675778,,1580.0,1459.0
1464075912584051397,771,1464075912503440259,,1580.0,1445.0
1464075912585302175,772,1464075912523131717,,1580.0,1438.0
1464075912585685768,773,1464075912542329061,,1580.0,1460.0
1464075912591857105,774,1464075912564132232,,1580.0,1450.0
1464075912592271792,775,1464075912586708890,,1580.0,1443.0
1464075912881102163,776,1464075912605972744,,1580.0,1468.0
1464075912881374662,777,1464075912629456796,,1580.0,1438.0
1464075912882935960,778,1464075912651228248,,1580.0,1450.0
1464075912883335907,779,1464075912672457045,,1580.0,1447.0
1464075912883633250,780,1464075912692626835,,1580.0,1444.0
1464075912883904551,781,1464075912714473599,,1580.0,1442.0
1464075912884151478,782,1464075912736198854,,1580.0,1451.0
1464075912884420696,783,1464075912764661069,,1550.0,1422.0
1464075912884699653,784,1464075912788138037,,1537.0,1463.0
1464075912884937986,785,1464075912811259173,,1518.0,1448.0
1464075912886372149,786,1464075912830357924,,1501.0,1439.0
1464075912886693919,787,1464075912851200629,,1498.0,1446.0
1464075912887117251,788,1464075912882304243,,1498.0,1456.0
1464075913089529156,789,1464075912925302253,,1493.0,1442.0
1464075913090081446,790,1464075912951044267,,1354.0,1447.0
1464075913091862952,791,1464075912972810823,,1354.0,1450.0
1464075913092320242,792,1464075912995635241,,1242.0,1442.0
1464075913092634096,793,1464075913018858096,,1150.0,1491.0
1464075913092912168,794,1464075913042668553,,1050.0,1443.0
1464075913093437166,795,1464075913067981141,,1035.0,1432.0
1464075913095212214,796,1464075913090624778,,1035.0,1438.0
1464075913264031917,797,1464075913112794094,,1042.0,1372.0
1464075913266109933,798,1464075913134259922,,1035.0,1481.0
1464075913267934511,799,1464075913158617252,,1034.0,1355.0
1464075913268610395,800,1464075913179223759,,1035.0,1388.0
1464075913269233310,801,1464075913201813543,,1035.0,1391.0
1464075913269834766,802,1464075913225045043,,1034.0,1382.0
1464075913270371275,803,1464075913246832641,,1034.0,1378.0
1464075913273526163,804,1464075913269138831,,1034.0,1386.0
1464075913388054918,805,1464075913284316238,,1022.0,1399.0
1464075913388541636,806,1464075913303749623,,1034.0,1386.0
1464075913389115228,807,1464075913325843991,,1034.0,1385.0
1464075913391956783,808,1464075913345318522,,1049.0,1412.0
1464075913392639281,809,1464075913365160865,,1049.0,1467.0
1464075913394130891,810,1464075913385119041,,1050.0,1596.0
1464075914155274476,811,1464075913407746011,,1050.0,1650.0
1464075914155562808,812,1464075913423879614,,1049.0,1686.0
1464075914155854943,813,1464075913433553598,,1061.0,1662.0
1464075914156122286,814,1464075913451372978,,1061.0,1541.0
1464075914156385879,815,1464075913476562389,,1078.0,1603.0
1464075914156638430,816,1464075913499109152,,1082.0,1668.0
1464075914159323840,817,1464075913520374615,,1095.0,1723.0
1464075914160423576,818,1464075913540455082,,1098.0,1750.0
1464075914160717690,819,1464075913562491430,,1098.0,1618.0
1464075914160987116,820,1464075913582551220,,1098.0,1522.0
1464075914161271230,821,1464075913606320270,,1098.0,1454.0
1464075914161565032,822,1464075913626316363,,1130.0,1419.0
1464075914161826020,823,1464075913650154892,,1126.0,1379.0
1464075914162080134,824,1464075913673761912,,1146.0,1250.0
1464075914162346488,825,1464075913694615867,,1146.0,1250.0
1464075914162614039,826,1464075913715235968,,1159.0,1250.0
1464075914162863361,827,1464075913738623353,,1194.0,1250.0
1464075914163145809,828,1464075913760905168,,1205.0,1250.0
1464075914163430131,829,1464075913782818808,,1205.0,1250.0
1464075914163732057,830,1464075913804478333,,1205.0,1250.0
1464075914163993410,831,1464075913826274368,,1223.0,1250.0
1464075914164246170,832,1464075913849425244,,1226.0,1250.0
1464075914164484920,833,1464075913870981957,,1240.0,1250.0
1464075914164738565,834,1464075913890421175,,1258.0,1298.0
1464075914165007887,835,1464075913911802212,,1258.0,1319.0
1464075914165269397,836,1464075913934494390,,1289.0,1356.0
1464075914165528511,837,1464075913954068244,,1333.0,1396.0
1464075914167820327,838,1464075913976691048,,1385.0,1424.0
1464075914168181576,839,1464075913992069080,,1386.0,1489.0
1464075914168477201,840,1464075914013964229,,1494.0,1726.0
1464075914168742773,841,1464075914036640627,,1493.0,1471.0
1464075914169003866,842,1464075914062138996,,1495.0,1475.0
1464075914169262563,843,1464075914085796328,,1494.0,1555.0
1464075914169535687,844,1464075914109398349,,1493.0,1726.0
1464075914169806989,845,1464075914131847663,,1494.0,1750.0
1464075914170197769,846,1464075914155009632,,1494.0,1750.0
1464075914334268631,847,1464075914182488673,,1494.0,1657.0
1464075914334666442,848,1464075914203710596,,1494.0,1580.0
1464075914334946025,849,1464075914222175077,,1494.0,1520.0
1464075914335461857,850,1464075914270881145,,1494.0,1442.0
1464075914335827950,851,1464075914311486505,,1494.0,1250.0
1464075914366709950,852,1464075914357180236,,1494.0,1373.0
1464075914448760564,853,1464075914426707602,,1494.0,1723.0
1464075914450296549,854,1464075914438401216,,1494.0,1707.0
1464075914482944587,855,1464075914472111543,,1494.0,1548.0
1464075914483344638,856,1464075914478722254,,1494.0,1533.0
1464075914530856437,857,1464075914523985414,,1494.0,1545.0
1464075914573865853,858,1464075914562552342,,1494.0,1612.0
1464075914603670148,859,1464075914591634243,,1494.0,1585.0
1464075914672255693,860,1464075914603186139,,1494.0,1597.0
1464075914673407982,861,1464075914630955544,,1493.0,1568.0
1464075914768572154,862,1464075914668248725,,1494.0,1597.0
1464075914768820435,863,1464075914680647754,,1493.0,1587.0
1464075914769060226,864,1464075914708302107,,1494.0,1585.0
1464075914769306683,865,1464075914729772727,,1493.0,1588.0
1464075914769808088,866,1464075914735583076,,1493.0,1591.0
1464075914770199754,867,1464075914755630418,,1494.0,1581.0
1464075914805567576,868,1464075914792377351,,1493.0,1605.0
1464075914829737407,869,1464075914813905626,,1494.0,1593.0
1464075914850173862,870,1464075914837334522,,1494.0,1594.0
1464075914866072413,871,1464075914860052638,,1494.0,1594.0
1464075914886321890,872,1464075914881652267,,1494.0,1594.0
1464075914933260514,873,1464075914903513042,,1493.0,1594.0
1464075914934058273,874,1464075914925496837,,1493.0,1594.0
1464075914998129351,875,1464075914947702507,,1494.0,1594.0
1464075914998692058,876,1464075914969429949,,1494.0,1594.0
1464075914999054453,877,1464075914991090984,,1494.0,1594.0
1464075915213116379,878,1464075915012783999,,1494.0,1594.0
1464075915213400440,879,1464075915033478058,,1494.0,1593.0
1464075915213922470,880,1464075915057073203,,1494.0,1593.0
1464075915214410125,881,1464075915078551948,,1494.0,1592.0
1464075915214711322,882,1464075915098528040,,1493.0,1591.0
1464075915215004030,883,1464075915118728663,,1494.0,1590.0
1464075915215274550,884,1464075915140819125,,1493.0,1589.0
1464075915215577310,885,1464075915161706673,,1493.0,1588.0
1464075915215856684,886,1464075915183550416,,1494.0,1588.0
1464075915216210954,887,1464075915204384267,,1494.0,1587.0
1464075915291686637,888,1464075915238041937,,1494.0,1586.0
1464075915292066323,889,1464075915275553555,,1493.0,1580.0
1464075915330679501,890,1464075915312634966,,1494.0,1583.0
1464075915334800063,891,1464075915325934774,,1494.0,1576.0
1464075915640587680,892,1464075915355581205,,1494.0,1579.0
1464075915640880805,893,1464075915378633331,,1494.0,1578.0
1464075915641172575,894,1464075915398724318,,1493.0,1577.0
1464075915641439813,895,1464075915412774125,,1493.0,1576.0
1464075915641741531,896,1464075915426241588,,1493.0,1575.0
1464075915643090017,897,1464075915453872452,,1495.0,1580.0
1464075915643486370,898,1464075915479228582,,1494.0,1567.0
1464075915643775536,899,1464075915501871177,,1494.0,1571.0
1464075915644059390,900,1464075915524514346,,1494.0,1570.0
1464075915644334389,901,1464075915554676973,,1494.0,1569.0
1464075915644610378,902,1464075915582856168,,1494.0,1568.0
1464075915645144387,903,1464075915614138064,,1494.0,1559.0
1464075915645559386,904,1464075915642452467,,1494.0,1564.0
1464075915773184616,905,1464075915669786040,,1494.0,1556.0
1464075915773224460,906,1464075915696414406,,1493.0,1560.0
1464075915773333887,907,1464075915721204860,,1494.0,1559.0
1464075915773447689,908,1464075915746490626,,1494.0,1558.0
1464075915889632013,909,1464075915781094335,,1494.0,1550.0
1464075915889896491,910,1464075915805637967,,1494.0,1555.0
1464075915890395708,911,1464075915834118672,,1494.0,1553.0
1464075915890728260,912,1464075915863764686,,1494.0,1546.0
1464075915929280292,913,1464075915891429664,,1494.0,1551.0
1464075915929318156,914,1464075915920193337,,1493.0,1548.0
1464075915969849714,915,1464075915953167051,,1493.0,1541.0
1464075915991520125,916,1464075915981487860,,1494.0,1546.0
1464075916026649406,917,1464075916014107356,,1494.0,1538.0
1464075916155537602,918,1464075916043412642,,1494.0,1548.0
1464075916157322076,919,1464075916078234319,,1494.0,1536.0
1464075916165268461,920,1464075916109086528,,1494.0,1540.0
1464075916165337263,921,1464075916138865146,,1494.0,1533.0
1464075916270079742,922,1464075916171929172,,1493.0,1537.0
1464075916270344325,923,1464075916202862423,,1494.0,1530.0
1464075916270775678,924,1464075916232313229,,1493.0,1534.0
1464075916300164089,925,1464075916270574272,,1494.0,1528.0
1464075916300578359,926,1464075916296920920,,1494.0,1531.0
1464075916331030569,927,1464075916323571526,,1493.0,1531.0
1464075916381164028,928,1464075916354228371,,1494.0,1524.0
1464075916428981608,929,1464075916382096005,,1494.0,1528.0
1464075916429411971,930,1464075916408635517,,1494.0,1527.0
1464075916443408236,931,1464075916438116323,,1493.0,1522.0
1464075916483179692,932,1464075916466668226,,1494.0,1525.0
1464075916540914329,933,1464075916494411433,,1494.0,1524.0
1464075916547170770,934,1464075916525723015,,1493.0,1519.0
1464075916619657868,935,1464075916551623258,,1494.0,1522.0
1464075916620154741,936,1464075916581346460,,1494.0,1521.0
1464075916620590730,937,1464075916611192786,,1493.0,1516.0
1464075916719813172,938,1464075916635658293,,1493.0,1519.0
1464075916721316293,939,1464075916660522862,,1493.0,1518.0
1464075916722965038,940,1464075916682889104,,1494.0,1518.0
1464075916724460659,941,1464075916712084026,,1494.0,1514.0
1464075916832392141,942,1464075916739750775,,1494.0,1516.0
1464075916832775369,943,1464075916765848465,,1494.0,1516.0
1464075916834623437,944,1464075916792174332,,1493.0,1515.0
1464075916836312547,945,1464075916823930653,,1493.0,1511.0
1464075917106441406,946,1464075916853726250,,1494.0,1514.0
1464075917106479583,947,1464075916880507741,,1493.0,1513.0
1464075917107158852,948,1464075916912291354,,1493.0,1509.0
1464075917107280831,949,1464075916940678205,,1494.0,1511.0
1464075917115241122,950,1464075916967855319,,1494.0,1508.0
1464075917115637475,951,1464075916996915606,,1494.0,1510.0
1464075917115683933,952,1464075917023113348,,1494.0,1510.0
1464075917118979029,953,1464075917053668423,,1494.0,1511.0
1464075917119273195,954,1464075917086471772,,1494.0,1506.0
1464075917119461371,955,1464075917114699717,,1494.0,1508.0
1464075917550481986,956,1464075917143990837,,1493.0,1505.0
1464075917550536934,957,1464075917172040397,,1493.0,1507.0
1464075917553907446,958,1464075917198459388,,1494.0,1506.0
1464075917555061714,959,1464075917230306126,,1494.0,1504.0
1464075917555123120,960,1464075917254723508,,1494.0,1505.0
1464075917556372856,961,1464075917283415984,,1493.0,1505.0
1464075917556643584,962,1464075917313824704,,1494.0,1503.0
1464075917558356861,963,1464075917341730723,,1494.0,1504.0
1464075917558886860,964,1464075917366166439,,1493.0,1504.0
1464075917558935297,965,1464075917398211874,,1494.0,1502.0
1464075917558974203,966,1464075917425682581,,1494.0,1503.0
1464075917560104981,967,1464075917451791470,,1494.0,1503.0
1464075917560178158,968,1464075917483102948,,1494.0,1501.0
1464075917561449978,969,1464075917511038915,,1494.0,1502.0
1464075917562035549,970,1464075917544395023,,1494.0,1502.0
1464075917712977801,971,1464075917582613879,,1494.0,1500.0
1464075917713238841,972,1464075917614510877,,1494.0,1501.0
1464075917713436758,973,1464075917652241297,,1494.0,1500.0
1464075917713856548,974,1464075917686001571,,1494.0,1500.0
1464075917734998679,975,1464075917714721702,,1493.0,1500.0
1464075917754250711,976,1464075917745997191,,1494.0,1499.0
1464075917781750377,977,1464075917775223415,,1494.0,1500.0
1464075917819150016,978,1464075917801047669,,1494.0,1500.0
1464075917851371700,979,1464075917834643464,,1494.0,1499.0
1464075917866088744,980,1464075917863438230,,1494.0,1499.0
1464075917892489194,981,1464075917890039722,,1493.0,1499.0
1464075917963008172,982,1464075917919273966,,1494.0,1498.0
1464075918002119577,983,1464075917943333172,,1494.0,1499.0
1464075918002413222,984,1464075917966166288,,1494.0,1499.0
1464075918141120871,985,1464075917994101005,,1493.0,1499.0
1464075918141476443,986,1464075918026070659,,1494.0,1498.0
1464075918141731495,987,1464075918053789908,,1494.0,1499.0
1464075918142234358,988,1464075918086579715,,1494.0,1498.0
1464075918142619773,989,1464075918114686307,,1494.0,1498.0
1464075918173066046,990,1464075918145853515,,1495.0,1498.0
1464075918278925502,991,1464075918174917656,,1494.0,1498.0
1464075918279205553,992,1464075918200499254,,1494.0,1498.0
1464075918279739979,993,1464075918230626204,,1494.0,1498.0
1464075918280039093,994,1464075918250870577,,1494.0,1498.0
1464075918281393724,995,1464075918270957034,,1494.0,1498.0
1464075918403171835,996,1464075918296638267,,1494.0,1498.0
1464075918403456678,997,1464075918323503247,,1494.0,1498.0
1464075918403969073,998,1464075918352704262,,1494.0,1498.0
1464075918404411832,999,1464075918384361261,,1494.0,1498.0
1464075918457284659,1000,1464075918411887176,,1494.0,1498.0
1464075918459265539,1001,1464075918442905375,,1494.0,1498.0
1464075918503505004,1002,1464075918471861287,,1495.0,1498.0
1464075918504023909,1003,1464075918500324439,,1494.0,1498.0
1464075918553098725,1004,1464075918530789149,,1493.0,1498.0
1464075918580581568,1005,1464075918556435174,,1494.0,1498.0
1464075918597272513,1006,1464075918583226092,,1494.0,1498.0
1464075918635590327,1007,1464075918611107528,,1493.0,1498.0
1464075918665151185,1008,1464075918636508762,,1493.0,1498.0
1464075918668798936,1009,1464075918663943011,,1493.0,1498.0
1464075918724569776,1010,1464075918693867618,,1493.0,1498.0
1464075918748145233,1011,1464075918723763215,,1493.0,1498.0
1464075918770722152,1012,1464075918748184868,,1494.0,1498.0
1464075918792107719,1013,1464075918775330369,,1493.0,1498.0
1464075918818358743,1014,1464075918806048724,,1494.0,1498.0
1464075918850697146,1015,1464075918833706827,,1494.0,1498.0
1464075918889823030,1016,1464075918858138897,,1494.0,1498.0
1464075918912863385,1017,1464075918890717247,,1494.0,1498.0
1464075918921550289,1018,1464075918916943791,,1494.0,1498.0
1464075918951673021,1019,1464075918946019651,,1493.0,1498.0
1464075918980113934,1020,1464075918977138005,,1494.0,1499.0
1464075919008320681,1021,1464075919005249075,,1493.0,1498.0
1464075919036926907,1022,1464075919031150099,,1494.0,1498.0
1464075919161190480,1023,1464075919071598376,,1494.0,1499.0
1464075919161475687,1024,1464075919093841025,,1494.0,1499.0
1464075919162005998,1025,1464075919121369232,,1494.0,1499.0
1464075919162413029,1026,1464075919146447342,,1493.0,1499.0
1464075919206363796,1027,1464075919174901276,,1493.0,1499.0
1464075919206771556,1028,1464075919199102618,,1494.0,1499.0
1464075919316634334,1029,1464075919232166123,,1495.0,1499.0
1464075919316949541,1030,1464075919258256157,,1493.0,1499.0
1464075919317529956,1031,1464075919288823367,,1493.0,1499.0
1464075919324331292,1032,1464075919317010114,,1494.0,1499.0
1464075919359519531,1033,1464075919345608683,,1494.0,1499.0
1464075919375973081,1034,1464075919373609546,,1493.0,1499.0
1464075919409915230,1035,1464075919406319406,,1494.0,1499.0
1464075919435040631,1036,1464075919432561106,,1494.0,1499.0
1464075919464687270,1037,1464075919460500979,,1493.0,1499.0
1464075919517806763,1038,1464075919496481925,,1494.0,1499.0
1464075919525831742,1039,1464075919523246332,,1493.0,1499.0
1464075919558734987,1040,1464075919555746245,,1493.0,1500.0
1464075919587377410,1041,1464075919584872156,,1493.0,1500.0
1464075919623469605,1042,1464075919622205285,,1494.0,1500.0
1464075919652905255,1043,1464075919646177409,,1493.0,1499.0
1464075919676550452,1044,1464075919674685301,,1494.0,1500.0
1464075919739553460,1045,1464075919697012949,,1493.0,1500.0
1464075919740039969,1046,1464075919723593607,,1493.0,1500.0
1464075919773938837,1047,1464075919769342495,,1494.0,1500.0
1464075919853851956,1048,1464075919820178609,,1494.0,1500.0
1464075919890023526,1049,1464075919865794007,,1494.0,1501.0
1464075919935766007,1050,1464075919914278617,,1493.0,1500.0
1464075919974267310,1051,1464075919963774265,,1493.0,1501.0
1464075920030110442,1052,1464075920021103955,,1494.0,1501.0
1464075920104838575,1053,1464075920072904910,,1493.0,1500.0
1464075920149122102,1054,1464075920129689550,,1494.0,1501.0
1464075920227984963,1055,1464075920159269314,,1493.0,1501.0
1464075920230225999,1056,1464075920204146381,,1494.0,1501.0
1464075920609522482,1057,1464075920230721102,,1494.0,1501.0
1464075920613149712,1058,1464075920252194481,,1494.0,1501.0
1464075920618449177,1059,1464075920277292748,,1494.0,1501.0
1464075920618792509,1060,1464075920306499075,,1493.0,1501.0
1464075920619083133,1061,1464075920332453120,,1493.0,1501.0
1464075920621789845,1062,1464075920355601496,,1493.0,1501.0
1464075920622133594,1063,1464075920378537059,,1493.0,1501.0
1464075920622441093,1064,1464075920401234863,,1493.0,1501.0
1464075920622724530,1065,1464075920423096679,,1494.0,1501.0
1464075920623027289,1066,1464075920446480315,,1494.0,1501.0
1464075920623315466,1067,1464075920489737595,,1494.0,1501.0
1464075920632387993,1068,1464075920533405602,,1494.0,1501.0
1464075920632729555,1069,1464075920560769852,,1494.0,1501.0
1464075920633004867,1070,1464075920586515877,,1493.0,1501.0
1464075920633481115,1071,1464075920610278573,,1493.0,1501.0
1464075920865926950,1072,1464075920632551274,,1496.0,1501.0
1464075920866244502,1073,1464075920654918818,,1494.0,1501.0
1464075920866516220,1074,1464075920676774124,,1494.0,1501.0
1464075920869400222,1075,1464075920700201249,,1494.0,1501.0
1464075920869764805,1076,1464075920721445359,,1494.0,1501.0
1464075920870045533,1077,1464075920744462016,,1494.0,1501.0
1464075920870655948,1078,1464075920766352426,,1494.0,1501.0
1464075920870955843,1079,1464075920789630853,,1494.0,1501.0
1464075920871226936,1080,1464075920807255441,,1494.0,1501.0
1464075920871474436,1081,1464075920821669777,,1494.0,1501.0
1464075920871910997,1082,1464075920835332605,,1494.0,1501.0
1464075921035608683,1083,1464075920870804333,,1495.0,1501.0
1464075921035887901,1084,1464075920906126530,,1493.0,1501.0
1464075921036157327,1085,1464075920936688844,,1493.0,1502.0
1464075921036422014,1086,1464075920955294419,,1493.0,1501.0
1464075921036706284,1087,1464075920974539888,,1494.0,1501.0
1464075921036985710,1088,1464075920997438785,,1494.0,1502.0
1464075921037885344,1089,1464075921018805499,,1494.0,1502.0
1464075921103255949,1090,1464075921040945752,,1494.0,1501.0
1464075921103777615,1091,1464075921063465848,,1494.0,1502.0
1464075921104193291,1092,1464075921086542036,,1494.0,1502.0
1464075921125228182,1093,1464075921106953648,,1494.0,1502.0
1464075921132832901,1094,1464075921126557918,,1494.0,1502.0
1464075921285899418,1095,1464075921148993535,,1493.0,1502.0
1464075921286190667,1096,1464075921167864526,,1493.0,1501.0
1464075921286477125,1097,1464075921191056912,,1494.0,1502.0
1464075921287873423,1098,1464075921213720028,,1494.0,1501.0
1464075921288490244,1099,1464075921234389087,,1494.0,1502.0
1464075921289509252,1100,1464075921254214920,,1494.0,1502.0
1464075921290339146,1101,1464075921274774760,,1494.0,1502.0
1464075921398764949,1102,1464075921291192477,,1494.0,1502.0
1464075921399500103,1103,1464075921306833424,,1494.0,1502.0
1464075921401888795,1104,1464075921329631488,,1494.0,1501.0
1464075921477670050,1105,1464075921350339714,,1494.0,1502.0
1464075921477841508,1106,1464075921370492941,,1494.0,1502.0
1464075921477888695,1107,1464075921390669398,,1494.0,1502.0
1464075921478042288,1108,1464075921411273509,,1494.0,1502.0
1464075921478827807,1109,1464075921430056219,,1494.0,1502.0
1464075921479192494,1110,1464075921452628086,,1493.0,1502.0
1464075921484505396,1111,1464075921471709128,,1493.0,1502.0
1464075922272148753,1112,1464075921494312505,,1494.0,1502.0
1464075922272487346,1113,1464075921515074845,,1494.0,1502.0
1464075922272783543,1114,1464075921537349994,,1494.0,1502.0
1464075922273313229,1115,1464075921559640559,,1494.0,1502.0
1464075922273771144,1116,1464075921581508573,,1493.0,1502.0
1464075922274072654,1117,1464075921603351223,,1494.0,1502.0
1464075922274393070,1118,1464075921623540752,,1494.0,1502.0
1464075922274672340,1119,1464075921644562936,,1494.0,1502.0
1464075922274941714,1120,1464075921665697254,,1493.0,1502.0
1464075922275202338,1121,1464075921685855221,,1493.0,1502.0
1464075922275449942,1122,1464075921705718344,,1493.0,1502.0
1464075922275832076,1123,1464075921725245271,,1494.0,1502.0
1464075922276276971,1124,1464075921745625217,,1494.0,1502.0
1464075922276648845,1125,1464075921765570371,,1494.0,1502.0
1464075922276946709,1126,1464075921787267553,,1494.0,1502.0
1464075922277246187,1127,1464075921809532597,,1494.0,1502.0
1464075922278212122,1128,1464075921829631450,,1494.0,1502.0
1464075922278790245,1129,1464075921849863583,,1494.0,1502.0
1464075922279260244,1130,1464075921866293539,,1494.0,1502.0
1464075922279706649,1131,1464075921881037718,,1494.0,1502.0
1464075922280041857,1132,1464075921906055307,,1493.0,1502.0
1464075922280291804,1133,1464075921926599575,,1494.0,1502.0
1464075922280526803,1134,1464075921948875401,,1493.0,1502.0
1464075922280773313,1135,1464075921972035860,,1494.0,1502.0
1464075922281027010,1136,1464075921993958457,,1493.0,1502.0
1464075922281297062,1137,1464075922016987197,,1494.0,1502.0
1464075922281563884,1138,1464075922038864118,,1493.0,1502.0
1464075922281995862,1139,1464075922067056594,,1494.0,1502.0
1464075922282600756,1140,1464075922088357058,,1494.0,1502.0
1464075922282989140,1141,1464075922110968872,,1494.0,1502.0
1464075922283334244,1142,1464075922133705270,,1494.0,1502.0
1464075922283670128,1143,1464075922164974978,,1494.0,1502.0
1464075922283943304,1144,1464075922201733160,,1494.0,1502.0
1464075922284487730,1145,1464075922243099039,,1493.0,1502.0
1464075922285266530,1146,1464075922282657422,,1494.0,1502.0
1464075922485037244,1147,1464075922316356290,,1494.0,1502.0
1464075922485584899,1148,1464075922356891755,,1494.0,1502.0
1464075922485906669,1149,1464075922404784074,,1494.0,1502.0
1464075922486323283,1150,1464075922451172075,,1495.0,1502.0
