%time,field.header.seq,field.header.stamp,field.header.frame_id,field.magnetic_field.x,field.magnetic_field.y,field.magnetic_field.z,field.magnetic_field_covariance0,field.magnetic_field_covariance1,field.magnetic_field_covariance2,field.magnetic_field_covariance3,field.magnetic_field_covariance4,field.magnetic_field_covariance5,field.magnetic_field_covariance6,field.magnetic_field_covariance7,field.magnetic_field_covariance8
1446040233755083868,339,1446040233454862117,robocape_mag,16.2,0.9,2.85,10.0,0.0,0.0,0.0,10.0,0.0,0.0,0.0,10.0
1446040233762890743,340,1446040233514786005,robocape_mag,15.9,0.6,2.55,10.0,0.0,0.0,0.0,10.0,0.0,0.0,0.0,10.0
1446040233763325784,341,1446040233550107002,robocape_mag,15.9,0.6,2.55,10.0,0.0,0.0,0.0,10.0,0.0,0.0,0.0,10.0
1446040233763705368,342,1446040233607780933,robocape_mag,15.9,0.6,2.55,10.0,0.0,0.0,0.0,10.0,0.0,0.0,0.0,10.0
1446040233763742993,343,1446040233650202035,robocape_mag,14.7,2.4,3.15,10.0,0.0,0.0,0.0,10.0,0.0,0.0,0.0,10.0
1446040233763824826,344,1446040233730504989,robocape_mag,14.7,2.4,3.15,10.0,0.0,0.0,0.0,10.0,0.0,0.0,0.0,10.0
1446040233782411451,345,1446040233776520967,robocape_mag,14.7,2.4,3.15,10.0,0.0,0.0,0.0,10.0,0.0,0.0,0.0,10.0
1446040233820841368,346,1446040233809022903,robocape_mag,14.4,1.5,2.25,10.0,0.0,0.0,0.0,10.0,0.0,0.0,0.0,10.0
1446040233871413368,347,1446040233854726076,robocape_mag,14.4,1.5,2.25,10.0,0.0,0.0,0.0,10.0,0.0,0.0,0.0,10.0
1446040233904655159,348,1446040233897255897,robocape_mag,14.4,1.5,2.25,10.0,0.0,0.0,0.0,10.0,0.0,0.0,0.0,10.0
1446040233936701243,349,1446040233931349039,robocape_mag,14.4,1.5,2.25,10.0,0.0,0.0,0.0,10.0,0.0,0.0,0.0,10.0
1446040233978424659,350,1446040233973551034,robocape_mag,14.4,1.5,2.85,10.0,0.0,0.0,0.0,10.0,0.0,0.0,0.0,10.0
1446040234013543493,351,1446040234008434057,robocape_mag,14.4,1.5,2.85,10.0,0.0,0.0,0.0,10.0,0.0,0.0,0.0,10.0
1446040234055254826,352,1446040234045767068,robocape_mag,14.4,1.5,2.85,10.0,0.0,0.0,0.0,10.0,0.0,0.0,0.0,10.0
1446040234090643493,353,1446040234081302881,robocape_mag,14.4,1.5,2.85,10.0,0.0,0.0,0.0,10.0,0.0,0.0,0.0,10.0
1446040234123592368,354,1446040234118724107,robocape_mag,13.8,1.5,2.85,10.0,0.0,0.0,0.0,10.0,0.0,0.0,0.0,10.0
1446040234158590118,355,1446040234153805971,robocape_mag,13.8,1.5,2.85,10.0,0.0,0.0,0.0,10.0,0.0,0.0,0.0,10.0
1446040234192975076,356,1446040234188046932,robocape_mag,13.8,1.5,2.85,10.0,0.0,0.0,0.0,10.0,0.0,0.0,0.0,10.0
1446040234227746493,357,1446040234222670078,robocape_mag,13.8,1.5,2.85,10.0,0.0,0.0,0.0,10.0,0.0,0.0,0.0,10.0
1446040234263415993,358,1446040234258402109,robocape_mag,13.8,1.5,2.85,10.0,0.0,0.0,0.0,10.0,0.0,0.0,0.0,10.0
1446040234301666785,359,1446040234296350955,robocape_mag,16.8,0.9,2.25,10.0,0.0,0.0,0.0,10.0,0.0,0.0,0.0,10.0
1446040234342767618,360,1446040234335285902,robocape_mag,16.8,0.9,2.25,10.0,0.0,0.0,0.0,10.0,0.0,0.0,0.0,10.0
1446040234375908118,361,1446040234371036052,robocape_mag,16.8,0.9,2.25,10.0,0.0,0.0,0.0,10.0,0.0,0.0,0.0,10.0
1446040234410681243,362,1446040234405836105,robocape_mag,16.8,0.9,2.25,10.0,0.0,0.0,0.0,10.0,0.0,0.0,0.0,10.0
1446040234447904660,363,1446040234440418958,robocape_mag,18.0,2.1,2.85,10.0,0.0,0.0,0.0,10.0,0.0,0.0,0.0,10.0
1446040234484164576,364,1446040234479262113,robocape_mag,18.0,2.1,2.85,10.0,0.0,0.0,0.0,10.0,0.0,0.0,0.0,10.0
1446040234518250826,365,1446040234513266086,robocape_mag,18.0,2.1,2.85,10.0,0.0,0.0,0.0,10.0,0.0,0.0,0.0,10.0
1446040234558955243,366,1446040234552484989,robocape_mag,18.0,2.1,2.85,10.0,0.0,0.0,0.0,10.0,0.0,0.0,0.0,10.0
1446040234595929118,367,1446040234590567111,robocape_mag,18.0,2.1,2.85,10.0,0.0,0.0,0.0,10.0,0.0,0.0,0.0,10.0
1446040234632499451,368,1446040234627263069,robocape_mag,18.3,1.2,1.95,10.0,0.0,0.0,0.0,10.0,0.0,0.0,0.0,10.0
1446040234667638826,369,1446040234662524938,robocape_mag,18.3,1.2,1.95,10.0,0.0,0.0,0.0,10.0,0.0,0.0,0.0,10.0
1446040234702228451,370,1446040234697215080,robocape_mag,18.3,1.2,1.95,10.0,0.0,0.0,0.0,10.0,0.0,0.0,0.0,10.0
1446040234737236576,371,1446040234732291936,robocape_mag,18.3,1.2,1.95,10.0,0.0,0.0,0.0,10.0,0.0,0.0,0.0,10.0
1446040234784083660,372,1446040234778400897,robocape_mag,13.8,-0.9,1.65,10.0,0.0,0.0,0.0,10.0,0.0,0.0,0.0,10.0
1446040234822165743,373,1446040234816283941,robocape_mag,13.8,-0.9,1.65,10.0,0.0,0.0,0.0,10.0,0.0,0.0,0.0,10.0
1446040234857956035,374,1446040234852055072,robocape_mag,13.8,-0.9,1.65,10.0,0.0,0.0,0.0,10.0,0.0,0.0,0.0,10.0
1446040234891195535,375,1446040234886131048,robocape_mag,13.8,-0.9,1.65,10.0,0.0,0.0,0.0,10.0,0.0,0.0,0.0,10.0
1446040234927517910,376,1446040234922630071,robocape_mag,18.0,-0.3,1.05,10.0,0.0,0.0,0.0,10.0,0.0,0.0,0.0,10.0
1446040234969451202,377,1446040234962591886,robocape_mag,18.0,-0.3,1.05,10.0,0.0,0.0,0.0,10.0,0.0,0.0,0.0,10.0
1446040235002401452,378,1446040234996728897,robocape_mag,18.0,-0.3,1.05,10.0,0.0,0.0,0.0,10.0,0.0,0.0,0.0,10.0
1446040235038109493,379,1446040235031054973,robocape_mag,18.0,-0.3,1.05,10.0,0.0,0.0,0.0,10.0,0.0,0.0,0.0,10.0
1446040235078838160,380,1446040235068320035,robocape_mag,18.0,-0.3,1.05,10.0,0.0,0.0,0.0,10.0,0.0,0.0,0.0,10.0
1446040235109776702,381,1446040235104701995,robocape_mag,13.2,1.5,3.45,10.0,0.0,0.0,0.0,10.0,0.0,0.0,0.0,10.0
1446040235144681993,382,1446040235139676094,robocape_mag,13.2,1.5,3.45,10.0,0.0,0.0,0.0,10.0,0.0,0.0,0.0,10.0
1446040235180060952,383,1446040235174958944,robocape_mag,13.2,1.5,3.45,10.0,0.0,0.0,0.0,10.0,0.0,0.0,0.0,10.0
1446040235214651035,384,1446040235209748983,robocape_mag,13.2,1.5,3.45,10.0,0.0,0.0,0.0,10.0,0.0,0.0,0.0,10.0
1446040235249252118,385,1446040235244225025,robocape_mag,15.6,2.7,2.85,10.0,0.0,0.0,0.0,10.0,0.0,0.0,0.0,10.0
1446040235287651410,386,1446040235282706022,robocape_mag,15.6,2.7,2.85,10.0,0.0,0.0,0.0,10.0,0.0,0.0,0.0,10.0
1446040235321909535,387,1446040235316967964,robocape_mag,15.6,2.7,2.85,10.0,0.0,0.0,0.0,10.0,0.0,0.0,0.0,10.0
1446040235359280035,388,1446040235354114055,robocape_mag,15.6,2.7,2.85,10.0,0.0,0.0,0.0,10.0,0.0,0.0,0.0,10.0
1446040235405021702,389,1446040235394961118,robocape_mag,15.6,1.5,1.65,10.0,0.0,0.0,0.0,10.0,0.0,0.0,0.0,10.0
1446040235439780410,390,1446040235431220054,robocape_mag,15.6,1.5,1.65,10.0,0.0,0.0,0.0,10.0,0.0,0.0,0.0,10.0
1446040235472159035,391,1446040235467092037,robocape_mag,15.6,1.5,1.65,10.0,0.0,0.0,0.0,10.0,0.0,0.0,0.0,10.0
1446040235506284368,392,1446040235501199007,robocape_mag,15.6,1.5,1.65,10.0,0.0,0.0,0.0,10.0,0.0,0.0,0.0,10.0
1446040235545768910,393,1446040235536346912,robocape_mag,15.6,1.5,1.65,10.0,0.0,0.0,0.0,10.0,0.0,0.0,0.0,10.0
1446040235577595118,394,1446040235572444915,robocape_mag,12.6,1.5,2.85,10.0,0.0,0.0,0.0,10.0,0.0,0.0,0.0,10.0
1446040235618510660,395,1446040235611843109,robocape_mag,12.6,1.5,2.85,10.0,0.0,0.0,0.0,10.0,0.0,0.0,0.0,10.0
1446040235660224160,396,1446040235651505947,robocape_mag,12.6,1.5,2.85,10.0,0.0,0.0,0.0,10.0,0.0,0.0,0.0,10.0
1446040235698139119,397,1446040235690064907,robocape_mag,12.6,1.5,2.85,10.0,0.0,0.0,0.0,10.0,0.0,0.0,0.0,10.0
1446040235731510702,398,1446040235726608991,robocape_mag,17.4,1.5,1.65,10.0,0.0,0.0,0.0,10.0,0.0,0.0,0.0,10.0
1446040235776599619,399,1446040235767669916,robocape_mag,17.4,1.5,1.65,10.0,0.0,0.0,0.0,10.0,0.0,0.0,0.0,10.0
1446040235810232244,400,1446040235803903102,robocape_mag,17.4,1.5,1.65,10.0,0.0,0.0,0.0,10.0,0.0,0.0,0.0,10.0
1446040235843928202,401,1446040235838881015,robocape_mag,17.4,1.5,1.65,10.0,0.0,0.0,0.0,10.0,0.0,0.0,0.0,10.0
1446040235881056952,402,1446040235872407913,robocape_mag,17.4,1.5,1.65,10.0,0.0,0.0,0.0,10.0,0.0,0.0,0.0,10.0
1446040235911845577,403,1446040235906348943,robocape_mag,12.6,1.5,4.05,10.0,0.0,0.0,0.0,10.0,0.0,0.0,0.0,10.0
1446040235949276410,404,1446040235942373991,robocape_mag,12.6,1.5,4.05,10.0,0.0,0.0,0.0,10.0,0.0,0.0,0.0,10.0
1446040235984001994,405,1446040235979074001,robocape_mag,12.6,1.5,4.05,10.0,0.0,0.0,0.0,10.0,0.0,0.0,0.0,10.0
1446040236017889535,406,1446040236012794017,robocape_mag,12.6,1.5,4.05,10.0,0.0,0.0,0.0,10.0,0.0,0.0,0.0,10.0
1446040236053695244,407,1446040236048537015,robocape_mag,15.3,2.4,3.15,10.0,0.0,0.0,0.0,10.0,0.0,0.0,0.0,10.0
1446040236094176535,408,1446040236083947896,robocape_mag,15.3,2.4,3.15,10.0,0.0,0.0,0.0,10.0,0.0,0.0,0.0,10.0
1446040236126612619,409,1446040236120275020,robocape_mag,15.3,2.4,3.15,10.0,0.0,0.0,0.0,10.0,0.0,0.0,0.0,10.0
1446040236161249494,410,1446040236156086921,robocape_mag,15.3,2.4,3.15,10.0,0.0,0.0,0.0,10.0,0.0,0.0,0.0,10.0
1446040236196715285,411,1446040236191462993,robocape_mag,15.3,2.4,3.15,10.0,0.0,0.0,0.0,10.0,0.0,0.0,0.0,10.0
1446040236232413869,412,1446040236227529048,robocape_mag,8.4,4.5,11.25,10.0,0.0,0.0,0.0,10.0,0.0,0.0,0.0,10.0
1446040236267753452,413,1446040236262845039,robocape_mag,8.4,4.5,11.25,10.0,0.0,0.0,0.0,10.0,0.0,0.0,0.0,10.0
1446040236301636077,414,1446040236296627998,robocape_mag,8.4,4.5,11.25,10.0,0.0,0.0,0.0,10.0,0.0,0.0,0.0,10.0
1446040236338869911,415,1446040236333761930,robocape_mag,8.4,4.5,11.25,10.0,0.0,0.0,0.0,10.0,0.0,0.0,0.0,10.0
1446040236379605827,416,1446040236372569084,robocape_mag,15.9,-30.6,1.95,10.0,0.0,0.0,0.0,10.0,0.0,0.0,0.0,10.0
1446040236418122077,417,1446040236410092115,robocape_mag,15.9,-30.6,1.95,10.0,0.0,0.0,0.0,10.0,0.0,0.0,0.0,10.0
1446040236456145869,418,1446040236446224927,robocape_mag,15.9,-30.6,1.95,10.0,0.0,0.0,0.0,10.0,0.0,0.0,0.0,10.0
1446040236485174036,419,1446040236480050086,robocape_mag,15.9,-30.6,1.95,10.0,0.0,0.0,0.0,10.0,0.0,0.0,0.0,10.0
1446040236519257286,420,1446040236513607025,robocape_mag,15.9,-22.2,-12.45,10.0,0.0,0.0,0.0,10.0,0.0,0.0,0.0,10.0
1446040236558653036,421,1446040236553406000,robocape_mag,-6.9,-22.2,-12.45,10.0,0.0,0.0,0.0,10.0,0.0,0.0,0.0,10.0
1446040236604201827,422,1446040236591365098,robocape_mag,-6.9,-22.2,-12.45,10.0,0.0,0.0,0.0,10.0,0.0,0.0,0.0,10.0
1446040236637446494,423,1446040236627645015,robocape_mag,-6.9,-22.2,-12.45,10.0,0.0,0.0,0.0,10.0,0.0,0.0,0.0,10.0
1446040236671630994,424,1446040236666524887,robocape_mag,-6.9,-22.2,-12.45,10.0,0.0,0.0,0.0,10.0,0.0,0.0,0.0,10.0
1446040236706543744,425,1446040236701385021,robocape_mag,14.1,-1.2,-18.45,10.0,0.0,0.0,0.0,10.0,0.0,0.0,0.0,10.0
1446040236742405536,426,1446040236737070083,robocape_mag,14.1,-1.2,-18.45,10.0,0.0,0.0,0.0,10.0,0.0,0.0,0.0,10.0
1446040236787682577,427,1446040236782666921,robocape_mag,14.1,-1.2,-18.45,10.0,0.0,0.0,0.0,10.0,0.0,0.0,0.0,10.0
1446040236824278869,428,1446040236819084882,robocape_mag,14.1,-1.2,-18.45,10.0,0.0,0.0,0.0,10.0,0.0,0.0,0.0,10.0
1446040236860411702,429,1446040236855333089,robocape_mag,11.4,15.9,-9.75,10.0,0.0,0.0,0.0,10.0,0.0,0.0,0.0,10.0
1446040236897126869,430,1446040236892057895,robocape_mag,11.4,15.9,-9.75,10.0,0.0,0.0,0.0,10.0,0.0,0.0,0.0,10.0
1446040236931744619,431,1446040236926670074,robocape_mag,11.4,15.9,-9.75,10.0,0.0,0.0,0.0,10.0,0.0,0.0,0.0,10.0
1446040236968254827,432,1446040236962785959,robocape_mag,11.4,15.9,-9.75,10.0,0.0,0.0,0.0,10.0,0.0,0.0,0.0,10.0
1446040237002649661,433,1446040236997848987,robocape_mag,20.1,18.6,1.35,10.0,0.0,0.0,0.0,10.0,0.0,0.0,0.0,10.0
1446040237037197286,434,1446040237032022953,robocape_mag,20.1,18.6,1.35,10.0,0.0,0.0,0.0,10.0,0.0,0.0,0.0,10.0
1446040237075180411,435,1446040237066678047,robocape_mag,20.1,18.6,1.35,10.0,0.0,0.0,0.0,10.0,0.0,0.0,0.0,10.0
1446040237108821578,436,1446040237103720903,robocape_mag,20.1,18.6,1.35,10.0,0.0,0.0,0.0,10.0,0.0,0.0,0.0,10.0
1446040237144900411,437,1446040237139851093,robocape_mag,20.1,18.6,1.35,10.0,0.0,0.0,0.0,10.0,0.0,0.0,0.0,10.0
1446040237183739494,438,1446040237176549911,robocape_mag,30.6,0.9,6.45,10.0,0.0,0.0,0.0,10.0,0.0,0.0,0.0,10.0
1446040237226804661,439,1446040237214765071,robocape_mag,30.6,0.9,6.45,10.0,0.0,0.0,0.0,10.0,0.0,0.0,0.0,10.0
1446040237260082953,440,1446040237252928018,robocape_mag,30.6,0.9,6.45,10.0,0.0,0.0,0.0,10.0,0.0,0.0,0.0,10.0
1446040237295152911,441,1446040237290182113,robocape_mag,30.6,0.9,6.45,10.0,0.0,0.0,0.0,10.0,0.0,0.0,0.0,10.0
1446040237329516453,442,1446040237324337005,robocape_mag,21.0,24.9,2.85,10.0,0.0,0.0,0.0,10.0,0.0,0.0,0.0,10.0
1446040237364285619,443,1446040237359469890,robocape_mag,21.0,24.9,2.85,10.0,0.0,0.0,0.0,10.0,0.0,0.0,0.0,10.0
1446040237399141203,444,1446040237394325971,robocape_mag,21.0,24.9,2.85,10.0,0.0,0.0,0.0,10.0,0.0,0.0,0.0,10.0
1446040237435088786,445,1446040237429771900,robocape_mag,21.0,24.9,2.85,10.0,0.0,0.0,0.0,10.0,0.0,0.0,0.0,10.0
1446040237467871078,446,1446040237461132049,robocape_mag,21.0,24.9,2.85,10.0,0.0,0.0,0.0,10.0,0.0,0.0,0.0,10.0
1446040237499088619,447,1446040237494301080,robocape_mag,4.2,-0.9,4.05,10.0,0.0,0.0,0.0,10.0,0.0,0.0,0.0,10.0
1446040237535303619,448,1446040237527421951,robocape_mag,4.2,-0.9,4.05,10.0,0.0,0.0,0.0,10.0,0.0,0.0,0.0,10.0
1446040237568723703,449,1446040237562553882,robocape_mag,4.2,-0.9,4.05,10.0,0.0,0.0,0.0,10.0,0.0,0.0,0.0,10.0
1446040237605292286,450,1446040237600207090,robocape_mag,4.2,-0.9,4.05,10.0,0.0,0.0,0.0,10.0,0.0,0.0,0.0,10.0
1446040237639761119,451,1446040237634907960,robocape_mag,4.2,-1.8,-18.45,10.0,0.0,0.0,0.0,10.0,0.0,0.0,0.0,10.0
1446040237676138494,452,1446040237670588016,robocape_mag,-3.9,-1.8,-18.45,10.0,0.0,0.0,0.0,10.0,0.0,0.0,0.0,10.0
1446040237709581161,453,1446040237704329013,robocape_mag,-3.9,-1.8,-18.45,10.0,0.0,0.0,0.0,10.0,0.0,0.0,0.0,10.0
1446040237746428786,454,1446040237741415977,robocape_mag,-3.9,-1.8,-18.45,10.0,0.0,0.0,0.0,10.0,0.0,0.0,0.0,10.0
1446040237791749703,455,1446040237784706115,robocape_mag,-3.9,-1.8,-18.45,10.0,0.0,0.0,0.0,10.0,0.0,0.0,0.0,10.0
1446040237826245245,456,1446040237821063995,robocape_mag,0.3,0.6,-13.65,10.0,0.0,0.0,0.0,10.0,0.0,0.0,0.0,10.0
1446040237863464828,457,1446040237855690002,robocape_mag,0.3,0.6,-13.65,10.0,0.0,0.0,0.0,10.0,0.0,0.0,0.0,10.0
1446040237895527870,458,1446040237890587091,robocape_mag,0.3,0.6,-13.65,10.0,0.0,0.0,0.0,10.0,0.0,0.0,0.0,10.0
1446040237932374495,459,1446040237927225112,robocape_mag,0.3,0.6,-13.65,10.0,0.0,0.0,0.0,10.0,0.0,0.0,0.0,10.0
1446040237969605786,460,1446040237963270902,robocape_mag,1.2,-7.5,-13.95,10.0,0.0,0.0,0.0,10.0,0.0,0.0,0.0,10.0
1446040238003656995,461,1446040237998548030,robocape_mag,1.2,-7.5,-13.95,10.0,0.0,0.0,0.0,10.0,0.0,0.0,0.0,10.0
1446040238038194411,462,1446040238033421039,robocape_mag,1.2,-7.5,-13.95,10.0,0.0,0.0,0.0,10.0,0.0,0.0,0.0,10.0
1446040238072136578,463,1446040238066947937,robocape_mag,1.2,-7.5,-13.95,10.0,0.0,0.0,0.0,10.0,0.0,0.0,0.0,10.0
1446040238102526120,464,1446040238097594022,robocape_mag,1.2,-7.5,-13.95,10.0,0.0,0.0,0.0,10.0,0.0,0.0,0.0,10.0
1446040238135694245,465,1446040238128388881,robocape_mag,18.6,8.1,-13.35,10.0,0.0,0.0,0.0,10.0,0.0,0.0,0.0,10.0
1446040238168400245,466,1446040238163584947,robocape_mag,18.6,8.1,-13.35,10.0,0.0,0.0,0.0,10.0,0.0,0.0,0.0,10.0
1446040238203638328,467,1446040238198805093,robocape_mag,18.6,8.1,-13.35,10.0,0.0,0.0,0.0,10.0,0.0,0.0,0.0,10.0
1446040238239258161,468,1446040238234411954,robocape_mag,18.6,8.1,-13.35,10.0,0.0,0.0,0.0,10.0,0.0,0.0,0.0,10.0
1446040238278650995,469,1446040238270932912,robocape_mag,18.6,8.1,-13.35,10.0,0.0,0.0,0.0,10.0,0.0,0.0,0.0,10.0
1446040238315082870,470,1446040238310102939,robocape_mag,11.7,6.6,-13.05,10.0,0.0,0.0,0.0,10.0,0.0,0.0,0.0,10.0
1446040238359571203,471,1446040238349674940,robocape_mag,11.7,6.6,-13.05,10.0,0.0,0.0,0.0,10.0,0.0,0.0,0.0,10.0
1446040238392568411,472,1446040238385966062,robocape_mag,11.7,6.6,-13.05,10.0,0.0,0.0,0.0,10.0,0.0,0.0,0.0,10.0
1446040238426453620,473,1446040238421089887,robocape_mag,11.7,6.6,-13.05,10.0,0.0,0.0,0.0,10.0,0.0,0.0,0.0,10.0
1446040238465504370,474,1446040238460519075,robocape_mag,11.7,10.2,-5.85,10.0,0.0,0.0,0.0,10.0,0.0,0.0,0.0,10.0
1446040238507628995,475,1446040238498533964,robocape_mag,11.7,10.2,-5.85,10.0,0.0,0.0,0.0,10.0,0.0,0.0,0.0,10.0
1446040238540034995,476,1446040238535233020,robocape_mag,11.7,10.2,-5.85,10.0,0.0,0.0,0.0,10.0,0.0,0.0,0.0,10.0
1446040238570269828,477,1446040238565433979,robocape_mag,11.7,10.2,-5.85,10.0,0.0,0.0,0.0,10.0,0.0,0.0,0.0,10.0
1446040238607788703,478,1446040238599740982,robocape_mag,1.8,14.1,-6.15,10.0,0.0,0.0,0.0,10.0,0.0,0.0,0.0,10.0
1446040238636937495,479,1446040238631578922,robocape_mag,1.8,14.1,-6.15,10.0,0.0,0.0,0.0,10.0,0.0,0.0,0.0,10.0
1446040238673888495,480,1446040238668843030,robocape_mag,1.8,14.1,-6.15,10.0,0.0,0.0,0.0,10.0,0.0,0.0,0.0,10.0
1446040238707841245,481,1446040238703007936,robocape_mag,1.8,14.1,-6.15,10.0,0.0,0.0,0.0,10.0,0.0,0.0,0.0,10.0
1446040238743057620,482,1446040238737523078,robocape_mag,1.8,14.1,-6.15,10.0,0.0,0.0,0.0,10.0,0.0,0.0,0.0,10.0
1446040238780570537,483,1446040238775346040,robocape_mag,-4.5,12.0,-22.05,10.0,0.0,0.0,0.0,10.0,0.0,0.0,0.0,10.0
1446040238814960787,484,1446040238810056924,robocape_mag,-4.5,12.0,-22.05,10.0,0.0,0.0,0.0,10.0,0.0,0.0,0.0,10.0
1446040238849105828,485,1446040238844194889,robocape_mag,-4.5,12.0,-22.05,10.0,0.0,0.0,0.0,10.0,0.0,0.0,0.0,10.0
1446040238878544995,486,1446040238873483896,robocape_mag,-4.5,12.0,-22.05,10.0,0.0,0.0,0.0,10.0,0.0,0.0,0.0,10.0
1446040238910392912,487,1446040238905298948,robocape_mag,-4.5,12.0,-22.05,10.0,0.0,0.0,0.0,10.0,0.0,0.0,0.0,10.0
1446040238945753037,488,1446040238940573930,robocape_mag,15.0,8.1,-9.15,10.0,0.0,0.0,0.0,10.0,0.0,0.0,0.0,10.0
1446040238976826745,489,1446040238971770048,robocape_mag,15.0,8.1,-9.15,10.0,0.0,0.0,0.0,10.0,0.0,0.0,0.0,10.0
1446040239007542995,490,1446040239002646923,robocape_mag,15.0,8.1,-9.15,10.0,0.0,0.0,0.0,10.0,0.0,0.0,0.0,10.0
1446040239040018537,491,1446040239034939050,robocape_mag,15.0,8.1,-9.15,10.0,0.0,0.0,0.0,10.0,0.0,0.0,0.0,10.0
1446040239070381037,492,1446040239065584897,robocape_mag,15.0,8.1,-9.15,10.0,0.0,0.0,0.0,10.0,0.0,0.0,0.0,10.0
1446040239103901578,493,1446040239097018003,robocape_mag,11.1,30.6,4.95,10.0,0.0,0.0,0.0,10.0,0.0,0.0,0.0,10.0
1446040239135239787,494,1446040239130220890,robocape_mag,11.1,30.6,4.95,10.0,0.0,0.0,0.0,10.0,0.0,0.0,0.0,10.0
1446040239166322120,495,1446040239161326885,robocape_mag,11.1,30.6,4.95,10.0,0.0,0.0,0.0,10.0,0.0,0.0,0.0,10.0
1446040239201048120,496,1446040239196131944,robocape_mag,11.1,30.6,4.95,10.0,0.0,0.0,0.0,10.0,0.0,0.0,0.0,10.0
1446040239240638537,497,1446040239230814933,robocape_mag,11.1,30.6,4.95,10.0,0.0,0.0,0.0,10.0,0.0,0.0,0.0,10.0
1446040239270794954,498,1446040239266002893,robocape_mag,-2.1,21.6,13.95,10.0,0.0,0.0,0.0,10.0,0.0,0.0,0.0,10.0
1446040239305526829,499,1446040239300724029,robocape_mag,-2.1,21.6,13.95,10.0,0.0,0.0,0.0,10.0,0.0,0.0,0.0,10.0
1446040239340215745,500,1446040239331026077,robocape_mag,-2.1,21.6,13.95,10.0,0.0,0.0,0.0,10.0,0.0,0.0,0.0,10.0
1446040239366226537,501,1446040239361294031,robocape_mag,-2.1,21.6,13.95,10.0,0.0,0.0,0.0,10.0,0.0,0.0,0.0,10.0
1446040239400593954,502,1446040239395704984,robocape_mag,6.3,-9.6,-1.05,10.0,0.0,0.0,0.0,10.0,0.0,0.0,0.0,10.0
1446040239435224245,503,1446040239429917097,robocape_mag,6.3,-9.6,-1.05,10.0,0.0,0.0,0.0,10.0,0.0,0.0,0.0,10.0
1446040239473952037,504,1446040239468848943,robocape_mag,6.3,-9.6,-1.05,10.0,0.0,0.0,0.0,10.0,0.0,0.0,0.0,10.0
1446040239508769329,505,1446040239503602027,robocape_mag,6.3,-9.6,-1.05,10.0,0.0,0.0,0.0,10.0,0.0,0.0,0.0,10.0
1446040239542660912,506,1446040239537569999,robocape_mag,6.3,-9.6,-1.05,10.0,0.0,0.0,0.0,10.0,0.0,0.0,0.0,10.0
1446040239576881079,507,1446040239572057008,robocape_mag,0.9,10.8,-11.85,10.0,0.0,0.0,0.0,10.0,0.0,0.0,0.0,10.0
1446040239613181954,508,1446040239607990026,robocape_mag,0.9,10.8,-11.85,10.0,0.0,0.0,0.0,10.0,0.0,0.0,0.0,10.0
1446040239642976412,509,1446040239637754917,robocape_mag,0.9,10.8,-11.85,10.0,0.0,0.0,0.0,10.0,0.0,0.0,0.0,10.0
1446040239671771579,510,1446040239666682958,robocape_mag,0.9,10.8,-11.85,10.0,0.0,0.0,0.0,10.0,0.0,0.0,0.0,10.0
1446040239701967787,511,1446040239697138071,robocape_mag,0.9,10.8,-11.85,10.0,0.0,0.0,0.0,10.0,0.0,0.0,0.0,10.0
1446040239734380537,512,1446040239727705955,robocape_mag,-10.2,-15.9,-0.15,10.0,0.0,0.0,0.0,10.0,0.0,0.0,0.0,10.0
1446040239769577787,513,1446040239764467000,robocape_mag,-10.2,-15.9,-0.15,10.0,0.0,0.0,0.0,10.0,0.0,0.0,0.0,10.0
1446040239800149912,514,1446040239794924974,robocape_mag,-10.2,-15.9,-0.15,10.0,0.0,0.0,0.0,10.0,0.0,0.0,0.0,10.0
1446040239837234162,515,1446040239829262018,robocape_mag,-10.2,-15.9,-0.15,10.0,0.0,0.0,0.0,10.0,0.0,0.0,0.0,10.0
1446040239864088371,516,1446040239859252929,robocape_mag,-10.2,-15.9,-0.15,10.0,0.0,0.0,0.0,10.0,0.0,0.0,0.0,10.0
1446040239892961037,517,1446040239887526988,robocape_mag,1.2,-0.9,-11.55,10.0,0.0,0.0,0.0,10.0,0.0,0.0,0.0,10.0
1446040239925319746,518,1446040239920422077,robocape_mag,1.2,-0.9,-11.55,10.0,0.0,0.0,0.0,10.0,0.0,0.0,0.0,10.0
1446040239958779954,519,1446040239953807115,robocape_mag,1.2,-0.9,-11.55,10.0,0.0,0.0,0.0,10.0,0.0,0.0,0.0,10.0
1446040239993859121,520,1446040239988377094,robocape_mag,1.2,-0.9,-11.55,10.0,0.0,0.0,0.0,10.0,0.0,0.0,0.0,10.0
1446040240025177704,521,1446040240019901990,robocape_mag,1.2,-0.9,-11.55,10.0,0.0,0.0,0.0,10.0,0.0,0.0,0.0,10.0
1446040240061114412,522,1446040240056140899,robocape_mag,-4.8,-12.3,-12.15,10.0,0.0,0.0,0.0,10.0,0.0,0.0,0.0,10.0
1446040240102155371,523,1446040240092490911,robocape_mag,-4.8,-12.3,-12.15,10.0,0.0,0.0,0.0,10.0,0.0,0.0,0.0,10.0
1446040240131217912,524,1446040240126393079,robocape_mag,-4.8,-12.3,-12.15,10.0,0.0,0.0,0.0,10.0,0.0,0.0,0.0,10.0
1446040240161669912,525,1446040240156745910,robocape_mag,-4.8,-12.3,-12.15,10.0,0.0,0.0,0.0,10.0,0.0,0.0,0.0,10.0
1446040240198198371,526,1446040240192651033,robocape_mag,-4.8,-12.3,-12.15,10.0,0.0,0.0,0.0,10.0,0.0,0.0,0.0,10.0
1446040240234015996,527,1446040240227386951,robocape_mag,-16.5,-18.0,0.15,10.0,0.0,0.0,0.0,10.0,0.0,0.0,0.0,10.0
1446040240268143454,528,1446040240258866071,robocape_mag,-16.5,-18.0,0.15,10.0,0.0,0.0,0.0,10.0,0.0,0.0,0.0,10.0
1446040240293740496,529,1446040240288559913,robocape_mag,-16.5,-18.0,0.15,10.0,0.0,0.0,0.0,10.0,0.0,0.0,0.0,10.0
1446040240330652079,530,1446040240322796106,robocape_mag,-16.5,-18.0,0.15,10.0,0.0,0.0,0.0,10.0,0.0,0.0,0.0,10.0
1446040240364812829,531,1446040240359369993,robocape_mag,-4.5,-12.6,-13.05,10.0,0.0,0.0,0.0,10.0,0.0,0.0,0.0,10.0
1446040240394186037,532,1446040240389019966,robocape_mag,-4.5,-12.6,-13.05,10.0,0.0,0.0,0.0,10.0,0.0,0.0,0.0,10.0
1446040240432086912,533,1446040240427077054,robocape_mag,-4.5,-12.6,-13.05,10.0,0.0,0.0,0.0,10.0,0.0,0.0,0.0,10.0
1446040240468552954,534,1446040240462105035,robocape_mag,-4.5,-12.6,-13.05,10.0,0.0,0.0,0.0,10.0,0.0,0.0,0.0,10.0
1446040240502339371,535,1446040240496913909,robocape_mag,-4.5,-12.6,-13.05,10.0,0.0,0.0,0.0,10.0,0.0,0.0,0.0,10.0
1446040240540163246,536,1446040240533346891,robocape_mag,-12.0,-23.7,-3.15,10.0,0.0,0.0,0.0,10.0,0.0,0.0,0.0,10.0
1446040240577949871,537,1446040240572423934,robocape_mag,-12.0,-23.7,-3.15,10.0,0.0,0.0,0.0,10.0,0.0,0.0,0.0,10.0
1446040240613777038,538,1446040240608836889,robocape_mag,-12.0,-23.7,-3.15,10.0,0.0,0.0,0.0,10.0,0.0,0.0,0.0,10.0
1446040240645178204,539,1446040240640161991,robocape_mag,-12.0,-23.7,-3.15,10.0,0.0,0.0,0.0,10.0,0.0,0.0,0.0,10.0
1446040240682958413,540,1446040240677743911,robocape_mag,-18.3,7.2,-6.45,10.0,0.0,0.0,0.0,10.0,0.0,0.0,0.0,10.0
1446040240718080871,541,1446040240713179111,robocape_mag,-18.3,7.2,-6.45,10.0,0.0,0.0,0.0,10.0,0.0,0.0,0.0,10.0
1446040240756673121,542,1446040240744790077,robocape_mag,-18.3,7.2,-6.45,10.0,0.0,0.0,0.0,10.0,0.0,0.0,0.0,10.0
1446040240796841413,543,1446040240791532993,robocape_mag,-18.3,7.2,-6.45,10.0,0.0,0.0,0.0,10.0,0.0,0.0,0.0,10.0
1446040240831709579,544,1446040240826704025,robocape_mag,-18.3,7.2,-6.45,10.0,0.0,0.0,0.0,10.0,0.0,0.0,0.0,10.0
1446040240863380371,545,1446040240858457088,robocape_mag,-23.7,6.6,0.75,10.0,0.0,0.0,0.0,10.0,0.0,0.0,0.0,10.0
1446040240895514288,546,1446040240889024019,robocape_mag,-23.7,6.6,0.75,10.0,0.0,0.0,0.0,10.0,0.0,0.0,0.0,10.0
1446040240927258746,547,1446040240922418117,robocape_mag,-23.7,6.6,0.75,10.0,0.0,0.0,0.0,10.0,0.0,0.0,0.0,10.0
1446040240959358163,548,1446040240954565048,robocape_mag,-23.7,6.6,0.75,10.0,0.0,0.0,0.0,10.0,0.0,0.0,0.0,10.0
1446040240994166996,549,1446040240988714933,robocape_mag,-23.7,6.6,0.75,10.0,0.0,0.0,0.0,10.0,0.0,0.0,0.0,10.0
1446040241029166829,550,1446040241024106025,robocape_mag,-19.2,-0.9,-18.15,10.0,0.0,0.0,0.0,10.0,0.0,0.0,0.0,10.0
1446040241062371996,551,1446040241057358026,robocape_mag,-19.2,-0.9,-18.15,10.0,0.0,0.0,0.0,10.0,0.0,0.0,0.0,10.0
1446040241096591413,552,1446040241091212987,robocape_mag,-19.2,-0.9,-18.15,10.0,0.0,0.0,0.0,10.0,0.0,0.0,0.0,10.0
1446040241126431996,553,1446040241121509075,robocape_mag,-19.2,-0.9,-18.15,10.0,0.0,0.0,0.0,10.0,0.0,0.0,0.0,10.0
1446040241156476913,554,1446040241151649951,robocape_mag,-19.2,-0.9,-18.15,10.0,0.0,0.0,0.0,10.0,0.0,0.0,0.0,10.0
1446040241188245288,555,1446040241183443069,robocape_mag,-21.6,5.1,-3.75,10.0,0.0,0.0,0.0,10.0,0.0,0.0,0.0,10.0
1446040241224284371,556,1446040241219403028,robocape_mag,-21.6,5.1,-3.75,10.0,0.0,0.0,0.0,10.0,0.0,0.0,0.0,10.0
1446040241259131288,557,1446040241254256010,robocape_mag,-21.6,5.1,-3.75,10.0,0.0,0.0,0.0,10.0,0.0,0.0,0.0,10.0
1446040241293852413,558,1446040241288778066,robocape_mag,-21.6,5.1,-3.75,10.0,0.0,0.0,0.0,10.0,0.0,0.0,0.0,10.0
1446040241329011496,559,1446040241321706056,robocape_mag,-21.6,0.9,5.25,10.0,0.0,0.0,0.0,10.0,0.0,0.0,0.0,10.0
1446040241357841705,560,1446040241353008985,robocape_mag,-21.6,0.9,5.25,10.0,0.0,0.0,0.0,10.0,0.0,0.0,0.0,10.0
1446040241391937663,561,1446040241386986970,robocape_mag,-21.6,0.9,5.25,10.0,0.0,0.0,0.0,10.0,0.0,0.0,0.0,10.0
1446040241422131121,562,1446040241416845083,robocape_mag,-21.6,0.9,5.25,10.0,0.0,0.0,0.0,10.0,0.0,0.0,0.0,10.0
1446040241455070955,563,1446040241450107097,robocape_mag,-21.6,0.9,5.25,10.0,0.0,0.0,0.0,10.0,0.0,0.0,0.0,10.0
1446040241488377080,564,1446040241483411073,robocape_mag,-21.9,1.8,7.95,10.0,0.0,0.0,0.0,10.0,0.0,0.0,0.0,10.0
1446040241523687705,565,1446040241518788099,robocape_mag,-21.9,1.8,7.95,10.0,0.0,0.0,0.0,10.0,0.0,0.0,0.0,10.0
1446040241555002205,566,1446040241550101995,robocape_mag,-21.9,1.8,7.95,10.0,0.0,0.0,0.0,10.0,0.0,0.0,0.0,10.0
1446040241591110788,567,1446040241586359024,robocape_mag,-21.9,1.8,7.95,10.0,0.0,0.0,0.0,10.0,0.0,0.0,0.0,10.0
1446040241621715496,568,1446040241616689920,robocape_mag,-21.9,1.8,7.95,10.0,0.0,0.0,0.0,10.0,0.0,0.0,0.0,10.0
1446040241660419330,569,1446040241654959917,robocape_mag,-22.2,1.5,4.05,10.0,0.0,0.0,0.0,10.0,0.0,0.0,0.0,10.0
1446040241692111330,570,1446040241687187910,robocape_mag,-22.2,1.5,4.05,10.0,0.0,0.0,0.0,10.0,0.0,0.0,0.0,10.0
1446040241721502580,571,1446040241716722965,robocape_mag,-22.2,1.5,4.05,10.0,0.0,0.0,0.0,10.0,0.0,0.0,0.0,10.0
1446040241765787663,572,1446040241754760980,robocape_mag,-22.2,1.5,4.05,10.0,0.0,0.0,0.0,10.0,0.0,0.0,0.0,10.0
1446040241799705746,573,1446040241794399023,robocape_mag,-22.2,1.8,4.35,10.0,0.0,0.0,0.0,10.0,0.0,0.0,0.0,10.0
1446040241834041330,574,1446040241828994035,robocape_mag,-21.3,1.8,4.35,10.0,0.0,0.0,0.0,10.0,0.0,0.0,0.0,10.0
1446040241869179871,575,1446040241860603094,robocape_mag,-21.3,1.8,4.35,10.0,0.0,0.0,0.0,10.0,0.0,0.0,0.0,10.0
1446040241898985830,576,1446040241892096996,robocape_mag,-21.3,1.8,4.35,10.0,0.0,0.0,0.0,10.0,0.0,0.0,0.0,10.0
1446040241929717163,577,1446040241924709081,robocape_mag,-21.3,1.8,4.35,10.0,0.0,0.0,0.0,10.0,0.0,0.0,0.0,10.0
1446040241958569538,578,1446040241953697919,robocape_mag,-21.3,1.8,4.65,10.0,0.0,0.0,0.0,10.0,0.0,0.0,0.0,10.0
1446040241988325580,579,1446040241983221054,robocape_mag,-22.2,1.5,4.65,10.0,0.0,0.0,0.0,10.0,0.0,0.0,0.0,10.0
1446040242024347955,580,1446040242019493103,robocape_mag,-22.2,1.5,4.65,10.0,0.0,0.0,0.0,10.0,0.0,0.0,0.0,10.0
1446040242055104163,581,1446040242050201892,robocape_mag,-22.2,1.5,4.65,10.0,0.0,0.0,0.0,10.0,0.0,0.0,0.0,10.0
1446040242088433038,582,1446040242083391904,robocape_mag,-22.2,1.5,4.65,10.0,0.0,0.0,0.0,10.0,0.0,0.0,0.0,10.0
1446040242121762288,583,1446040242116818904,robocape_mag,-21.3,1.2,4.35,10.0,0.0,0.0,0.0,10.0,0.0,0.0,0.0,10.0
1446040242155523038,584,1446040242150393009,robocape_mag,-21.3,1.2,4.35,10.0,0.0,0.0,0.0,10.0,0.0,0.0,0.0,10.0
1446040242188172747,585,1446040242183331966,robocape_mag,-21.3,1.2,4.35,10.0,0.0,0.0,0.0,10.0,0.0,0.0,0.0,10.0
1446040242224073830,586,1446040242219152927,robocape_mag,-21.3,1.2,4.35,10.0,0.0,0.0,0.0,10.0,0.0,0.0,0.0,10.0
1446040242256767913,587,1446040242250051021,robocape_mag,-21.3,1.2,4.35,10.0,0.0,0.0,0.0,10.0,0.0,0.0,0.0,10.0
1446040242290898538,588,1446040242286032915,robocape_mag,-22.5,1.2,3.15,10.0,0.0,0.0,0.0,10.0,0.0,0.0,0.0,10.0
1446040242325825580,589,1446040242320736885,robocape_mag,-22.5,1.2,3.15,10.0,0.0,0.0,0.0,10.0,0.0,0.0,0.0,10.0
1446040242357988205,590,1446040242352963924,robocape_mag,-22.5,1.2,3.15,10.0,0.0,0.0,0.0,10.0,0.0,0.0,0.0,10.0
1446040242391888913,591,1446040242386919975,robocape_mag,-22.5,1.2,3.15,10.0,0.0,0.0,0.0,10.0,0.0,0.0,0.0,10.0
1446040242423072955,592,1446040242418302059,robocape_mag,-22.5,1.2,3.15,10.0,0.0,0.0,0.0,10.0,0.0,0.0,0.0,10.0
1446040242458451872,593,1446040242453360080,robocape_mag,-21.6,0.9,3.45,10.0,0.0,0.0,0.0,10.0,0.0,0.0,0.0,10.0
1446040242488078913,594,1446040242483222007,robocape_mag,-21.6,0.9,3.45,10.0,0.0,0.0,0.0,10.0,0.0,0.0,0.0,10.0
1446040242521592288,595,1446040242516566038,robocape_mag,-21.6,0.9,3.45,10.0,0.0,0.0,0.0,10.0,0.0,0.0,0.0,10.0
1446040242558464455,596,1446040242553415060,robocape_mag,-21.6,0.9,3.45,10.0,0.0,0.0,0.0,10.0,0.0,0.0,0.0,10.0
1446040242588223538,597,1446040242583342075,robocape_mag,-21.6,0.9,3.45,10.0,0.0,0.0,0.0,10.0,0.0,0.0,0.0,10.0
1446040242623576288,598,1446040242618757009,robocape_mag,-23.1,2.4,4.95,10.0,0.0,0.0,0.0,10.0,0.0,0.0,0.0,10.0
1446040242657373205,599,1446040242652307033,robocape_mag,-23.1,2.4,4.95,10.0,0.0,0.0,0.0,10.0,0.0,0.0,0.0,10.0
1446040242688162914,600,1446040242683337926,robocape_mag,-23.1,2.4,4.95,10.0,0.0,0.0,0.0,10.0,0.0,0.0,0.0,10.0
1446040242724584747,601,1446040242719636917,robocape_mag,-23.1,2.4,4.95,10.0,0.0,0.0,0.0,10.0,0.0,0.0,0.0,10.0
1446040242764961497,602,1446040242760009050,robocape_mag,-22.8,1.5,4.65,10.0,0.0,0.0,0.0,10.0,0.0,0.0,0.0,10.0
1446040242794249789,603,1446040242789494037,robocape_mag,-22.8,1.5,4.65,10.0,0.0,0.0,0.0,10.0,0.0,0.0,0.0,10.0
1446040242824523705,604,1446040242819744110,robocape_mag,-22.8,1.5,4.65,10.0,0.0,0.0,0.0,10.0,0.0,0.0,0.0,10.0
1446040242855108539,605,1446040242850092887,robocape_mag,-22.8,1.5,4.65,10.0,0.0,0.0,0.0,10.0,0.0,0.0,0.0,10.0
1446040242889164497,606,1446040242884208917,robocape_mag,-22.8,1.5,4.65,10.0,0.0,0.0,0.0,10.0,0.0,0.0,0.0,10.0
1446040242921623747,607,1446040242916785001,robocape_mag,-21.3,3.0,4.95,10.0,0.0,0.0,0.0,10.0,0.0,0.0,0.0,10.0
1446040242959266580,608,1446040242954195022,robocape_mag,-21.3,3.0,4.95,10.0,0.0,0.0,0.0,10.0,0.0,0.0,0.0,10.0
1446040242990838747,609,1446040242985910892,robocape_mag,-21.3,3.0,4.95,10.0,0.0,0.0,0.0,10.0,0.0,0.0,0.0,10.0
1446040243024249747,610,1446040243019459962,robocape_mag,-21.3,3.0,4.95,10.0,0.0,0.0,0.0,10.0,0.0,0.0,0.0,10.0
1446040243055854830,611,1446040243050205945,robocape_mag,-21.3,3.0,4.95,10.0,0.0,0.0,0.0,10.0,0.0,0.0,0.0,10.0
1446040243092693914,612,1446040243087543010,robocape_mag,-22.2,1.5,4.05,10.0,0.0,0.0,0.0,10.0,0.0,0.0,0.0,10.0
1446040243122141497,613,1446040243117034912,robocape_mag,-22.2,1.5,4.05,10.0,0.0,0.0,0.0,10.0,0.0,0.0,0.0,10.0
1446040243157809080,614,1446040243151002883,robocape_mag,-22.2,1.5,4.05,10.0,0.0,0.0,0.0,10.0,0.0,0.0,0.0,10.0
1446040243188287622,615,1446040243183408021,robocape_mag,-22.2,1.5,4.05,10.0,0.0,0.0,0.0,10.0,0.0,0.0,0.0,10.0
1446040243221556330,616,1446040243216643095,robocape_mag,-22.2,1.5,4.05,10.0,0.0,0.0,0.0,10.0,0.0,0.0,0.0,10.0
1446040243255186830,617,1446040243250169992,robocape_mag,-23.1,1.8,3.75,10.0,0.0,0.0,0.0,10.0,0.0,0.0,0.0,10.0
1446040243288124372,618,1446040243283308982,robocape_mag,-23.1,1.8,3.75,10.0,0.0,0.0,0.0,10.0,0.0,0.0,0.0,10.0
1446040243321461164,619,1446040243316674947,robocape_mag,-23.1,1.8,3.75,10.0,0.0,0.0,0.0,10.0,0.0,0.0,0.0,10.0
1446040243361527414,620,1446040243352488994,robocape_mag,-23.1,1.8,3.75,10.0,0.0,0.0,0.0,10.0,0.0,0.0,0.0,10.0
1446040243390327497,621,1446040243385528087,robocape_mag,-23.1,1.8,3.75,10.0,0.0,0.0,0.0,10.0,0.0,0.0,0.0,10.0
1446040243421549122,622,1446040243416716098,robocape_mag,-22.5,3.0,2.55,10.0,0.0,0.0,0.0,10.0,0.0,0.0,0.0,10.0
1446040243461314331,623,1446040243456283092,robocape_mag,-22.5,3.0,2.55,10.0,0.0,0.0,0.0,10.0,0.0,0.0,0.0,10.0
1446040243494110539,624,1446040243489267110,robocape_mag,-22.5,3.0,2.55,10.0,0.0,0.0,0.0,10.0,0.0,0.0,0.0,10.0
1446040243526283831,625,1446040243521541118,robocape_mag,-22.5,3.0,2.55,10.0,0.0,0.0,0.0,10.0,0.0,0.0,0.0,10.0
1446040243555207164,626,1446040243550394058,robocape_mag,-22.5,3.0,2.55,10.0,0.0,0.0,0.0,10.0,0.0,0.0,0.0,10.0
1446040243588202997,627,1446040243583403110,robocape_mag,-21.9,3.0,3.15,10.0,0.0,0.0,0.0,10.0,0.0,0.0,0.0,10.0
1446040243623947872,628,1446040243618952035,robocape_mag,-21.9,3.0,3.15,10.0,0.0,0.0,0.0,10.0,0.0,0.0,0.0,10.0
1446040243655387581,629,1446040243650419950,robocape_mag,-21.9,3.0,3.15,10.0,0.0,0.0,0.0,10.0,0.0,0.0,0.0,10.0
1446040243688287331,630,1446040243683353900,robocape_mag,-21.9,3.0,3.15,10.0,0.0,0.0,0.0,10.0,0.0,0.0,0.0,10.0
1446040243721632539,631,1446040243716835975,robocape_mag,-22.8,2.7,2.85,10.0,0.0,0.0,0.0,10.0,0.0,0.0,0.0,10.0
1446040243760264747,632,1446040243752036094,robocape_mag,-22.8,2.7,2.85,10.0,0.0,0.0,0.0,10.0,0.0,0.0,0.0,10.0
1446040243796002581,633,1446040243790947914,robocape_mag,-22.8,2.7,2.85,10.0,0.0,0.0,0.0,10.0,0.0,0.0,0.0,10.0
