%time,field.header.seq,field.header.stamp,field.header.frame_id,field.magnetic_field.x,field.magnetic_field.y,field.magnetic_field.z,field.magnetic_field_covariance0,field.magnetic_field_covariance1,field.magnetic_field_covariance2,field.magnetic_field_covariance3,field.magnetic_field_covariance4,field.magnetic_field_covariance5,field.magnetic_field_covariance6,field.magnetic_field_covariance7,field.magnetic_field_covariance8
1446040749703625780,1556,1446040749517512083,robocape_mag,-15.6,-17.1,5.85,10.0,0.0,0.0,0.0,10.0,0.0,0.0,0.0,10.0
1446040749704422572,1557,1446040749562829971,robocape_mag,-15.6,-17.1,5.85,10.0,0.0,0.0,0.0,10.0,0.0,0.0,0.0,10.0
1446040749711458489,1558,1446040749630544900,robocape_mag,-15.6,-17.1,5.85,10.0,0.0,0.0,0.0,10.0,0.0,0.0,0.0,10.0
1446040749711540197,1559,1446040749680562973,robocape_mag,24.0,-36.3,-24.15,10.0,0.0,0.0,0.0,10.0,0.0,0.0,0.0,10.0
1446040749746052489,1560,1446040749722860097,robocape_mag,24.0,-36.3,-24.15,10.0,0.0,0.0,0.0,10.0,0.0,0.0,0.0,10.0
1446040749778751447,1561,1446040749761876106,robocape_mag,24.0,-36.3,-24.15,10.0,0.0,0.0,0.0,10.0,0.0,0.0,0.0,10.0
1446040749814063239,1562,1446040749807790994,robocape_mag,24.0,-36.3,-24.15,10.0,0.0,0.0,0.0,10.0,0.0,0.0,0.0,10.0
1446040749846848989,1563,1446040749841213941,robocape_mag,34.8,6.9,-16.35,10.0,0.0,0.0,0.0,10.0,0.0,0.0,0.0,10.0
1446040749887821572,1564,1446040749882175922,robocape_mag,34.8,6.9,-16.35,10.0,0.0,0.0,0.0,10.0,0.0,0.0,0.0,10.0
1446040749922203530,1565,1446040749917246103,robocape_mag,34.8,6.9,-16.35,10.0,0.0,0.0,0.0,10.0,0.0,0.0,0.0,10.0
1446040749956560364,1566,1446040749951518058,robocape_mag,34.8,6.9,-16.35,10.0,0.0,0.0,0.0,10.0,0.0,0.0,0.0,10.0
1446040749991915780,1567,1446040749986872911,robocape_mag,16.2,6.9,-16.95,10.0,0.0,0.0,0.0,10.0,0.0,0.0,0.0,10.0
1446040750022747530,1568,1446040750017755031,robocape_mag,16.2,6.9,-16.95,10.0,0.0,0.0,0.0,10.0,0.0,0.0,0.0,10.0
1446040750056909905,1569,1446040750051913022,robocape_mag,16.2,6.9,-16.95,10.0,0.0,0.0,0.0,10.0,0.0,0.0,0.0,10.0
1446040750091925614,1570,1446040750086817026,robocape_mag,16.2,6.9,-16.95,10.0,0.0,0.0,0.0,10.0,0.0,0.0,0.0,10.0
1446040750128253989,1571,1446040750121273040,robocape_mag,16.2,6.9,-16.95,10.0,0.0,0.0,0.0,10.0,0.0,0.0,0.0,10.0
1446040750160778697,1572,1446040750155672073,robocape_mag,20.4,-6.3,-13.35,10.0,0.0,0.0,0.0,10.0,0.0,0.0,0.0,10.0
1446040750199152447,1573,1446040750191298007,robocape_mag,20.4,-6.3,-13.35,10.0,0.0,0.0,0.0,10.0,0.0,0.0,0.0,10.0
1446040750230686864,1574,1446040750225765943,robocape_mag,20.4,-6.3,-13.35,10.0,0.0,0.0,0.0,10.0,0.0,0.0,0.0,10.0
1446040750267852156,1575,1446040750258363962,robocape_mag,20.4,-6.3,-13.35,10.0,0.0,0.0,0.0,10.0,0.0,0.0,0.0,10.0
1446040750296208072,1576,1446040750291141033,robocape_mag,20.4,-6.3,-13.35,10.0,0.0,0.0,0.0,10.0,0.0,0.0,0.0,10.0
1446040750327991156,1577,1446040750322707891,robocape_mag,8.4,8.7,-14.55,10.0,0.0,0.0,0.0,10.0,0.0,0.0,0.0,10.0
1446040750363253281,1578,1446040750357996940,robocape_mag,8.4,8.7,-14.55,10.0,0.0,0.0,0.0,10.0,0.0,0.0,0.0,10.0
1446040750398546447,1579,1446040750393091917,robocape_mag,8.4,8.7,-14.55,10.0,0.0,0.0,0.0,10.0,0.0,0.0,0.0,10.0
1446040750428625614,1580,1446040750423736095,robocape_mag,8.4,8.7,-14.55,10.0,0.0,0.0,0.0,10.0,0.0,0.0,0.0,10.0
1446040750459238697,1581,1446040750454364061,robocape_mag,8.4,8.7,-1.65,10.0,0.0,0.0,0.0,10.0,0.0,0.0,0.0,10.0
1446040750493772406,1582,1446040750488810062,robocape_mag,-9.3,5.4,-1.65,10.0,0.0,0.0,0.0,10.0,0.0,0.0,0.0,10.0
1446040750528664031,1583,1446040750523710966,robocape_mag,-9.3,5.4,-1.65,10.0,0.0,0.0,0.0,10.0,0.0,0.0,0.0,10.0
1446040750562306572,1584,1446040750557166099,robocape_mag,-9.3,5.4,-1.65,10.0,0.0,0.0,0.0,10.0,0.0,0.0,0.0,10.0
1446040750594110947,1585,1446040750589308023,robocape_mag,-9.3,5.4,-1.65,10.0,0.0,0.0,0.0,10.0,0.0,0.0,0.0,10.0
1446040750633722697,1586,1446040750623610973,robocape_mag,25.8,-2.1,-4.95,10.0,0.0,0.0,0.0,10.0,0.0,0.0,0.0,10.0
1446040750662209989,1587,1446040750656893968,robocape_mag,25.8,-2.1,-4.95,10.0,0.0,0.0,0.0,10.0,0.0,0.0,0.0,10.0
1446040750697546447,1588,1446040750692420959,robocape_mag,25.8,-2.1,-4.95,10.0,0.0,0.0,0.0,10.0,0.0,0.0,0.0,10.0
1446040750735134656,1589,1446040750730410099,robocape_mag,25.8,-2.1,-4.95,10.0,0.0,0.0,0.0,10.0,0.0,0.0,0.0,10.0
1446040750766364114,1590,1446040750760927915,robocape_mag,25.8,-2.1,-4.95,10.0,0.0,0.0,0.0,10.0,0.0,0.0,0.0,10.0
1446040750803568489,1591,1446040750798672914,robocape_mag,32.7,10.2,-20.85,10.0,0.0,0.0,0.0,10.0,0.0,0.0,0.0,10.0
1446040750832778156,1592,1446040750827756881,robocape_mag,32.7,10.2,-20.85,10.0,0.0,0.0,0.0,10.0,0.0,0.0,0.0,10.0
1446040750862783489,1593,1446040750857817888,robocape_mag,32.7,10.2,-20.85,10.0,0.0,0.0,0.0,10.0,0.0,0.0,0.0,10.0
1446040750899316656,1594,1446040750890744924,robocape_mag,32.7,10.2,-20.85,10.0,0.0,0.0,0.0,10.0,0.0,0.0,0.0,10.0
1446040750927286364,1595,1446040750922314882,robocape_mag,32.7,10.2,-20.85,10.0,0.0,0.0,0.0,10.0,0.0,0.0,0.0,10.0
1446040750957067948,1596,1446040750952230930,robocape_mag,15.9,-17.4,-11.25,10.0,0.0,0.0,0.0,10.0,0.0,0.0,0.0,10.0
1446040750990296031,1597,1446040750984985113,robocape_mag,15.9,-17.4,-11.25,10.0,0.0,0.0,0.0,10.0,0.0,0.0,0.0,10.0
1446040751025611614,1598,1446040751020800113,robocape_mag,15.9,-17.4,-11.25,10.0,0.0,0.0,0.0,10.0,0.0,0.0,0.0,10.0
1446040751058764114,1599,1446040751053618907,robocape_mag,15.9,-17.4,-11.25,10.0,0.0,0.0,0.0,10.0,0.0,0.0,0.0,10.0
1446040751093656864,1600,1446040751088745117,robocape_mag,15.9,-17.4,-11.25,10.0,0.0,0.0,0.0,10.0,0.0,0.0,0.0,10.0
1446040751122823114,1601,1446040751117620944,robocape_mag,-4.2,3.9,-17.55,10.0,0.0,0.0,0.0,10.0,0.0,0.0,0.0,10.0
1446040751158389823,1602,1446040751153305053,robocape_mag,-4.2,3.9,-17.55,10.0,0.0,0.0,0.0,10.0,0.0,0.0,0.0,10.0
1446040751189477739,1603,1446040751184211015,robocape_mag,-4.2,3.9,-17.55,10.0,0.0,0.0,0.0,10.0,0.0,0.0,0.0,10.0
1446040751224137614,1604,1446040751218924999,robocape_mag,-4.2,3.9,-17.55,10.0,0.0,0.0,0.0,10.0,0.0,0.0,0.0,10.0
1446040751253784239,1605,1446040751248696088,robocape_mag,-4.2,3.9,-17.55,10.0,0.0,0.0,0.0,10.0,0.0,0.0,0.0,10.0
1446040751283531489,1606,1446040751278769016,robocape_mag,22.8,-19.5,-22.35,10.0,0.0,0.0,0.0,10.0,0.0,0.0,0.0,10.0
1446040751320307656,1607,1446040751315474987,robocape_mag,22.8,-19.5,-22.35,10.0,0.0,0.0,0.0,10.0,0.0,0.0,0.0,10.0
1446040751355641239,1608,1446040751347191095,robocape_mag,22.8,-19.5,-22.35,10.0,0.0,0.0,0.0,10.0,0.0,0.0,0.0,10.0
1446040751386998989,1609,1446040751382054090,robocape_mag,22.8,-19.5,-22.35,10.0,0.0,0.0,0.0,10.0,0.0,0.0,0.0,10.0
1446040751423083864,1610,1446040751416692972,robocape_mag,88.5,4.2,-7.05,10.0,0.0,0.0,0.0,10.0,0.0,0.0,0.0,10.0
1446040751453142448,1611,1446040751448262929,robocape_mag,11.7,4.2,-7.05,10.0,0.0,0.0,0.0,10.0,0.0,0.0,0.0,10.0
1446040751482144823,1612,1446040751477294921,robocape_mag,11.7,4.2,-7.05,10.0,0.0,0.0,0.0,10.0,0.0,0.0,0.0,10.0
1446040751516225906,1613,1446040751511204957,robocape_mag,11.7,4.2,-7.05,10.0,0.0,0.0,0.0,10.0,0.0,0.0,0.0,10.0
1446040751547838615,1614,1446040751542948961,robocape_mag,11.7,4.2,-7.05,10.0,0.0,0.0,0.0,10.0,0.0,0.0,0.0,10.0
1446040751578751115,1615,1446040751573698043,robocape_mag,11.7,4.2,-7.05,10.0,0.0,0.0,0.0,10.0,0.0,0.0,0.0,10.0
1446040751613697323,1616,1446040751608865976,robocape_mag,28.8,-27.9,-9.15,10.0,0.0,0.0,0.0,10.0,0.0,0.0,0.0,10.0
1446040751646813698,1617,1446040751641438007,robocape_mag,28.8,-27.9,-9.15,10.0,0.0,0.0,0.0,10.0,0.0,0.0,0.0,10.0
1446040751682119490,1618,1446040751676995038,robocape_mag,28.8,-27.9,-9.15,10.0,0.0,0.0,0.0,10.0,0.0,0.0,0.0,10.0
1446040751725000948,1619,1446040751719877958,robocape_mag,28.8,-27.9,-9.15,10.0,0.0,0.0,0.0,10.0,0.0,0.0,0.0,10.0
1446040751753990531,1620,1446040751749109983,robocape_mag,45.9,-16.2,-43.05,10.0,0.0,0.0,0.0,10.0,0.0,0.0,0.0,10.0
1446040751781911365,1621,1446040751776973962,robocape_mag,45.9,-16.2,-43.05,10.0,0.0,0.0,0.0,10.0,0.0,0.0,0.0,10.0
1446040751818343615,1622,1446040751811306953,robocape_mag,45.9,-16.2,-43.05,10.0,0.0,0.0,0.0,10.0,0.0,0.0,0.0,10.0
1446040751850288198,1623,1446040751840646982,robocape_mag,45.9,-16.2,-43.05,10.0,0.0,0.0,0.0,10.0,0.0,0.0,0.0,10.0
1446040751877347365,1624,1446040751872354984,robocape_mag,45.9,-16.2,-43.05,10.0,0.0,0.0,0.0,10.0,0.0,0.0,0.0,10.0
1446040751911803240,1625,1446040751906941890,robocape_mag,25.2,31.5,-45.15,10.0,0.0,0.0,0.0,10.0,0.0,0.0,0.0,10.0
1446040751941057490,1626,1446040751936233997,robocape_mag,25.2,31.5,-45.15,10.0,0.0,0.0,0.0,10.0,0.0,0.0,0.0,10.0
1446040751971373115,1627,1446040751964431047,robocape_mag,25.2,31.5,-45.15,10.0,0.0,0.0,0.0,10.0,0.0,0.0,0.0,10.0
1446040752002245281,1628,1446040751997102022,robocape_mag,25.2,31.5,-45.15,10.0,0.0,0.0,0.0,10.0,0.0,0.0,0.0,10.0
1446040752035473698,1629,1446040752030481100,robocape_mag,25.2,31.5,-45.15,10.0,0.0,0.0,0.0,10.0,0.0,0.0,0.0,10.0
1446040752071272031,1630,1446040752066001892,robocape_mag,6.9,31.8,-32.85,10.0,0.0,0.0,0.0,10.0,0.0,0.0,0.0,10.0
1446040752104322198,1631,1446040752096843004,robocape_mag,6.9,31.8,-32.85,10.0,0.0,0.0,0.0,10.0,0.0,0.0,0.0,10.0
1446040752132671740,1632,1446040752127698898,robocape_mag,6.9,31.8,-32.85,10.0,0.0,0.0,0.0,10.0,0.0,0.0,0.0,10.0
1446040752162075406,1633,1446040752157241106,robocape_mag,6.9,31.8,-32.85,10.0,0.0,0.0,0.0,10.0,0.0,0.0,0.0,10.0
1446040752195975781,1634,1446040752190577030,robocape_mag,6.9,31.8,-32.85,10.0,0.0,0.0,0.0,10.0,0.0,0.0,0.0,10.0
1446040752229414156,1635,1446040752224292039,robocape_mag,-4.2,15.3,-6.15,10.0,0.0,0.0,0.0,10.0,0.0,0.0,0.0,10.0
1446040752259048157,1636,1446040752254317998,robocape_mag,-4.2,15.3,-6.15,10.0,0.0,0.0,0.0,10.0,0.0,0.0,0.0,10.0
1446040752295441907,1637,1446040752290220022,robocape_mag,-4.2,15.3,-6.15,10.0,0.0,0.0,0.0,10.0,0.0,0.0,0.0,10.0
1446040752327109490,1638,1446040752321436882,robocape_mag,-4.2,15.3,-6.15,10.0,0.0,0.0,0.0,10.0,0.0,0.0,0.0,10.0
1446040752366003740,1639,1446040752357903957,robocape_mag,-4.2,15.3,-6.15,10.0,0.0,0.0,0.0,10.0,0.0,0.0,0.0,10.0
1446040752399108948,1640,1446040752390563964,robocape_mag,2.4,32.1,-43.95,10.0,0.0,0.0,0.0,10.0,0.0,0.0,0.0,10.0
1446040752432342782,1641,1446040752427333116,robocape_mag,2.4,32.1,-43.95,10.0,0.0,0.0,0.0,10.0,0.0,0.0,0.0,10.0
1446040752465706990,1642,1446040752460895061,robocape_mag,2.4,32.1,-43.95,10.0,0.0,0.0,0.0,10.0,0.0,0.0,0.0,10.0
1446040752500434448,1643,1446040752494858026,robocape_mag,2.4,32.1,-43.95,10.0,0.0,0.0,0.0,10.0,0.0,0.0,0.0,10.0
1446040752535098240,1644,1446040752530148983,robocape_mag,2.4,32.1,-43.95,10.0,0.0,0.0,0.0,10.0,0.0,0.0,0.0,10.0
1446040752566579865,1645,1446040752561564922,robocape_mag,4.5,42.0,-32.25,10.0,0.0,0.0,0.0,10.0,0.0,0.0,0.0,10.0
1446040752597354990,1646,1446040752592562913,robocape_mag,4.5,42.0,-32.25,10.0,0.0,0.0,0.0,10.0,0.0,0.0,0.0,10.0
1446040752629034407,1647,1446040752624085903,robocape_mag,4.5,42.0,-32.25,10.0,0.0,0.0,0.0,10.0,0.0,0.0,0.0,10.0
1446040752657511407,1648,1446040752652714967,robocape_mag,4.5,42.0,-32.25,10.0,0.0,0.0,0.0,10.0,0.0,0.0,0.0,10.0
1446040752694760907,1649,1446040752681550979,robocape_mag,4.5,42.0,-32.25,10.0,0.0,0.0,0.0,10.0,0.0,0.0,0.0,10.0
1446040752726208865,1650,1446040752721327066,robocape_mag,0.3,41.4,-31.65,10.0,0.0,0.0,0.0,10.0,0.0,0.0,0.0,10.0
1446040752761904282,1651,1446040752756942987,robocape_mag,0.3,41.4,-31.65,10.0,0.0,0.0,0.0,10.0,0.0,0.0,0.0,10.0
1446040752790652407,1652,1446040752785542964,robocape_mag,0.3,41.4,-31.65,10.0,0.0,0.0,0.0,10.0,0.0,0.0,0.0,10.0
1446040752821155657,1653,1446040752816251039,robocape_mag,0.3,41.4,-31.65,10.0,0.0,0.0,0.0,10.0,0.0,0.0,0.0,10.0
1446040752851081823,1654,1446040752845820903,robocape_mag,0.3,41.4,-31.65,10.0,0.0,0.0,0.0,10.0,0.0,0.0,0.0,10.0
1446040752884342323,1655,1446040752879336118,robocape_mag,0.0,41.1,-34.35,10.0,0.0,0.0,0.0,10.0,0.0,0.0,0.0,10.0
1446040752914400282,1656,1446040752909607887,robocape_mag,0.0,41.1,-34.35,10.0,0.0,0.0,0.0,10.0,0.0,0.0,0.0,10.0
1446040752943830490,1657,1446040752939100027,robocape_mag,0.0,41.1,-34.35,10.0,0.0,0.0,0.0,10.0,0.0,0.0,0.0,10.0
1446040752982011074,1658,1446040752973392009,robocape_mag,0.0,41.1,-34.35,10.0,0.0,0.0,0.0,10.0,0.0,0.0,0.0,10.0
1446040753010817532,1659,1446040753005832910,robocape_mag,0.0,41.1,-34.35,10.0,0.0,0.0,0.0,10.0,0.0,0.0,0.0,10.0
1446040753045320074,1660,1446040753040529966,robocape_mag,1.5,41.4,-34.65,10.0,0.0,0.0,0.0,10.0,0.0,0.0,0.0,10.0
1446040753077727157,1661,1446040753072448968,robocape_mag,1.5,41.4,-34.65,10.0,0.0,0.0,0.0,10.0,0.0,0.0,0.0,10.0
1446040753114415157,1662,1446040753109563112,robocape_mag,1.5,41.4,-34.65,10.0,0.0,0.0,0.0,10.0,0.0,0.0,0.0,10.0
1446040753146145532,1663,1446040753141285896,robocape_mag,1.5,41.4,-34.65,10.0,0.0,0.0,0.0,10.0,0.0,0.0,0.0,10.0
1446040753179436490,1664,1446040753172497987,robocape_mag,1.5,41.4,-34.65,10.0,0.0,0.0,0.0,10.0,0.0,0.0,0.0,10.0
1446040753210913574,1665,1446040753206018924,robocape_mag,3.0,42.3,-38.55,10.0,0.0,0.0,0.0,10.0,0.0,0.0,0.0,10.0
1446040753243742824,1666,1446040753238934040,robocape_mag,3.0,42.3,-38.55,10.0,0.0,0.0,0.0,10.0,0.0,0.0,0.0,10.0
1446040753279365199,1667,1446040753272264957,robocape_mag,3.0,42.3,-38.55,10.0,0.0,0.0,0.0,10.0,0.0,0.0,0.0,10.0
1446040753310867282,1668,1446040753305948972,robocape_mag,3.0,42.3,-38.55,10.0,0.0,0.0,0.0,10.0,0.0,0.0,0.0,10.0
1446040753343944782,1669,1446040753339138031,robocape_mag,-0.3,40.2,-38.85,10.0,0.0,0.0,0.0,10.0,0.0,0.0,0.0,10.0
1446040753387326490,1670,1446040753376892089,robocape_mag,-0.3,40.2,-38.85,10.0,0.0,0.0,0.0,10.0,0.0,0.0,0.0,10.0
1446040753418075449,1671,1446040753413184881,robocape_mag,-0.3,40.2,-38.85,10.0,0.0,0.0,0.0,10.0,0.0,0.0,0.0,10.0
1446040753448334782,1672,1446040753443453073,robocape_mag,-0.3,40.2,-38.85,10.0,0.0,0.0,0.0,10.0,0.0,0.0,0.0,10.0
1446040753485894074,1673,1446040753480120897,robocape_mag,-0.3,40.2,-38.85,10.0,0.0,0.0,0.0,10.0,0.0,0.0,0.0,10.0
1446040753520584907,1674,1446040753515762090,robocape_mag,0.0,41.7,-34.95,10.0,0.0,0.0,0.0,10.0,0.0,0.0,0.0,10.0
1446040753555991407,1675,1446040753550970077,robocape_mag,0.0,41.7,-34.95,10.0,0.0,0.0,0.0,10.0,0.0,0.0,0.0,10.0
1446040753588769449,1676,1446040753583818912,robocape_mag,0.0,41.7,-34.95,10.0,0.0,0.0,0.0,10.0,0.0,0.0,0.0,10.0
1446040753620836199,1677,1446040753615890026,robocape_mag,0.0,41.7,-34.95,10.0,0.0,0.0,0.0,10.0,0.0,0.0,0.0,10.0
1446040753649918366,1678,1446040753645136117,robocape_mag,0.0,41.7,-34.95,10.0,0.0,0.0,0.0,10.0,0.0,0.0,0.0,10.0
1446040753683144199,1679,1446040753677912950,robocape_mag,-2.1,43.8,-35.25,10.0,0.0,0.0,0.0,10.0,0.0,0.0,0.0,10.0
1446040753725602282,1680,1446040753720170974,robocape_mag,-2.1,43.8,-35.25,10.0,0.0,0.0,0.0,10.0,0.0,0.0,0.0,10.0
1446040753761894991,1681,1446040753756973028,robocape_mag,-2.1,43.8,-35.25,10.0,0.0,0.0,0.0,10.0,0.0,0.0,0.0,10.0
1446040753791163199,1682,1446040753786139011,robocape_mag,-2.1,43.8,-35.25,10.0,0.0,0.0,0.0,10.0,0.0,0.0,0.0,10.0
1446040753821753574,1683,1446040753816575050,robocape_mag,-0.3,40.8,-34.05,10.0,0.0,0.0,0.0,10.0,0.0,0.0,0.0,10.0
1446040753856147199,1684,1446040753847079038,robocape_mag,-0.3,40.8,-34.05,10.0,0.0,0.0,0.0,10.0,0.0,0.0,0.0,10.0
1446040753883311782,1685,1446040753878097057,robocape_mag,-0.3,40.8,-34.05,10.0,0.0,0.0,0.0,10.0,0.0,0.0,0.0,10.0
1446040753912526907,1686,1446040753907692909,robocape_mag,-0.3,40.8,-34.05,10.0,0.0,0.0,0.0,10.0,0.0,0.0,0.0,10.0
1446040753946806657,1687,1446040753940387964,robocape_mag,-0.3,40.8,-34.05,10.0,0.0,0.0,0.0,10.0,0.0,0.0,0.0,10.0
1446040753978517491,1688,1446040753973431110,robocape_mag,-0.3,40.8,-34.05,10.0,0.0,0.0,0.0,10.0,0.0,0.0,0.0,10.0
1446040754013608824,1689,1446040754008652925,robocape_mag,0.9,40.8,-38.25,10.0,0.0,0.0,0.0,10.0,0.0,0.0,0.0,10.0
1446040754043934824,1690,1446040754038985013,robocape_mag,0.9,40.8,-38.25,10.0,0.0,0.0,0.0,10.0,0.0,0.0,0.0,10.0
1446040754077612866,1691,1446040754072544097,robocape_mag,0.9,40.8,-38.25,10.0,0.0,0.0,0.0,10.0,0.0,0.0,0.0,10.0
1446040754110938157,1692,1446040754105597972,robocape_mag,0.9,40.8,-38.25,10.0,0.0,0.0,0.0,10.0,0.0,0.0,0.0,10.0
1446040754144039491,1693,1446040754139142036,robocape_mag,0.9,40.2,-40.05,10.0,0.0,0.0,0.0,10.0,0.0,0.0,0.0,10.0
1446040754177679616,1694,1446040754172316074,robocape_mag,0.9,40.2,-40.05,10.0,0.0,0.0,0.0,10.0,0.0,0.0,0.0,10.0
1446040754215995907,1695,1446040754208484888,robocape_mag,0.9,40.2,-40.05,10.0,0.0,0.0,0.0,10.0,0.0,0.0,0.0,10.0
1446040754246667407,1696,1446040754241884946,robocape_mag,0.9,40.2,-40.05,10.0,0.0,0.0,0.0,10.0,0.0,0.0,0.0,10.0
1446040754277404741,1697,1446040754272288084,robocape_mag,0.9,40.2,-40.05,10.0,0.0,0.0,0.0,10.0,0.0,0.0,0.0,10.0
1446040754310562782,1698,1446040754305670022,robocape_mag,1.5,38.4,-38.85,10.0,0.0,0.0,0.0,10.0,0.0,0.0,0.0,10.0
1446040754347602866,1699,1446040754342694997,robocape_mag,1.5,38.4,-38.85,10.0,0.0,0.0,0.0,10.0,0.0,0.0,0.0,10.0
1446040754382774449,1700,1446040754377336978,robocape_mag,1.5,38.4,-38.85,10.0,0.0,0.0,0.0,10.0,0.0,0.0,0.0,10.0
1446040754414864449,1701,1446040754409244060,robocape_mag,1.5,38.4,-38.85,10.0,0.0,0.0,0.0,10.0,0.0,0.0,0.0,10.0
1446040754443961241,1702,1446040754439229965,robocape_mag,1.5,38.4,-38.85,10.0,0.0,0.0,0.0,10.0,0.0,0.0,0.0,10.0
1446040754482632741,1703,1446040754475337982,robocape_mag,-0.9,42.6,-41.85,10.0,0.0,0.0,0.0,10.0,0.0,0.0,0.0,10.0
1446040754517429616,1704,1446040754509851932,robocape_mag,-0.9,42.6,-41.85,10.0,0.0,0.0,0.0,10.0,0.0,0.0,0.0,10.0
1446040754550542783,1705,1446040754545595884,robocape_mag,-0.9,42.6,-41.85,10.0,0.0,0.0,0.0,10.0,0.0,0.0,0.0,10.0
1446040754586858408,1706,1446040754580179929,robocape_mag,-0.9,42.6,-41.85,10.0,0.0,0.0,0.0,10.0,0.0,0.0,0.0,10.0
1446040754620022658,1707,1446040754613075017,robocape_mag,-0.9,42.6,-41.85,10.0,0.0,0.0,0.0,10.0,0.0,0.0,0.0,10.0
1446040754651068491,1708,1446040754646274089,robocape_mag,0.0,41.7,-33.15,10.0,0.0,0.0,0.0,10.0,0.0,0.0,0.0,10.0
1446040754682362574,1709,1446040754675215005,robocape_mag,0.0,41.7,-33.15,10.0,0.0,0.0,0.0,10.0,0.0,0.0,0.0,10.0
1446040754723152866,1710,1446040754718195915,robocape_mag,0.0,41.7,-33.15,10.0,0.0,0.0,0.0,10.0,0.0,0.0,0.0,10.0
1446040754756350324,1711,1446040754751508951,robocape_mag,0.0,41.7,-33.15,10.0,0.0,0.0,0.0,10.0,0.0,0.0,0.0,10.0
1446040754787535616,1712,1446040754782428026,robocape_mag,4.8,42.9,-36.75,10.0,0.0,0.0,0.0,10.0,0.0,0.0,0.0,10.0
1446040754818507449,1713,1446040754813571929,robocape_mag,4.8,42.9,-36.75,10.0,0.0,0.0,0.0,10.0,0.0,0.0,0.0,10.0
1446040754851958908,1714,1446040754846741914,robocape_mag,4.8,42.9,-36.75,10.0,0.0,0.0,0.0,10.0,0.0,0.0,0.0,10.0
1446040754885406991,1715,1446040754880043029,robocape_mag,4.8,42.9,-36.75,10.0,0.0,0.0,0.0,10.0,0.0,0.0,0.0,10.0
1446040754919828991,1716,1446040754911287069,robocape_mag,4.8,42.9,-36.75,10.0,0.0,0.0,0.0,10.0,0.0,0.0,0.0,10.0
1446040754951396533,1717,1446040754946244001,robocape_mag,0.9,40.8,-41.85,10.0,0.0,0.0,0.0,10.0,0.0,0.0,0.0,10.0
1446040754986555658,1718,1446040754977442979,robocape_mag,0.9,40.8,-41.85,10.0,0.0,0.0,0.0,10.0,0.0,0.0,0.0,10.0
1446040755026154616,1719,1446040755017942905,robocape_mag,0.9,40.8,-41.85,10.0,0.0,0.0,0.0,10.0,0.0,0.0,0.0,10.0
1446040755053651366,1720,1446040755048870086,robocape_mag,0.9,40.8,-41.85,10.0,0.0,0.0,0.0,10.0,0.0,0.0,0.0,10.0
1446040755084751200,1721,1446040755079566001,robocape_mag,0.9,40.8,-41.85,10.0,0.0,0.0,0.0,10.0,0.0,0.0,0.0,10.0
1446040755118308033,1722,1446040755112993955,robocape_mag,-1.8,42.9,-31.35,10.0,0.0,0.0,0.0,10.0,0.0,0.0,0.0,10.0
1446040755147445033,1723,1446040755141753911,robocape_mag,-1.8,42.9,-31.35,10.0,0.0,0.0,0.0,10.0,0.0,0.0,0.0,10.0
1446040755180565658,1724,1446040755173521995,robocape_mag,-1.8,42.9,-31.35,10.0,0.0,0.0,0.0,10.0,0.0,0.0,0.0,10.0
1446040755212699741,1725,1446040755207704067,robocape_mag,-1.8,42.9,-31.35,10.0,0.0,0.0,0.0,10.0,0.0,0.0,0.0,10.0
1446040755247777700,1726,1446040755242714881,robocape_mag,-1.8,42.9,-31.35,10.0,0.0,0.0,0.0,10.0,0.0,0.0,0.0,10.0
1446040755277190033,1727,1446040755272365093,robocape_mag,2.7,43.8,-31.65,10.0,0.0,0.0,0.0,10.0,0.0,0.0,0.0,10.0
1446040755313019700,1728,1446040755308067083,robocape_mag,2.7,43.8,-31.65,10.0,0.0,0.0,0.0,10.0,0.0,0.0,0.0,10.0
1446040755344093950,1729,1446040755339009046,robocape_mag,2.7,43.8,-31.65,10.0,0.0,0.0,0.0,10.0,0.0,0.0,0.0,10.0
1446040755377235491,1730,1446040755372466087,robocape_mag,2.7,43.8,-31.65,10.0,0.0,0.0,0.0,10.0,0.0,0.0,0.0,10.0
1446040755415180658,1731,1446040755409323930,robocape_mag,2.7,43.8,-31.65,10.0,0.0,0.0,0.0,10.0,0.0,0.0,0.0,10.0
1446040755446271283,1732,1446040755441392898,robocape_mag,0.3,41.4,-37.65,10.0,0.0,0.0,0.0,10.0,0.0,0.0,0.0,10.0
1446040755479454450,1733,1446040755474212884,robocape_mag,0.3,41.4,-37.65,10.0,0.0,0.0,0.0,10.0,0.0,0.0,0.0,10.0
1446040755513335116,1734,1446040755507946014,robocape_mag,0.3,41.4,-37.65,10.0,0.0,0.0,0.0,10.0,0.0,0.0,0.0,10.0
1446040755548876200,1735,1446040755543519973,robocape_mag,0.3,41.4,-37.65,10.0,0.0,0.0,0.0,10.0,0.0,0.0,0.0,10.0
1446040755580973408,1736,1446040755576045036,robocape_mag,0.3,44.1,-39.15,10.0,0.0,0.0,0.0,10.0,0.0,0.0,0.0,10.0
1446040755610557575,1737,1446040755605829954,robocape_mag,6.0,44.1,-39.15,10.0,0.0,0.0,0.0,10.0,0.0,0.0,0.0,10.0
1446040755648613950,1738,1446040755643086910,robocape_mag,6.0,44.1,-39.15,10.0,0.0,0.0,0.0,10.0,0.0,0.0,0.0,10.0
1446040755680732783,1739,1446040755675367116,robocape_mag,6.0,44.1,-39.15,10.0,0.0,0.0,0.0,10.0,0.0,0.0,0.0,10.0
1446040755718910950,1740,1446040755713816881,robocape_mag,6.0,44.1,-39.15,10.0,0.0,0.0,0.0,10.0,0.0,0.0,0.0,10.0
1446040755749280575,1741,1446040755744204998,robocape_mag,-0.9,42.6,-31.05,10.0,0.0,0.0,0.0,10.0,0.0,0.0,0.0,10.0
1446040755779910950,1742,1446040755775029897,robocape_mag,-0.9,42.6,-31.05,10.0,0.0,0.0,0.0,10.0,0.0,0.0,0.0,10.0
1446040755814684867,1743,1446040755809617996,robocape_mag,-0.9,42.6,-31.05,10.0,0.0,0.0,0.0,10.0,0.0,0.0,0.0,10.0
1446040755845461242,1744,1446040755840516090,robocape_mag,-0.9,42.6,-31.05,10.0,0.0,0.0,0.0,10.0,0.0,0.0,0.0,10.0
1446040755877439158,1745,1446040755872524976,robocape_mag,-0.9,42.6,-31.05,10.0,0.0,0.0,0.0,10.0,0.0,0.0,0.0,10.0
1446040755914795117,1746,1446040755909797906,robocape_mag,0.0,41.1,-31.95,10.0,0.0,0.0,0.0,10.0,0.0,0.0,0.0,10.0
1446040755949450117,1747,1446040755944257974,robocape_mag,0.0,41.1,-31.95,10.0,0.0,0.0,0.0,10.0,0.0,0.0,0.0,10.0
1446040755981023700,1748,1446040755976275920,robocape_mag,0.0,41.1,-31.95,10.0,0.0,0.0,0.0,10.0,0.0,0.0,0.0,10.0
1446040756010343742,1749,1446040756005567073,robocape_mag,0.0,41.1,-31.95,10.0,0.0,0.0,0.0,10.0,0.0,0.0,0.0,10.0
1446040756043901492,1750,1446040756039016962,robocape_mag,0.0,41.1,-31.95,10.0,0.0,0.0,0.0,10.0,0.0,0.0,0.0,10.0
1446040756084916867,1751,1446040756075715065,robocape_mag,0.9,42.6,-40.05,10.0,0.0,0.0,0.0,10.0,0.0,0.0,0.0,10.0
1446040756113595533,1752,1446040756108824968,robocape_mag,0.9,42.6,-40.05,10.0,0.0,0.0,0.0,10.0,0.0,0.0,0.0,10.0
1446040756144170450,1753,1446040756139331102,robocape_mag,0.9,42.6,-40.05,10.0,0.0,0.0,0.0,10.0,0.0,0.0,0.0,10.0
1446040756177483992,1754,1446040756172454118,robocape_mag,0.9,42.6,-40.05,10.0,0.0,0.0,0.0,10.0,0.0,0.0,0.0,10.0
1446040756213454450,1755,1446040756208676099,robocape_mag,0.9,42.6,-40.05,10.0,0.0,0.0,0.0,10.0,0.0,0.0,0.0,10.0
1446040756244004117,1756,1446040756239183902,robocape_mag,0.6,41.7,-33.75,10.0,0.0,0.0,0.0,10.0,0.0,0.0,0.0,10.0
1446040756279079867,1757,1446040756274113893,robocape_mag,0.6,41.7,-33.75,10.0,0.0,0.0,0.0,10.0,0.0,0.0,0.0,10.0
1446040756314452575,1758,1446040756309482097,robocape_mag,0.6,41.7,-33.75,10.0,0.0,0.0,0.0,10.0,0.0,0.0,0.0,10.0
1446040756346355283,1759,1446040756341567039,robocape_mag,0.6,41.7,-33.75,10.0,0.0,0.0,0.0,10.0,0.0,0.0,0.0,10.0
1446040756377815658,1760,1446040756372843027,robocape_mag,0.6,41.7,-33.75,10.0,0.0,0.0,0.0,10.0,0.0,0.0,0.0,10.0
1446040756420605950,1761,1446040756412991046,robocape_mag,0.6,41.7,-36.75,10.0,0.0,0.0,0.0,10.0,0.0,0.0,0.0,10.0
1446040756450410325,1762,1446040756444384098,robocape_mag,0.6,41.7,-36.75,10.0,0.0,0.0,0.0,10.0,0.0,0.0,0.0,10.0
1446040756477113534,1763,1446040756472345113,robocape_mag,0.6,41.7,-36.75,10.0,0.0,0.0,0.0,10.0,0.0,0.0,0.0,10.0
1446040756510701867,1764,1446040756505795955,robocape_mag,0.6,41.7,-36.75,10.0,0.0,0.0,0.0,10.0,0.0,0.0,0.0,10.0
1446040756547006492,1765,1446040756542156934,robocape_mag,-2.7,42.0,-35.85,10.0,0.0,0.0,0.0,10.0,0.0,0.0,0.0,10.0
1446040756580759784,1766,1446040756575649976,robocape_mag,-2.7,42.0,-35.85,10.0,0.0,0.0,0.0,10.0,0.0,0.0,0.0,10.0
1446040756614949450,1767,1446040756609222888,robocape_mag,-2.7,42.0,-35.85,10.0,0.0,0.0,0.0,10.0,0.0,0.0,0.0,10.0
1446040756646018159,1768,1446040756641160011,robocape_mag,-2.7,42.0,-35.85,10.0,0.0,0.0,0.0,10.0,0.0,0.0,0.0,10.0
1446040756678794909,1769,1446040756674005031,robocape_mag,-2.7,42.0,-35.85,10.0,0.0,0.0,0.0,10.0,0.0,0.0,0.0,10.0
1446040756723391700,1770,1446040756718316078,robocape_mag,6.9,43.8,-35.85,10.0,0.0,0.0,0.0,10.0,0.0,0.0,0.0,10.0
1446040756757812034,1771,1446040756752969026,robocape_mag,6.9,43.8,-35.85,10.0,0.0,0.0,0.0,10.0,0.0,0.0,0.0,10.0
1446040756791475200,1772,1446040756786322116,robocape_mag,6.9,43.8,-35.85,10.0,0.0,0.0,0.0,10.0,0.0,0.0,0.0,10.0
1446040756825761034,1773,1446040756820754051,robocape_mag,6.9,43.8,-35.85,10.0,0.0,0.0,0.0,10.0,0.0,0.0,0.0,10.0
1446040756856244534,1774,1446040756850193977,robocape_mag,6.9,43.8,-35.85,10.0,0.0,0.0,0.0,10.0,0.0,0.0,0.0,10.0
1446040756892981159,1775,1446040756887860059,robocape_mag,0.0,40.5,-38.55,10.0,0.0,0.0,0.0,10.0,0.0,0.0,0.0,10.0
1446040756924091450,1776,1446040756918992042,robocape_mag,0.0,40.5,-38.55,10.0,0.0,0.0,0.0,10.0,0.0,0.0,0.0,10.0
1446040756955327825,1777,1446040756950067996,robocape_mag,0.0,40.5,-38.55,10.0,0.0,0.0,0.0,10.0,0.0,0.0,0.0,10.0
1446040756988153492,1778,1446040756983098983,robocape_mag,0.0,40.5,-38.55,10.0,0.0,0.0,0.0,10.0,0.0,0.0,0.0,10.0
1446040757020438034,1779,1446040757015492916,robocape_mag,0.0,42.6,-36.45,10.0,0.0,0.0,0.0,10.0,0.0,0.0,0.0,10.0
1446040757051709367,1780,1446040757046885967,robocape_mag,-0.9,42.6,-36.45,10.0,0.0,0.0,0.0,10.0,0.0,0.0,0.0,10.0
1446040757085179575,1781,1446040757077802896,robocape_mag,-0.9,42.6,-36.45,10.0,0.0,0.0,0.0,10.0,0.0,0.0,0.0,10.0
1446040757119251700,1782,1446040757114243030,robocape_mag,-0.9,42.6,-36.45,10.0,0.0,0.0,0.0,10.0,0.0,0.0,0.0,10.0
1446040757148507367,1783,1446040757143630981,robocape_mag,-0.9,42.6,-36.45,10.0,0.0,0.0,0.0,10.0,0.0,0.0,0.0,10.0
1446040757179574159,1784,1446040757174763917,robocape_mag,-0.9,42.6,-35.85,10.0,0.0,0.0,0.0,10.0,0.0,0.0,0.0,10.0
1446040757214037909,1785,1446040757209250926,robocape_mag,2.1,41.4,-35.85,10.0,0.0,0.0,0.0,10.0,0.0,0.0,0.0,10.0
1446040757244148826,1786,1446040757239290952,robocape_mag,2.1,41.4,-35.85,10.0,0.0,0.0,0.0,10.0,0.0,0.0,0.0,10.0
1446040757277554617,1787,1446040757272593021,robocape_mag,2.1,41.4,-35.85,10.0,0.0,0.0,0.0,10.0,0.0,0.0,0.0,10.0
1446040757310513117,1788,1446040757305699110,robocape_mag,2.1,41.4,-35.85,10.0,0.0,0.0,0.0,10.0,0.0,0.0,0.0,10.0
1446040757344040576,1789,1446040757339056015,robocape_mag,-0.3,42.0,-38.25,10.0,0.0,0.0,0.0,10.0,0.0,0.0,0.0,10.0
1446040757380479451,1790,1446040757375433921,robocape_mag,-0.3,42.0,-38.25,10.0,0.0,0.0,0.0,10.0,0.0,0.0,0.0,10.0
1446040757410648784,1791,1446040757405842065,robocape_mag,-0.3,42.0,-38.25,10.0,0.0,0.0,0.0,10.0,0.0,0.0,0.0,10.0
1446040757447953492,1792,1446040757443022012,robocape_mag,-0.3,42.0,-38.25,10.0,0.0,0.0,0.0,10.0,0.0,0.0,0.0,10.0
1446040757480205617,1793,1446040757475157022,robocape_mag,-0.3,42.0,-38.25,10.0,0.0,0.0,0.0,10.0,0.0,0.0,0.0,10.0
1446040757514104909,1794,1446040757509248971,robocape_mag,0.9,41.4,-40.05,10.0,0.0,0.0,0.0,10.0,0.0,0.0,0.0,10.0
1446040757544163451,1795,1446040757539308071,robocape_mag,0.9,41.4,-40.05,10.0,0.0,0.0,0.0,10.0,0.0,0.0,0.0,10.0
1446040757579286034,1796,1446040757574158906,robocape_mag,0.9,41.4,-40.05,10.0,0.0,0.0,0.0,10.0,0.0,0.0,0.0,10.0
1446040757614101534,1797,1446040757609281063,robocape_mag,0.9,41.4,-40.05,10.0,0.0,0.0,0.0,10.0,0.0,0.0,0.0,10.0
1446040757648028076,1798,1446040757643132925,robocape_mag,0.9,41.4,-40.05,10.0,0.0,0.0,0.0,10.0,0.0,0.0,0.0,10.0
1446040757677548159,1799,1446040757672759056,robocape_mag,1.2,44.7,-31.95,10.0,0.0,0.0,0.0,10.0,0.0,0.0,0.0,10.0
1446040757718804326,1800,1446040757713917970,robocape_mag,1.2,44.7,-31.95,10.0,0.0,0.0,0.0,10.0,0.0,0.0,0.0,10.0
1446040757753192909,1801,1446040757748411893,robocape_mag,1.2,44.7,-31.95,10.0,0.0,0.0,0.0,10.0,0.0,0.0,0.0,10.0
1446040757785126701,1802,1446040757780304908,robocape_mag,1.2,44.7,-31.95,10.0,0.0,0.0,0.0,10.0,0.0,0.0,0.0,10.0
1446040757819518034,1803,1446040757814541101,robocape_mag,1.2,44.7,-40.65,10.0,0.0,0.0,0.0,10.0,0.0,0.0,0.0,10.0
1446040757850806659,1804,1446040757845983028,robocape_mag,0.9,39.6,-40.65,10.0,0.0,0.0,0.0,10.0,0.0,0.0,0.0,10.0
1446040757880655284,1805,1446040757875648975,robocape_mag,0.9,39.6,-40.65,10.0,0.0,0.0,0.0,10.0,0.0,0.0,0.0,10.0
1446040757910509118,1806,1446040757905687093,robocape_mag,0.9,39.6,-40.65,10.0,0.0,0.0,0.0,10.0,0.0,0.0,0.0,10.0
1446040757947741284,1807,1446040757942114114,robocape_mag,0.9,39.6,-40.65,10.0,0.0,0.0,0.0,10.0,0.0,0.0,0.0,10.0
1446040757978356076,1808,1446040757973541021,robocape_mag,0.9,39.6,-40.65,10.0,0.0,0.0,0.0,10.0,0.0,0.0,0.0,10.0
1446040758010780159,1809,1446040758005759954,robocape_mag,4.5,42.6,-37.05,10.0,0.0,0.0,0.0,10.0,0.0,0.0,0.0,10.0
1446040758043955409,1810,1446040758039076089,robocape_mag,4.5,42.6,-37.05,10.0,0.0,0.0,0.0,10.0,0.0,0.0,0.0,10.0
1446040758077249076,1811,1446040758072436094,robocape_mag,4.5,42.6,-37.05,10.0,0.0,0.0,0.0,10.0,0.0,0.0,0.0,10.0
1446040758110429284,1812,1446040758105638027,robocape_mag,4.5,42.6,-37.05,10.0,0.0,0.0,0.0,10.0,0.0,0.0,0.0,10.0
1446040758144463993,1813,1446040758139221906,robocape_mag,-0.9,40.8,-38.85,10.0,0.0,0.0,0.0,10.0,0.0,0.0,0.0,10.0
1446040758183475993,1814,1446040758174706935,robocape_mag,-0.9,40.8,-38.85,10.0,0.0,0.0,0.0,10.0,0.0,0.0,0.0,10.0
1446040758210572951,1815,1446040758205735921,robocape_mag,-0.9,40.8,-38.85,10.0,0.0,0.0,0.0,10.0,0.0,0.0,0.0,10.0
1446040758244503076,1816,1446040758239204883,robocape_mag,-0.9,40.8,-38.85,10.0,0.0,0.0,0.0,10.0,0.0,0.0,0.0,10.0
1446040758280270909,1817,1446040758275398015,robocape_mag,-0.9,40.8,-38.85,10.0,0.0,0.0,0.0,10.0,0.0,0.0,0.0,10.0
1446040758310729243,1818,1446040758305896043,robocape_mag,0.6,41.1,-39.75,10.0,0.0,0.0,0.0,10.0,0.0,0.0,0.0,10.0
1446040758344208743,1819,1446040758339044094,robocape_mag,0.6,41.1,-39.75,10.0,0.0,0.0,0.0,10.0,0.0,0.0,0.0,10.0
1446040758377668409,1820,1446040758372694015,robocape_mag,0.6,41.1,-39.75,10.0,0.0,0.0,0.0,10.0,0.0,0.0,0.0,10.0
1446040758411253451,1821,1446040758406430006,robocape_mag,0.6,41.1,-39.75,10.0,0.0,0.0,0.0,10.0,0.0,0.0,0.0,10.0
1446040758445392993,1822,1446040758440298080,robocape_mag,0.6,41.1,-39.75,10.0,0.0,0.0,0.0,10.0,0.0,0.0,0.0,10.0
1446040758479507409,1823,1446040758474539995,robocape_mag,0.9,42.6,-38.85,10.0,0.0,0.0,0.0,10.0,0.0,0.0,0.0,10.0
1446040758512872034,1824,1446040758505825042,robocape_mag,0.9,42.6,-38.85,10.0,0.0,0.0,0.0,10.0,0.0,0.0,0.0,10.0
1446040758543960201,1825,1446040758539060115,robocape_mag,0.9,42.6,-38.85,10.0,0.0,0.0,0.0,10.0,0.0,0.0,0.0,10.0
1446040758578201535,1826,1446040758572670936,robocape_mag,0.9,42.6,-38.85,10.0,0.0,0.0,0.0,10.0,0.0,0.0,0.0,10.0
1446040758611832410,1827,1446040758607069015,robocape_mag,0.9,42.6,-38.85,10.0,0.0,0.0,0.0,10.0,0.0,0.0,0.0,10.0
1446040758644417076,1828,1446040758639405965,robocape_mag,3.6,41.7,-40.35,10.0,0.0,0.0,0.0,10.0,0.0,0.0,0.0,10.0
1446040758677034160,1829,1446040758672250032,robocape_mag,3.6,41.7,-40.35,10.0,0.0,0.0,0.0,10.0,0.0,0.0,0.0,10.0
1446040758719602493,1830,1446040758714562892,robocape_mag,3.6,41.7,-40.35,10.0,0.0,0.0,0.0,10.0,0.0,0.0,0.0,10.0
1446040758750478201,1831,1446040758745637893,robocape_mag,3.6,41.7,-40.35,10.0,0.0,0.0,0.0,10.0,0.0,0.0,0.0,10.0
1446040758781247743,1832,1446040758776396036,robocape_mag,0.3,40.8,-35.25,10.0,0.0,0.0,0.0,10.0,0.0,0.0,0.0,10.0
1446040758810551993,1833,1446040758805668115,robocape_mag,0.3,40.8,-35.25,10.0,0.0,0.0,0.0,10.0,0.0,0.0,0.0,10.0
1446040758844907326,1834,1446040758839886903,robocape_mag,0.3,40.8,-35.25,10.0,0.0,0.0,0.0,10.0,0.0,0.0,0.0,10.0
1446040758877446701,1835,1446040758872545957,robocape_mag,0.3,40.8,-35.25,10.0,0.0,0.0,0.0,10.0,0.0,0.0,0.0,10.0
1446040758910739785,1836,1446040758905940055,robocape_mag,0.3,40.8,-35.25,10.0,0.0,0.0,0.0,10.0,0.0,0.0,0.0,10.0
1446040758948912410,1837,1446040758941967964,robocape_mag,0.0,42.9,-35.55,10.0,0.0,0.0,0.0,10.0,0.0,0.0,0.0,10.0
1446040758979461576,1838,1446040758974452018,robocape_mag,0.0,42.9,-35.55,10.0,0.0,0.0,0.0,10.0,0.0,0.0,0.0,10.0
1446040759013347326,1839,1446040759008460044,robocape_mag,0.0,42.9,-35.55,10.0,0.0,0.0,0.0,10.0,0.0,0.0,0.0,10.0
1446040759049186035,1840,1446040759044095039,robocape_mag,0.0,42.9,-35.55,10.0,0.0,0.0,0.0,10.0,0.0,0.0,0.0,10.0
1446040759081687993,1841,1446040759076581954,robocape_mag,0.0,42.9,-35.55,10.0,0.0,0.0,0.0,10.0,0.0,0.0,0.0,10.0
1446040759115229826,1842,1446040759110321998,robocape_mag,1.8,40.5,-41.55,10.0,0.0,0.0,0.0,10.0,0.0,0.0,0.0,10.0
1446040759150431410,1843,1446040759140969991,robocape_mag,1.8,40.5,-41.55,10.0,0.0,0.0,0.0,10.0,0.0,0.0,0.0,10.0
1446040759177014326,1844,1446040759172255039,robocape_mag,1.8,40.5,-41.55,10.0,0.0,0.0,0.0,10.0,0.0,0.0,0.0,10.0
1446040759211798285,1845,1446040759206969022,robocape_mag,1.8,40.5,-41.55,10.0,0.0,0.0,0.0,10.0,0.0,0.0,0.0,10.0
1446040759248939243,1846,1446040759243812084,robocape_mag,1.8,40.5,-41.55,10.0,0.0,0.0,0.0,10.0,0.0,0.0,0.0,10.0
1446040759281767910,1847,1446040759276654958,robocape_mag,0.9,44.4,-32.25,10.0,0.0,0.0,0.0,10.0,0.0,0.0,0.0,10.0
1446040759310829743,1848,1446040759306065082,robocape_mag,0.9,44.4,-32.25,10.0,0.0,0.0,0.0,10.0,0.0,0.0,0.0,10.0
1446040759348635993,1849,1446040759343724966,robocape_mag,0.9,44.4,-32.25,10.0,0.0,0.0,0.0,10.0,0.0,0.0,0.0,10.0
1446040759383527493,1850,1446040759373701095,robocape_mag,0.9,44.4,-32.25,10.0,0.0,0.0,0.0,10.0,0.0,0.0,0.0,10.0
1446040759411119035,1851,1446040759406004905,robocape_mag,0.9,44.4,-32.25,10.0,0.0,0.0,0.0,10.0,0.0,0.0,0.0,10.0
1446040759447971827,1852,1446040759442476034,robocape_mag,4.2,40.5,-43.35,10.0,0.0,0.0,0.0,10.0,0.0,0.0,0.0,10.0
1446040759484002410,1853,1446040759478996038,robocape_mag,4.2,40.5,-43.35,10.0,0.0,0.0,0.0,10.0,0.0,0.0,0.0,10.0
1446040759515736452,1854,1446040759510904073,robocape_mag,4.2,40.5,-43.35,10.0,0.0,0.0,0.0,10.0,0.0,0.0,0.0,10.0
1446040759549134160,1855,1446040759542294025,robocape_mag,4.2,40.5,-43.35,10.0,0.0,0.0,0.0,10.0,0.0,0.0,0.0,10.0
1446040759583100827,1856,1446040759578057050,robocape_mag,1.8,42.9,-36.15,10.0,0.0,0.0,0.0,10.0,0.0,0.0,0.0,10.0
1446040759615749160,1857,1446040759610975027,robocape_mag,1.8,42.9,-36.15,10.0,0.0,0.0,0.0,10.0,0.0,0.0,0.0,10.0
1446040759647748702,1858,1446040759642420053,robocape_mag,1.8,42.9,-36.15,10.0,0.0,0.0,0.0,10.0,0.0,0.0,0.0,10.0
1446040759678281577,1859,1446040759673331975,robocape_mag,1.8,42.9,-36.15,10.0,0.0,0.0,0.0,10.0,0.0,0.0,0.0,10.0
1446040759720930410,1860,1446040759716085910,robocape_mag,1.8,42.9,-36.15,10.0,0.0,0.0,0.0,10.0,0.0,0.0,0.0,10.0
1446040759754166743,1861,1446040759749308109,robocape_mag,4.8,42.3,-37.95,10.0,0.0,0.0,0.0,10.0,0.0,0.0,0.0,10.0
1446040759785538993,1862,1446040759780355930,robocape_mag,4.8,42.3,-37.95,10.0,0.0,0.0,0.0,10.0,0.0,0.0,0.0,10.0
1446040759824484118,1863,1446040759814883947,robocape_mag,4.8,42.3,-37.95,10.0,0.0,0.0,0.0,10.0,0.0,0.0,0.0,10.0
1446040759853178785,1864,1446040759847153902,robocape_mag,4.8,42.3,-37.95,10.0,0.0,0.0,0.0,10.0,0.0,0.0,0.0,10.0
1446040759893214410,1865,1446040759884196043,robocape_mag,4.8,42.3,-37.95,10.0,0.0,0.0,0.0,10.0,0.0,0.0,0.0,10.0
1446040759924441160,1866,1446040759915601015,robocape_mag,5.1,43.8,-35.25,10.0,0.0,0.0,0.0,10.0,0.0,0.0,0.0,10.0
1446040759952988660,1867,1446040759945491075,robocape_mag,5.1,43.8,-35.25,10.0,0.0,0.0,0.0,10.0,0.0,0.0,0.0,10.0
1446040759988882369,1868,1446040759983802080,robocape_mag,5.1,43.8,-35.25,10.0,0.0,0.0,0.0,10.0,0.0,0.0,0.0,10.0
1446040760019857035,1869,1446040760015043973,robocape_mag,5.1,43.8,-35.25,10.0,0.0,0.0,0.0,10.0,0.0,0.0,0.0,10.0
1446040760051119577,1870,1446040760045835971,robocape_mag,5.1,43.8,-35.25,10.0,0.0,0.0,0.0,10.0,0.0,0.0,0.0,10.0
1446040760079977077,1871,1446040760075088977,robocape_mag,-0.3,41.4,-35.85,10.0,0.0,0.0,0.0,10.0,0.0,0.0,0.0,10.0
1446040760111181994,1872,1446040760106307029,robocape_mag,-0.3,41.4,-35.85,10.0,0.0,0.0,0.0,10.0,0.0,0.0,0.0,10.0
1446040760149115119,1873,1446040760142219066,robocape_mag,-0.3,41.4,-35.85,10.0,0.0,0.0,0.0,10.0,0.0,0.0,0.0,10.0
1446040760179028077,1874,1446040760174246072,robocape_mag,-0.3,41.4,-35.85,10.0,0.0,0.0,0.0,10.0,0.0,0.0,0.0,10.0
1446040760210908660,1875,1446040760205785989,robocape_mag,-0.3,41.4,-35.85,10.0,0.0,0.0,0.0,10.0,0.0,0.0,0.0,10.0
1446040760248449577,1876,1446040760238945960,robocape_mag,-0.3,41.4,-36.45,10.0,0.0,0.0,0.0,10.0,0.0,0.0,0.0,10.0
1446040760277435494,1877,1446040760272352933,robocape_mag,-0.3,41.4,-36.45,10.0,0.0,0.0,0.0,10.0,0.0,0.0,0.0,10.0
1446040760313229494,1878,1446040760305926084,robocape_mag,-0.3,41.4,-36.45,10.0,0.0,0.0,0.0,10.0,0.0,0.0,0.0,10.0
1446040760346740577,1879,1446040760341506004,robocape_mag,-0.3,41.4,-36.45,10.0,0.0,0.0,0.0,10.0,0.0,0.0,0.0,10.0
1446040760377516910,1880,1446040760372756958,robocape_mag,-0.3,41.4,-36.45,10.0,0.0,0.0,0.0,10.0,0.0,0.0,0.0,10.0
1446040760411860785,1881,1446040760406111955,robocape_mag,1.5,39.6,-37.05,10.0,0.0,0.0,0.0,10.0,0.0,0.0,0.0,10.0
1446040760445856952,1882,1446040760440877914,robocape_mag,1.5,39.6,-37.05,10.0,0.0,0.0,0.0,10.0,0.0,0.0,0.0,10.0
1446040760477239035,1883,1446040760472378969,robocape_mag,1.5,39.6,-37.05,10.0,0.0,0.0,0.0,10.0,0.0,0.0,0.0,10.0
1446040760511668535,1884,1446040760505930900,robocape_mag,1.5,39.6,-37.05,10.0,0.0,0.0,0.0,10.0,0.0,0.0,0.0,10.0
1446040760546367660,1885,1446040760539179086,robocape_mag,3.0,40.5,-41.55,10.0,0.0,0.0,0.0,10.0,0.0,0.0,0.0,10.0
1446040760581580285,1886,1446040760576561927,robocape_mag,3.0,40.5,-41.55,10.0,0.0,0.0,0.0,10.0,0.0,0.0,0.0,10.0
1446040760612576994,1887,1446040760607223987,robocape_mag,3.0,40.5,-41.55,10.0,0.0,0.0,0.0,10.0,0.0,0.0,0.0,10.0
1446040760644467661,1888,1446040760639178037,robocape_mag,3.0,40.5,-41.55,10.0,0.0,0.0,0.0,10.0,0.0,0.0,0.0,10.0
1446040760678309202,1889,1446040760673378944,robocape_mag,3.0,40.5,-41.55,10.0,0.0,0.0,0.0,10.0,0.0,0.0,0.0,10.0
1446040760723086369,1890,1446040760717910051,robocape_mag,-1.8,39.9,-35.55,10.0,0.0,0.0,0.0,10.0,0.0,0.0,0.0,10.0
1446040760760114661,1891,1446040760755043029,robocape_mag,-1.8,39.9,-35.55,10.0,0.0,0.0,0.0,10.0,0.0,0.0,0.0,10.0
1446040760795884161,1892,1446040760789819955,robocape_mag,-1.8,39.9,-35.55,10.0,0.0,0.0,0.0,10.0,0.0,0.0,0.0,10.0
1446040760825879952,1893,1446040760820736885,robocape_mag,-1.8,39.9,-35.55,10.0,0.0,0.0,0.0,10.0,0.0,0.0,0.0,10.0
1446040760856433327,1894,1446040760850506067,robocape_mag,-1.8,39.9,-35.55,10.0,0.0,0.0,0.0,10.0,0.0,0.0,0.0,10.0
1446040760893707744,1895,1446040760888824939,robocape_mag,0.9,41.4,-31.05,10.0,0.0,0.0,0.0,10.0,0.0,0.0,0.0,10.0
1446040760923994744,1896,1446040760918981075,robocape_mag,0.9,41.4,-31.05,10.0,0.0,0.0,0.0,10.0,0.0,0.0,0.0,10.0
1446040760955975286,1897,1446040760950361013,robocape_mag,0.9,41.4,-31.05,10.0,0.0,0.0,0.0,10.0,0.0,0.0,0.0,10.0
1446040760991170369,1898,1446040760986206054,robocape_mag,0.9,41.4,-31.05,10.0,0.0,0.0,0.0,10.0,0.0,0.0,0.0,10.0
1446040761021399786,1899,1446040761016303062,robocape_mag,0.9,41.7,-34.35,10.0,0.0,0.0,0.0,10.0,0.0,0.0,0.0,10.0
1446040761052860369,1900,1446040761047334909,robocape_mag,-0.6,41.7,-34.35,10.0,0.0,0.0,0.0,10.0,0.0,0.0,0.0,10.0
1446040761086782494,1901,1446040761081650972,robocape_mag,-0.6,41.7,-34.35,10.0,0.0,0.0,0.0,10.0,0.0,0.0,0.0,10.0
1446040761117261036,1902,1446040761112251996,robocape_mag,-0.6,41.7,-34.35,10.0,0.0,0.0,0.0,10.0,0.0,0.0,0.0,10.0
1446040761155841077,1903,1446040761150414943,robocape_mag,-0.6,41.7,-34.35,10.0,0.0,0.0,0.0,10.0,0.0,0.0,0.0,10.0
1446040761193365536,1904,1446040761188077926,robocape_mag,2.1,43.8,-26.25,10.0,0.0,0.0,0.0,10.0,0.0,0.0,0.0,10.0
1446040761228287619,1905,1446040761223254919,robocape_mag,2.1,43.8,-26.25,10.0,0.0,0.0,0.0,10.0,0.0,0.0,0.0,10.0
1446040761266120536,1906,1446040761259572982,robocape_mag,2.1,43.8,-26.25,10.0,0.0,0.0,0.0,10.0,0.0,0.0,0.0,10.0
1446040761296915661,1907,1446040761291670083,robocape_mag,2.1,43.8,-26.25,10.0,0.0,0.0,0.0,10.0,0.0,0.0,0.0,10.0
1446040761329554203,1908,1446040761323756933,robocape_mag,2.1,43.8,-26.25,10.0,0.0,0.0,0.0,10.0,0.0,0.0,0.0,10.0
1446040761365085161,1909,1446040761357618093,robocape_mag,7.2,39.3,-31.95,10.0,0.0,0.0,0.0,10.0,0.0,0.0,0.0,10.0
1446040761396909078,1910,1446040761392043113,robocape_mag,7.2,39.3,-31.95,10.0,0.0,0.0,0.0,10.0,0.0,0.0,0.0,10.0
1446040761427545953,1911,1446040761422735929,robocape_mag,7.2,39.3,-31.95,10.0,0.0,0.0,0.0,10.0,0.0,0.0,0.0,10.0
1446040761461041286,1912,1446040761455920934,robocape_mag,7.2,39.3,-31.95,10.0,0.0,0.0,0.0,10.0,0.0,0.0,0.0,10.0
1446040761492141494,1913,1446040761487328052,robocape_mag,7.2,39.3,-31.95,10.0,0.0,0.0,0.0,10.0,0.0,0.0,0.0,10.0
1446040761523543911,1914,1446040761518738985,robocape_mag,11.4,37.5,-28.35,10.0,0.0,0.0,0.0,10.0,0.0,0.0,0.0,10.0
1446040761557541661,1915,1446040761552553892,robocape_mag,11.4,37.5,-28.35,10.0,0.0,0.0,0.0,10.0,0.0,0.0,0.0,10.0
1446040761591618286,1916,1446040761586642026,robocape_mag,11.4,37.5,-28.35,10.0,0.0,0.0,0.0,10.0,0.0,0.0,0.0,10.0
1446040761625684911,1917,1446040761620872020,robocape_mag,11.4,37.5,-28.35,10.0,0.0,0.0,0.0,10.0,0.0,0.0,0.0,10.0
1446040761661585411,1918,1446040761656258106,robocape_mag,11.4,29.7,-22.95,10.0,0.0,0.0,0.0,10.0,0.0,0.0,0.0,10.0
1446040761700677328,1919,1446040761690550088,robocape_mag,1.8,29.7,-22.95,10.0,0.0,0.0,0.0,10.0,0.0,0.0,0.0,10.0
1446040761732514411,1920,1446040761727530956,robocape_mag,1.8,29.7,-22.95,10.0,0.0,0.0,0.0,10.0,0.0,0.0,0.0,10.0
1446040761766327203,1921,1446040761761467933,robocape_mag,1.8,29.7,-22.95,10.0,0.0,0.0,0.0,10.0,0.0,0.0,0.0,10.0
1446040761796909244,1922,1446040761792037010,robocape_mag,1.8,29.7,-22.95,10.0,0.0,0.0,0.0,10.0,0.0,0.0,0.0,10.0
1446040761829812494,1923,1446040761821296930,robocape_mag,1.5,25.2,-22.05,10.0,0.0,0.0,0.0,10.0,0.0,0.0,0.0,10.0
1446040761859934661,1924,1446040761854990005,robocape_mag,1.5,25.2,-22.05,10.0,0.0,0.0,0.0,10.0,0.0,0.0,0.0,10.0
1446040761891651203,1925,1446040761886895895,robocape_mag,1.5,25.2,-22.05,10.0,0.0,0.0,0.0,10.0,0.0,0.0,0.0,10.0
1446040761921741869,1926,1446040761916898965,robocape_mag,1.5,25.2,-22.05,10.0,0.0,0.0,0.0,10.0,0.0,0.0,0.0,10.0
1446040761951137828,1927,1446040761946135044,robocape_mag,1.5,25.2,-22.05,10.0,0.0,0.0,0.0,10.0,0.0,0.0,0.0,10.0
1446040761982535494,1928,1446040761977696895,robocape_mag,-3.0,22.5,-20.55,10.0,0.0,0.0,0.0,10.0,0.0,0.0,0.0,10.0
1446040762010779619,1929,1446040762006031036,robocape_mag,-3.0,22.5,-20.55,10.0,0.0,0.0,0.0,10.0,0.0,0.0,0.0,10.0
1446040762048009536,1930,1446040762042293071,robocape_mag,-3.0,22.5,-20.55,10.0,0.0,0.0,0.0,10.0,0.0,0.0,0.0,10.0
1446040762080756870,1931,1446040762075764894,robocape_mag,-3.0,22.5,-20.55,10.0,0.0,0.0,0.0,10.0,0.0,0.0,0.0,10.0
1446040762112493536,1932,1446040762107378005,robocape_mag,-3.0,22.5,-20.55,10.0,0.0,0.0,0.0,10.0,0.0,0.0,0.0,10.0
1446040762148287870,1933,1446040762143156051,robocape_mag,-6.0,19.5,-21.75,10.0,0.0,0.0,0.0,10.0,0.0,0.0,0.0,10.0
1446040762183750286,1934,1446040762178695917,robocape_mag,-6.0,19.5,-21.75,10.0,0.0,0.0,0.0,10.0,0.0,0.0,0.0,10.0
1446040762223143286,1935,1446040762213984012,robocape_mag,-6.0,19.5,-21.75,10.0,0.0,0.0,0.0,10.0,0.0,0.0,0.0,10.0
1446040762252638370,1936,1446040762247543096,robocape_mag,-6.0,19.5,-21.75,10.0,0.0,0.0,0.0,10.0,0.0,0.0,0.0,10.0
1446040762282076286,1937,1446040762277318000,robocape_mag,-6.0,19.5,-21.75,10.0,0.0,0.0,0.0,10.0,0.0,0.0,0.0,10.0
1446040762310517495,1938,1446040762305749893,robocape_mag,-0.6,18.9,-22.95,10.0,0.0,0.0,0.0,10.0,0.0,0.0,0.0,10.0
1446040762343859620,1939,1446040762339032888,robocape_mag,-0.6,18.9,-22.95,10.0,0.0,0.0,0.0,10.0,0.0,0.0,0.0,10.0
1446040762378617203,1940,1446040762373174905,robocape_mag,-0.6,18.9,-22.95,10.0,0.0,0.0,0.0,10.0,0.0,0.0,0.0,10.0
1446040762411148203,1941,1446040762406117916,robocape_mag,-0.6,18.9,-22.95,10.0,0.0,0.0,0.0,10.0,0.0,0.0,0.0,10.0
1446040762444326745,1942,1446040762439541101,robocape_mag,-0.6,18.9,-22.95,10.0,0.0,0.0,0.0,10.0,0.0,0.0,0.0,10.0
1446040762477712661,1943,1446040762472579956,robocape_mag,-6.9,18.0,-20.85,10.0,0.0,0.0,0.0,10.0,0.0,0.0,0.0,10.0
1446040762510331370,1944,1446040762505567073,robocape_mag,-6.9,18.0,-20.85,10.0,0.0,0.0,0.0,10.0,0.0,0.0,0.0,10.0
1446040762548796578,1945,1446040762543092012,robocape_mag,-6.9,18.0,-20.85,10.0,0.0,0.0,0.0,10.0,0.0,0.0,0.0,10.0
1446040762579543870,1946,1446040762574239015,robocape_mag,-6.9,18.0,-20.85,10.0,0.0,0.0,0.0,10.0,0.0,0.0,0.0,10.0
1446040762611036078,1947,1446040762606182098,robocape_mag,-6.9,18.0,-20.85,10.0,0.0,0.0,0.0,10.0,0.0,0.0,0.0,10.0
1446040762649207411,1948,1446040762641458034,robocape_mag,-11.4,9.9,-23.55,10.0,0.0,0.0,0.0,10.0,0.0,0.0,0.0,10.0
1446040762686340453,1949,1446040762676877021,robocape_mag,-11.4,9.9,-23.55,10.0,0.0,0.0,0.0,10.0,0.0,0.0,0.0,10.0
1446040762722489287,1950,1446040762717457056,robocape_mag,-11.4,9.9,-23.55,10.0,0.0,0.0,0.0,10.0,0.0,0.0,0.0,10.0
1446040762753984787,1951,1446040762748900890,robocape_mag,-11.4,9.9,-23.55,10.0,0.0,0.0,0.0,10.0,0.0,0.0,0.0,10.0
1446040762788232912,1952,1446040762783423900,robocape_mag,-11.4,4.5,-24.15,10.0,0.0,0.0,0.0,10.0,0.0,0.0,0.0,10.0
1446040762818208703,1953,1446040762813030958,robocape_mag,-11.4,4.5,-24.15,10.0,0.0,0.0,0.0,10.0,0.0,0.0,0.0,10.0
1446040762858067370,1954,1446040762848002910,robocape_mag,-11.4,4.5,-24.15,10.0,0.0,0.0,0.0,10.0,0.0,0.0,0.0,10.0
1446040762892990828,1955,1446040762885023117,robocape_mag,-11.4,4.5,-24.15,10.0,0.0,0.0,0.0,10.0,0.0,0.0,0.0,10.0
1446040762924246328,1956,1446040762919281959,robocape_mag,-11.4,4.5,-24.15,10.0,0.0,0.0,0.0,10.0,0.0,0.0,0.0,10.0
1446040762955616953,1957,1446040762950603008,robocape_mag,-10.5,-1.2,-25.65,10.0,0.0,0.0,0.0,10.0,0.0,0.0,0.0,10.0
1446040762992527620,1958,1446040762987381935,robocape_mag,-10.5,-1.2,-25.65,10.0,0.0,0.0,0.0,10.0,0.0,0.0,0.0,10.0
1446040763027334412,1959,1446040763022164106,robocape_mag,-10.5,-1.2,-25.65,10.0,0.0,0.0,0.0,10.0,0.0,0.0,0.0,10.0
1446040763056775120,1960,1446040763051460981,robocape_mag,-10.5,-1.2,-25.65,10.0,0.0,0.0,0.0,10.0,0.0,0.0,0.0,10.0
1446040763085941328,1961,1446040763081139087,robocape_mag,-10.5,-1.2,-25.65,10.0,0.0,0.0,0.0,10.0,0.0,0.0,0.0,10.0
1446040763122008995,1962,1446040763116986036,robocape_mag,-6.0,-4.5,-23.55,10.0,0.0,0.0,0.0,10.0,0.0,0.0,0.0,10.0
1446040763157000912,1963,1446040763151818990,robocape_mag,-6.0,-4.5,-23.55,10.0,0.0,0.0,0.0,10.0,0.0,0.0,0.0,10.0
1446040763186457037,1964,1446040763181358098,robocape_mag,-6.0,-4.5,-23.55,10.0,0.0,0.0,0.0,10.0,0.0,0.0,0.0,10.0
1446040763223166537,1965,1446040763218031883,robocape_mag,-6.0,-4.5,-23.55,10.0,0.0,0.0,0.0,10.0,0.0,0.0,0.0,10.0
1446040763255792287,1966,1446040763249443054,robocape_mag,-6.0,-4.5,-23.55,10.0,0.0,0.0,0.0,10.0,0.0,0.0,0.0,10.0
1446040763291446870,1967,1446040763286562919,robocape_mag,-4.5,-4.2,-22.05,10.0,0.0,0.0,0.0,10.0,0.0,0.0,0.0,10.0
1446040763330703120,1968,1446040763321285963,robocape_mag,-4.5,-4.2,-22.05,10.0,0.0,0.0,0.0,10.0,0.0,0.0,0.0,10.0
1446040763357742578,1969,1446040763352322101,robocape_mag,-4.5,-4.2,-22.05,10.0,0.0,0.0,0.0,10.0,0.0,0.0,0.0,10.0
1446040763391119162,1970,1446040763386339902,robocape_mag,-4.5,-4.2,-22.05,10.0,0.0,0.0,0.0,10.0,0.0,0.0,0.0,10.0
1446040763420631662,1971,1446040763414999008,robocape_mag,-4.5,-4.2,-22.65,10.0,0.0,0.0,0.0,10.0,0.0,0.0,0.0,10.0
1446040763455517579,1972,1446040763446444034,robocape_mag,-3.9,-6.0,-22.65,10.0,0.0,0.0,0.0,10.0,0.0,0.0,0.0,10.0
1446040763485367495,1973,1446040763480433940,robocape_mag,-3.9,-6.0,-22.65,10.0,0.0,0.0,0.0,10.0,0.0,0.0,0.0,10.0
1446040763516014954,1974,1446040763511044025,robocape_mag,-3.9,-6.0,-22.65,10.0,0.0,0.0,0.0,10.0,0.0,0.0,0.0,10.0
1446040763553181495,1975,1446040763548067092,robocape_mag,-3.9,-6.0,-22.65,10.0,0.0,0.0,0.0,10.0,0.0,0.0,0.0,10.0
1446040763589020745,1976,1446040763584137916,robocape_mag,-4.2,-3.9,-24.15,10.0,0.0,0.0,0.0,10.0,0.0,0.0,0.0,10.0
1446040763619900620,1977,1446040763614649057,robocape_mag,-4.2,-3.9,-24.15,10.0,0.0,0.0,0.0,10.0,0.0,0.0,0.0,10.0
1446040763660636954,1978,1446040763651608943,robocape_mag,-4.2,-3.9,-24.15,10.0,0.0,0.0,0.0,10.0,0.0,0.0,0.0,10.0
1446040763701276287,1979,1446040763686147928,robocape_mag,-4.2,-3.9,-24.15,10.0,0.0,0.0,0.0,10.0,0.0,0.0,0.0,10.0
1446040763738656370,1980,1446040763729595899,robocape_mag,-4.2,-3.9,-24.15,10.0,0.0,0.0,0.0,10.0,0.0,0.0,0.0,10.0
1446040763766190162,1981,1446040763761317014,robocape_mag,-5.7,-7.2,-22.65,10.0,0.0,0.0,0.0,10.0,0.0,0.0,0.0,10.0
1446040763797390370,1982,1446040763792443990,robocape_mag,-5.7,-7.2,-22.65,10.0,0.0,0.0,0.0,10.0,0.0,0.0,0.0,10.0
1446040763830835329,1983,1446040763825638055,robocape_mag,-5.7,-7.2,-22.65,10.0,0.0,0.0,0.0,10.0,0.0,0.0,0.0,10.0
1446040763867681370,1984,1446040763862785100,robocape_mag,-5.7,-7.2,-22.65,10.0,0.0,0.0,0.0,10.0,0.0,0.0,0.0,10.0
1446040763903770287,1985,1446040763898886919,robocape_mag,1.5,-9.0,-24.45,10.0,0.0,0.0,0.0,10.0,0.0,0.0,0.0,10.0
1446040763937429954,1986,1446040763930442094,robocape_mag,1.5,-9.0,-24.45,10.0,0.0,0.0,0.0,10.0,0.0,0.0,0.0,10.0
1446040763970397370,1987,1446040763965491056,robocape_mag,1.5,-9.0,-24.45,10.0,0.0,0.0,0.0,10.0,0.0,0.0,0.0,10.0
1446040764005461495,1988,1446040764000452041,robocape_mag,1.5,-9.0,-24.45,10.0,0.0,0.0,0.0,10.0,0.0,0.0,0.0,10.0
1446040764037561370,1989,1446040764032274961,robocape_mag,1.5,-9.0,-24.45,10.0,0.0,0.0,0.0,10.0,0.0,0.0,0.0,10.0
1446040764070744870,1990,1446040764065937042,robocape_mag,-4.2,-13.5,-22.95,10.0,0.0,0.0,0.0,10.0,0.0,0.0,0.0,10.0
1446040764100218037,1991,1446040764095220088,robocape_mag,-4.2,-13.5,-22.95,10.0,0.0,0.0,0.0,10.0,0.0,0.0,0.0,10.0
1446040764134395537,1992,1446040764129501104,robocape_mag,-4.2,-13.5,-22.95,10.0,0.0,0.0,0.0,10.0,0.0,0.0,0.0,10.0
1446040764169576579,1993,1446040764163422107,robocape_mag,-4.2,-13.5,-22.95,10.0,0.0,0.0,0.0,10.0,0.0,0.0,0.0,10.0
1446040764208207954,1994,1446040764200751066,robocape_mag,-4.2,-13.5,-22.95,10.0,0.0,0.0,0.0,10.0,0.0,0.0,0.0,10.0
1446040764240953787,1995,1446040764235630989,robocape_mag,-4.8,-14.7,-24.75,10.0,0.0,0.0,0.0,10.0,0.0,0.0,0.0,10.0
1446040764273287912,1996,1446040764266496896,robocape_mag,-4.8,-14.7,-24.75,10.0,0.0,0.0,0.0,10.0,0.0,0.0,0.0,10.0
1446040764306978454,1997,1446040764301388978,robocape_mag,-4.8,-14.7,-24.75,10.0,0.0,0.0,0.0,10.0,0.0,0.0,0.0,10.0
1446040764344646746,1998,1446040764334651947,robocape_mag,-4.8,-14.7,-24.75,10.0,0.0,0.0,0.0,10.0,0.0,0.0,0.0,10.0
1446040764371702746,1999,1446040764366657018,robocape_mag,-4.8,-14.7,-24.75,10.0,0.0,0.0,0.0,10.0,0.0,0.0,0.0,10.0
1446040764402747287,2000,1446040764397701978,robocape_mag,-0.6,-15.3,-25.95,10.0,0.0,0.0,0.0,10.0,0.0,0.0,0.0,10.0
1446040764439001287,2001,1446040764432585954,robocape_mag,-0.6,-15.3,-25.95,10.0,0.0,0.0,0.0,10.0,0.0,0.0,0.0,10.0
1446040764468897412,2002,1446040764464065074,robocape_mag,-0.6,-15.3,-25.95,10.0,0.0,0.0,0.0,10.0,0.0,0.0,0.0,10.0
1446040764506524954,2003,1446040764501425027,robocape_mag,-0.6,-15.3,-25.95,10.0,0.0,0.0,0.0,10.0,0.0,0.0,0.0,10.0
1446040764543489496,2004,1446040764538288116,robocape_mag,-4.5,-18.6,-22.65,10.0,0.0,0.0,0.0,10.0,0.0,0.0,0.0,10.0
1446040764578269454,2005,1446040764573000907,robocape_mag,-4.5,-18.6,-22.65,10.0,0.0,0.0,0.0,10.0,0.0,0.0,0.0,10.0
1446040764611969621,2006,1446040764604559898,robocape_mag,-4.5,-18.6,-22.65,10.0,0.0,0.0,0.0,10.0,0.0,0.0,0.0,10.0
1446040764644536787,2007,1446040764639514923,robocape_mag,-4.5,-18.6,-22.65,10.0,0.0,0.0,0.0,10.0,0.0,0.0,0.0,10.0
1446040764674892412,2008,1446040764670100927,robocape_mag,-4.5,-18.6,-22.65,10.0,0.0,0.0,0.0,10.0,0.0,0.0,0.0,10.0
1446040764713370621,2009,1446040764708513975,robocape_mag,4.8,-15.9,-21.15,10.0,0.0,0.0,0.0,10.0,0.0,0.0,0.0,10.0
1446040764744163871,2010,1446040764739367008,robocape_mag,4.8,-15.9,-21.15,10.0,0.0,0.0,0.0,10.0,0.0,0.0,0.0,10.0
1446040764780438496,2011,1446040764772011041,robocape_mag,4.8,-15.9,-21.15,10.0,0.0,0.0,0.0,10.0,0.0,0.0,0.0,10.0
1446040764815440163,2012,1446040764808151960,robocape_mag,4.8,-15.9,-21.15,10.0,0.0,0.0,0.0,10.0,0.0,0.0,0.0,10.0
1446040764845068371,2013,1446040764840151071,robocape_mag,4.8,-15.9,-21.15,10.0,0.0,0.0,0.0,10.0,0.0,0.0,0.0,10.0
1446040764885007829,2014,1446040764874739885,robocape_mag,1.8,-18.9,-21.75,10.0,0.0,0.0,0.0,10.0,0.0,0.0,0.0,10.0
1446040764920658621,2015,1446040764911917924,robocape_mag,1.8,-18.9,-21.75,10.0,0.0,0.0,0.0,10.0,0.0,0.0,0.0,10.0
1446040764947469079,2016,1446040764942291975,robocape_mag,1.8,-18.9,-21.75,10.0,0.0,0.0,0.0,10.0,0.0,0.0,0.0,10.0
1446040764978856996,2017,1446040764973519086,robocape_mag,1.8,-18.9,-21.75,10.0,0.0,0.0,0.0,10.0,0.0,0.0,0.0,10.0
1446040765013653913,2018,1446040765007610082,robocape_mag,1.8,-18.9,-21.75,10.0,0.0,0.0,0.0,10.0,0.0,0.0,0.0,10.0
1446040765045198038,2019,1446040765040066957,robocape_mag,0.0,-17.1,-22.35,10.0,0.0,0.0,0.0,10.0,0.0,0.0,0.0,10.0
1446040765076117371,2020,1446040765070988893,robocape_mag,0.0,-17.1,-22.35,10.0,0.0,0.0,0.0,10.0,0.0,0.0,0.0,10.0
1446040765115814913,2021,1446040765104103088,robocape_mag,0.0,-17.1,-22.35,10.0,0.0,0.0,0.0,10.0,0.0,0.0,0.0,10.0
1446040765149366829,2022,1446040765139688968,robocape_mag,0.0,-17.1,-22.35,10.0,0.0,0.0,0.0,10.0,0.0,0.0,0.0,10.0
1446040765175533371,2023,1446040765170628070,robocape_mag,0.0,-17.1,-22.35,10.0,0.0,0.0,0.0,10.0,0.0,0.0,0.0,10.0
1446040765205378788,2024,1446040765200601100,robocape_mag,2.7,-12.6,-24.45,10.0,0.0,0.0,0.0,10.0,0.0,0.0,0.0,10.0
1446040765237528788,2025,1446040765232716083,robocape_mag,2.7,-12.6,-24.45,10.0,0.0,0.0,0.0,10.0,0.0,0.0,0.0,10.0
1446040765270372538,2026,1446040765265588998,robocape_mag,2.7,-12.6,-24.45,10.0,0.0,0.0,0.0,10.0,0.0,0.0,0.0,10.0
1446040765304786579,2027,1446040765299767017,robocape_mag,2.7,-12.6,-24.45,10.0,0.0,0.0,0.0,10.0,0.0,0.0,0.0,10.0
1446040765339537538,2028,1446040765334651947,robocape_mag,2.7,-12.6,-24.45,10.0,0.0,0.0,0.0,10.0,0.0,0.0,0.0,10.0
1446040765371508663,2029,1446040765366647958,robocape_mag,-6.6,-14.1,-24.75,10.0,0.0,0.0,0.0,10.0,0.0,0.0,0.0,10.0
1446040765406945038,2030,1446040765400526046,robocape_mag,-6.6,-14.1,-24.75,10.0,0.0,0.0,0.0,10.0,0.0,0.0,0.0,10.0
1446040765437636204,2031,1446040765432601928,robocape_mag,-6.6,-14.1,-24.75,10.0,0.0,0.0,0.0,10.0,0.0,0.0,0.0,10.0
1446040765467963538,2032,1446040765463000059,robocape_mag,-6.6,-14.1,-24.75,10.0,0.0,0.0,0.0,10.0,0.0,0.0,0.0,10.0
1446040765500214788,2033,1446040765495162010,robocape_mag,-6.6,-14.1,-24.75,10.0,0.0,0.0,0.0,10.0,0.0,0.0,0.0,10.0
1446040765541757913,2034,1446040765533663988,robocape_mag,-4.5,-13.2,-25.05,10.0,0.0,0.0,0.0,10.0,0.0,0.0,0.0,10.0
1446040765573682830,2035,1446040765568423032,robocape_mag,-4.5,-13.2,-25.05,10.0,0.0,0.0,0.0,10.0,0.0,0.0,0.0,10.0
1446040765605806121,2036,1446040765600783109,robocape_mag,-4.5,-13.2,-25.05,10.0,0.0,0.0,0.0,10.0,0.0,0.0,0.0,10.0
1446040765636346621,2037,1446040765631311893,robocape_mag,-4.5,-13.2,-25.05,10.0,0.0,0.0,0.0,10.0,0.0,0.0,0.0,10.0
1446040765670893996,2038,1446040765665880918,robocape_mag,-3.6,-12.3,-24.75,10.0,0.0,0.0,0.0,10.0,0.0,0.0,0.0,10.0
1446040765707283455,2039,1446040765702235937,robocape_mag,-3.6,-12.3,-24.75,10.0,0.0,0.0,0.0,10.0,0.0,0.0,0.0,10.0
1446040765738579496,2040,1446040765733613014,robocape_mag,-3.6,-12.3,-24.75,10.0,0.0,0.0,0.0,10.0,0.0,0.0,0.0,10.0
1446040765771888288,2041,1446040765766886949,robocape_mag,-3.6,-12.3,-24.75,10.0,0.0,0.0,0.0,10.0,0.0,0.0,0.0,10.0
1446040765810644621,2042,1446040765803354024,robocape_mag,-3.6,-12.3,-24.75,10.0,0.0,0.0,0.0,10.0,0.0,0.0,0.0,10.0
1446040765844070371,2043,1446040765838814973,robocape_mag,-7.2,-12.3,-25.35,10.0,0.0,0.0,0.0,10.0,0.0,0.0,0.0,10.0
1446040765878555705,2044,1446040765873158931,robocape_mag,-7.2,-12.3,-25.35,10.0,0.0,0.0,0.0,10.0,0.0,0.0,0.0,10.0
1446040765916697121,2045,1446040765908981084,robocape_mag,-7.2,-12.3,-25.35,10.0,0.0,0.0,0.0,10.0,0.0,0.0,0.0,10.0
1446040765949610455,2046,1446040765944384098,robocape_mag,-7.2,-12.3,-25.35,10.0,0.0,0.0,0.0,10.0,0.0,0.0,0.0,10.0
1446040765981561330,2047,1446040765975717067,robocape_mag,-7.2,-6.9,-27.15,10.0,0.0,0.0,0.0,10.0,0.0,0.0,0.0,10.0
1446040766015856705,2048,1446040766010411024,robocape_mag,-1.2,-6.9,-27.15,10.0,0.0,0.0,0.0,10.0,0.0,0.0,0.0,10.0
1446040766053979330,2049,1446040766048960924,robocape_mag,-1.2,-6.9,-27.15,10.0,0.0,0.0,0.0,10.0,0.0,0.0,0.0,10.0
1446040766091738080,2050,1446040766086802005,robocape_mag,-1.2,-6.9,-27.15,10.0,0.0,0.0,0.0,10.0,0.0,0.0,0.0,10.0
1446040766135669871,2051,1446040766125159978,robocape_mag,-1.2,-6.9,-27.15,10.0,0.0,0.0,0.0,10.0,0.0,0.0,0.0,10.0
1446040766164552871,2052,1446040766157288074,robocape_mag,-7.5,-8.4,-24.45,10.0,0.0,0.0,0.0,10.0,0.0,0.0,0.0,10.0
1446040766199199871,2053,1446040766193269014,robocape_mag,-7.5,-8.4,-24.45,10.0,0.0,0.0,0.0,10.0,0.0,0.0,0.0,10.0
1446040766237804372,2054,1446040766232908964,robocape_mag,-7.5,-8.4,-24.45,10.0,0.0,0.0,0.0,10.0,0.0,0.0,0.0,10.0
1446040766273896080,2055,1446040766268650054,robocape_mag,-7.5,-8.4,-24.45,10.0,0.0,0.0,0.0,10.0,0.0,0.0,0.0,10.0
1446040766307175038,2056,1446040766302057981,robocape_mag,1.5,-6.6,-25.65,10.0,0.0,0.0,0.0,10.0,0.0,0.0,0.0,10.0
1446040766343945872,2057,1446040766337116003,robocape_mag,1.5,-6.6,-25.65,10.0,0.0,0.0,0.0,10.0,0.0,0.0,0.0,10.0
1446040766381858497,2058,1446040766372617959,robocape_mag,1.5,-6.6,-25.65,10.0,0.0,0.0,0.0,10.0,0.0,0.0,0.0,10.0
1446040766414916330,2059,1446040766409877061,robocape_mag,1.5,-6.6,-25.65,10.0,0.0,0.0,0.0,10.0,0.0,0.0,0.0,10.0
1446040766449093913,2060,1446040766444205045,robocape_mag,1.5,-6.6,-25.65,10.0,0.0,0.0,0.0,10.0,0.0,0.0,0.0,10.0
1446040766483682455,2061,1446040766478809118,robocape_mag,-4.2,-5.1,-24.75,10.0,0.0,0.0,0.0,10.0,0.0,0.0,0.0,10.0
1446040766519240038,2062,1446040766513778924,robocape_mag,-4.2,-5.1,-24.75,10.0,0.0,0.0,0.0,10.0,0.0,0.0,0.0,10.0
1446040766554024538,2063,1446040766549160957,robocape_mag,-4.2,-5.1,-24.75,10.0,0.0,0.0,0.0,10.0,0.0,0.0,0.0,10.0
1446040766589025705,2064,1446040766583647012,robocape_mag,-4.2,-5.1,-24.75,10.0,0.0,0.0,0.0,10.0,0.0,0.0,0.0,10.0
1446040766624842080,2065,1446040766619580984,robocape_mag,-3.6,-9.9,-24.75,10.0,0.0,0.0,0.0,10.0,0.0,0.0,0.0,10.0
1446040766660620788,2066,1446040766655550956,robocape_mag,-3.6,-9.9,-24.75,10.0,0.0,0.0,0.0,10.0,0.0,0.0,0.0,10.0
1446040766701429288,2067,1446040766686719894,robocape_mag,-3.6,-9.9,-24.75,10.0,0.0,0.0,0.0,10.0,0.0,0.0,0.0,10.0
1446040766741186288,2068,1446040766734457015,robocape_mag,-3.6,-9.9,-24.75,10.0,0.0,0.0,0.0,10.0,0.0,0.0,0.0,10.0
1446040766775058747,2069,1446040766769639015,robocape_mag,-3.6,-9.9,-24.75,10.0,0.0,0.0,0.0,10.0,0.0,0.0,0.0,10.0
1446040766813261955,2070,1446040766803483963,robocape_mag,-3.9,-8.4,-26.25,10.0,0.0,0.0,0.0,10.0,0.0,0.0,0.0,10.0
1446040766847805830,2071,1446040766839461088,robocape_mag,-3.9,-8.4,-26.25,10.0,0.0,0.0,0.0,10.0,0.0,0.0,0.0,10.0
1446040766879484580,2072,1446040766874475002,robocape_mag,-3.9,-8.4,-26.25,10.0,0.0,0.0,0.0,10.0,0.0,0.0,0.0,10.0
1446040766913916414,2073,1446040766908868074,robocape_mag,-3.9,-8.4,-26.25,10.0,0.0,0.0,0.0,10.0,0.0,0.0,0.0,10.0
1446040766947183330,2074,1446040766942171096,robocape_mag,-4.8,-8.1,-25.95,10.0,0.0,0.0,0.0,10.0,0.0,0.0,0.0,10.0
1446040766982372789,2075,1446040766977449893,robocape_mag,-4.8,-8.1,-25.95,10.0,0.0,0.0,0.0,10.0,0.0,0.0,0.0,10.0
1446040767017784372,2076,1446040767011841058,robocape_mag,-4.8,-8.1,-25.95,10.0,0.0,0.0,0.0,10.0,0.0,0.0,0.0,10.0
1446040767055387914,2077,1446040767050540924,robocape_mag,-4.8,-8.1,-25.95,10.0,0.0,0.0,0.0,10.0,0.0,0.0,0.0,10.0
1446040767090033330,2078,1446040767085155963,robocape_mag,-4.8,-8.1,-25.95,10.0,0.0,0.0,0.0,10.0,0.0,0.0,0.0,10.0
1446040767129588622,2079,1446040767120201110,robocape_mag,-7.2,-8.1,-22.35,10.0,0.0,0.0,0.0,10.0,0.0,0.0,0.0,10.0
1446040767160065664,2080,1446040767154851913,robocape_mag,-7.2,-8.1,-22.35,10.0,0.0,0.0,0.0,10.0,0.0,0.0,0.0,10.0
1446040767195362664,2081,1446040767189676046,robocape_mag,-7.2,-8.1,-22.35,10.0,0.0,0.0,0.0,10.0,0.0,0.0,0.0,10.0
1446040767230048914,2082,1446040767224771976,robocape_mag,-7.2,-8.1,-22.35,10.0,0.0,0.0,0.0,10.0,0.0,0.0,0.0,10.0
1446040767268486955,2083,1446040767263489007,robocape_mag,-9.9,-9.6,-22.65,10.0,0.0,0.0,0.0,10.0,0.0,0.0,0.0,10.0
1446040767302386789,2084,1446040767297211885,robocape_mag,-9.9,-9.6,-22.65,10.0,0.0,0.0,0.0,10.0,0.0,0.0,0.0,10.0
1446040767337585247,2085,1446040767332225084,robocape_mag,-9.9,-9.6,-22.65,10.0,0.0,0.0,0.0,10.0,0.0,0.0,0.0,10.0
1446040767375161830,2086,1446040767367172002,robocape_mag,-9.9,-9.6,-22.65,10.0,0.0,0.0,0.0,10.0,0.0,0.0,0.0,10.0
1446040767410031080,2087,1446040767404999971,robocape_mag,-9.9,-9.6,-22.65,10.0,0.0,0.0,0.0,10.0,0.0,0.0,0.0,10.0
1446040767448889830,2088,1446040767441817998,robocape_mag,-8.4,-9.3,-22.35,10.0,0.0,0.0,0.0,10.0,0.0,0.0,0.0,10.0
1446040767485132330,2089,1446040767480282068,robocape_mag,-8.4,-9.3,-22.35,10.0,0.0,0.0,0.0,10.0,0.0,0.0,0.0,10.0
1446040767520281955,2090,1446040767513685941,robocape_mag,-8.4,-9.3,-22.35,10.0,0.0,0.0,0.0,10.0,0.0,0.0,0.0,10.0
1446040767554238414,2091,1446040767549256086,robocape_mag,-8.4,-9.3,-22.35,10.0,0.0,0.0,0.0,10.0,0.0,0.0,0.0,10.0
1446040767589678747,2092,1446040767584773063,robocape_mag,-4.8,-9.9,-24.75,10.0,0.0,0.0,0.0,10.0,0.0,0.0,0.0,10.0
1446040767623679164,2093,1446040767618736982,robocape_mag,-4.8,-9.9,-24.75,10.0,0.0,0.0,0.0,10.0,0.0,0.0,0.0,10.0
1446040767660855664,2094,1446040767655576944,robocape_mag,-4.8,-9.9,-24.75,10.0,0.0,0.0,0.0,10.0,0.0,0.0,0.0,10.0
1446040767703762122,2095,1446040767692255020,robocape_mag,-4.8,-9.9,-24.75,10.0,0.0,0.0,0.0,10.0,0.0,0.0,0.0,10.0
1446040767743174622,2096,1446040767734853982,robocape_mag,-4.8,-9.9,-24.75,10.0,0.0,0.0,0.0,10.0,0.0,0.0,0.0,10.0
1446040767780039956,2097,1446040767771044969,robocape_mag,-9.3,-12.6,-25.65,10.0,0.0,0.0,0.0,10.0,0.0,0.0,0.0,10.0
1446040767806906497,2098,1446040767801740884,robocape_mag,-9.3,-12.6,-25.65,10.0,0.0,0.0,0.0,10.0,0.0,0.0,0.0,10.0
1446040767846544622,2099,1446040767839129924,robocape_mag,-9.3,-12.6,-25.65,10.0,0.0,0.0,0.0,10.0,0.0,0.0,0.0,10.0
1446040767879882539,2100,1446040767875085115,robocape_mag,-9.3,-12.6,-25.65,10.0,0.0,0.0,0.0,10.0,0.0,0.0,0.0,10.0
1446040767919540247,2101,1446040767911611080,robocape_mag,-9.6,-6.9,-24.75,10.0,0.0,0.0,0.0,10.0,0.0,0.0,0.0,10.0
1446040767951580914,2102,1446040767946227073,robocape_mag,-9.6,-6.9,-24.75,10.0,0.0,0.0,0.0,10.0,0.0,0.0,0.0,10.0
1446040767987424664,2103,1446040767982450962,robocape_mag,-9.6,-6.9,-24.75,10.0,0.0,0.0,0.0,10.0,0.0,0.0,0.0,10.0
1446040768025067706,2104,1446040768020040035,robocape_mag,-9.6,-6.9,-24.75,10.0,0.0,0.0,0.0,10.0,0.0,0.0,0.0,10.0
1446040768066622039,2105,1446040768057657003,robocape_mag,-9.6,-5.1,-22.95,10.0,0.0,0.0,0.0,10.0,0.0,0.0,0.0,10.0
1446040768097958414,2106,1446040768092720031,robocape_mag,-16.2,-5.1,-22.95,10.0,0.0,0.0,0.0,10.0,0.0,0.0,0.0,10.0
1446040768129632997,2107,1446040768124811887,robocape_mag,-16.2,-5.1,-22.95,10.0,0.0,0.0,0.0,10.0,0.0,0.0,0.0,10.0
1446040768164604789,2108,1446040768159632921,robocape_mag,-16.2,-5.1,-22.95,10.0,0.0,0.0,0.0,10.0,0.0,0.0,0.0,10.0
1446040768199948039,2109,1446040768194310903,robocape_mag,-16.2,-5.1,-22.95,10.0,0.0,0.0,0.0,10.0,0.0,0.0,0.0,10.0
1446040768238330872,2110,1446040768227608919,robocape_mag,-17.7,-6.0,-28.65,10.0,0.0,0.0,0.0,10.0,0.0,0.0,0.0,10.0
1446040768268117331,2111,1446040768263130903,robocape_mag,-17.7,-6.0,-28.65,10.0,0.0,0.0,0.0,10.0,0.0,0.0,0.0,10.0
1446040768299326706,2112,1446040768293873071,robocape_mag,-17.7,-6.0,-28.65,10.0,0.0,0.0,0.0,10.0,0.0,0.0,0.0,10.0
1446040768336417956,2113,1446040768329540014,robocape_mag,-17.7,-6.0,-28.65,10.0,0.0,0.0,0.0,10.0,0.0,0.0,0.0,10.0
1446040768372663456,2114,1446040768367780923,robocape_mag,-17.7,-6.0,-28.65,10.0,0.0,0.0,0.0,10.0,0.0,0.0,0.0,10.0
1446040768417064331,2115,1446040768408850908,robocape_mag,-18.3,-0.6,-31.05,10.0,0.0,0.0,0.0,10.0,0.0,0.0,0.0,10.0
1446040768443893289,2116,1446040768438977956,robocape_mag,-18.3,-0.6,-31.05,10.0,0.0,0.0,0.0,10.0,0.0,0.0,0.0,10.0
1446040768478895123,2117,1446040768473552942,robocape_mag,-18.3,-0.6,-31.05,10.0,0.0,0.0,0.0,10.0,0.0,0.0,0.0,10.0
1446040768515845831,2118,1446040768507065057,robocape_mag,-18.3,-0.6,-31.05,10.0,0.0,0.0,0.0,10.0,0.0,0.0,0.0,10.0
1446040768550436956,2119,1446040768541414976,robocape_mag,-21.6,4.5,-30.15,10.0,0.0,0.0,0.0,10.0,0.0,0.0,0.0,10.0
1446040768582688164,2120,1446040768572794914,robocape_mag,-21.6,4.5,-30.15,10.0,0.0,0.0,0.0,10.0,0.0,0.0,0.0,10.0
1446040768612769956,2121,1446040768607465982,robocape_mag,-21.6,4.5,-30.15,10.0,0.0,0.0,0.0,10.0,0.0,0.0,0.0,10.0
1446040768648883539,2122,1446040768643743991,robocape_mag,-21.6,4.5,-30.15,10.0,0.0,0.0,0.0,10.0,0.0,0.0,0.0,10.0
1446040768683327998,2123,1446040768678350925,robocape_mag,-21.6,4.5,-30.15,10.0,0.0,0.0,0.0,10.0,0.0,0.0,0.0,10.0
1446040768728121539,2124,1446040768721796035,robocape_mag,-15.6,6.3,-33.75,10.0,0.0,0.0,0.0,10.0,0.0,0.0,0.0,10.0
1446040768760744706,2125,1446040768755865097,robocape_mag,-15.6,6.3,-33.75,10.0,0.0,0.0,0.0,10.0,0.0,0.0,0.0,10.0
1446040768788922873,2126,1446040768784149885,robocape_mag,-15.6,6.3,-33.75,10.0,0.0,0.0,0.0,10.0,0.0,0.0,0.0,10.0
1446040768824778706,2127,1446040768818939924,robocape_mag,-15.6,6.3,-33.75,10.0,0.0,0.0,0.0,10.0,0.0,0.0,0.0,10.0
1446040768861417706,2128,1446040768856271982,robocape_mag,-15.6,10.5,-32.55,10.0,0.0,0.0,0.0,10.0,0.0,0.0,0.0,10.0
1446040768896010456,2129,1446040768890957117,robocape_mag,-18.6,10.5,-32.55,10.0,0.0,0.0,0.0,10.0,0.0,0.0,0.0,10.0
1446040768934349164,2130,1446040768929548025,robocape_mag,-18.6,10.5,-32.55,10.0,0.0,0.0,0.0,10.0,0.0,0.0,0.0,10.0
1446040768966828206,2131,1446040768961313009,robocape_mag,-18.6,10.5,-32.55,10.0,0.0,0.0,0.0,10.0,0.0,0.0,0.0,10.0
1446040769010525206,2132,1446040769000308036,robocape_mag,-18.6,10.5,-32.55,10.0,0.0,0.0,0.0,10.0,0.0,0.0,0.0,10.0
1446040769041939331,2133,1446040769036945104,robocape_mag,-19.8,7.5,-34.35,10.0,0.0,0.0,0.0,10.0,0.0,0.0,0.0,10.0
1446040769077223581,2134,1446040769072151899,robocape_mag,-19.8,7.5,-34.35,10.0,0.0,0.0,0.0,10.0,0.0,0.0,0.0,10.0
1446040769111485831,2135,1446040769106475114,robocape_mag,-19.8,7.5,-34.35,10.0,0.0,0.0,0.0,10.0,0.0,0.0,0.0,10.0
1446040769146946706,2136,1446040769142076015,robocape_mag,-19.8,7.5,-34.35,10.0,0.0,0.0,0.0,10.0,0.0,0.0,0.0,10.0
1446040769181380540,2137,1446040769176117897,robocape_mag,-19.8,9.0,-34.05,10.0,0.0,0.0,0.0,10.0,0.0,0.0,0.0,10.0
1446040769214209748,2138,1446040769208787918,robocape_mag,-20.1,9.0,-34.05,10.0,0.0,0.0,0.0,10.0,0.0,0.0,0.0,10.0
1446040769248863040,2139,1446040769243942975,robocape_mag,-20.1,9.0,-34.05,10.0,0.0,0.0,0.0,10.0,0.0,0.0,0.0,10.0
1446040769283104873,2140,1446040769277847051,robocape_mag,-20.1,9.0,-34.05,10.0,0.0,0.0,0.0,10.0,0.0,0.0,0.0,10.0
1446040769316237248,2141,1446040769311192035,robocape_mag,-20.1,9.0,-34.05,10.0,0.0,0.0,0.0,10.0,0.0,0.0,0.0,10.0
1446040769351910706,2142,1446040769346482038,robocape_mag,-19.5,9.6,-31.65,10.0,0.0,0.0,0.0,10.0,0.0,0.0,0.0,10.0
1446040769391067748,2143,1446040769385824918,robocape_mag,-19.5,9.6,-31.65,10.0,0.0,0.0,0.0,10.0,0.0,0.0,0.0,10.0
1446040769430612331,2144,1446040769422586917,robocape_mag,-19.5,9.6,-31.65,10.0,0.0,0.0,0.0,10.0,0.0,0.0,0.0,10.0
1446040769467291915,2145,1446040769462058067,robocape_mag,-19.5,9.6,-31.65,10.0,0.0,0.0,0.0,10.0,0.0,0.0,0.0,10.0
1446040769504757290,2146,1446040769499528884,robocape_mag,-17.1,12.0,-31.65,10.0,0.0,0.0,0.0,10.0,0.0,0.0,0.0,10.0
1446040769540229540,2147,1446040769534288883,robocape_mag,-17.1,12.0,-31.65,10.0,0.0,0.0,0.0,10.0,0.0,0.0,0.0,10.0
1446040769575043498,2148,1446040769570090055,robocape_mag,-17.1,12.0,-31.65,10.0,0.0,0.0,0.0,10.0,0.0,0.0,0.0,10.0
1446040769610100123,2149,1446040769605278015,robocape_mag,-17.1,12.0,-31.65,10.0,0.0,0.0,0.0,10.0,0.0,0.0,0.0,10.0
1446040769647495873,2150,1446040769640696048,robocape_mag,-17.1,12.0,-31.65,10.0,0.0,0.0,0.0,10.0,0.0,0.0,0.0,10.0
1446040769684533665,2151,1446040769679182052,robocape_mag,-20.1,15.0,-28.05,10.0,0.0,0.0,0.0,10.0,0.0,0.0,0.0,10.0
1446040769736780498,2152,1446040769727660894,robocape_mag,-20.1,15.0,-28.05,10.0,0.0,0.0,0.0,10.0,0.0,0.0,0.0,10.0
1446040769767081582,2153,1446040769762187957,robocape_mag,-20.1,15.0,-28.05,10.0,0.0,0.0,0.0,10.0,0.0,0.0,0.0,10.0
1446040769802340748,2154,1446040769797338008,robocape_mag,-20.1,15.0,-28.05,10.0,0.0,0.0,0.0,10.0,0.0,0.0,0.0,10.0
1446040769837120540,2155,1446040769832263946,robocape_mag,-18.9,18.6,-28.05,10.0,0.0,0.0,0.0,10.0,0.0,0.0,0.0,10.0
1446040769872004498,2156,1446040769867171049,robocape_mag,-18.9,18.6,-28.05,10.0,0.0,0.0,0.0,10.0,0.0,0.0,0.0,10.0
1446040769909310457,2157,1446040769901860952,robocape_mag,-18.9,18.6,-28.05,10.0,0.0,0.0,0.0,10.0,0.0,0.0,0.0,10.0
1446040769943656790,2158,1446040769938510894,robocape_mag,-18.9,18.6,-28.05,10.0,0.0,0.0,0.0,10.0,0.0,0.0,0.0,10.0
1446040769980134957,2159,1446040769972120046,robocape_mag,-18.9,18.6,-28.05,10.0,0.0,0.0,0.0,10.0,0.0,0.0,0.0,10.0
1446040770012125748,2160,1446040770006546020,robocape_mag,-7.8,22.5,-21.75,10.0,0.0,0.0,0.0,10.0,0.0,0.0,0.0,10.0
1446040770046162457,2161,1446040770041373968,robocape_mag,-7.8,22.5,-21.75,10.0,0.0,0.0,0.0,10.0,0.0,0.0,0.0,10.0
1446040770078003290,2162,1446040770072760105,robocape_mag,-7.8,22.5,-21.75,10.0,0.0,0.0,0.0,10.0,0.0,0.0,0.0,10.0
1446040770118332165,2163,1446040770113148927,robocape_mag,-7.8,22.5,-21.75,10.0,0.0,0.0,0.0,10.0,0.0,0.0,0.0,10.0
1446040770156703707,2164,1446040770150177001,robocape_mag,3.0,16.5,-13.95,10.0,0.0,0.0,0.0,10.0,0.0,0.0,0.0,10.0
1446040770191995582,2165,1446040770184228897,robocape_mag,3.0,16.5,-13.95,10.0,0.0,0.0,0.0,10.0,0.0,0.0,0.0,10.0
1446040770220438582,2166,1446040770215265035,robocape_mag,3.0,16.5,-13.95,10.0,0.0,0.0,0.0,10.0,0.0,0.0,0.0,10.0
1446040770254675998,2167,1446040770249474048,robocape_mag,3.0,16.5,-13.95,10.0,0.0,0.0,0.0,10.0,0.0,0.0,0.0,10.0
1446040770291040873,2168,1446040770285734891,robocape_mag,3.0,16.5,-13.95,10.0,0.0,0.0,0.0,10.0,0.0,0.0,0.0,10.0
1446040770326262832,2169,1446040770321296930,robocape_mag,12.6,14.7,-11.55,10.0,0.0,0.0,0.0,10.0,0.0,0.0,0.0,10.0
1446040770361051248,2170,1446040770356131076,robocape_mag,12.6,14.7,-11.55,10.0,0.0,0.0,0.0,10.0,0.0,0.0,0.0,10.0
1446040770401360873,2171,1446040770390520095,robocape_mag,12.6,14.7,-11.55,10.0,0.0,0.0,0.0,10.0,0.0,0.0,0.0,10.0
1446040770432799790,2172,1446040770427522897,robocape_mag,12.6,14.7,-11.55,10.0,0.0,0.0,0.0,10.0,0.0,0.0,0.0,10.0
1446040770469380249,2173,1446040770462357997,robocape_mag,10.5,7.8,-7.65,10.0,0.0,0.0,0.0,10.0,0.0,0.0,0.0,10.0
1446040770508438582,2174,1446040770498219966,robocape_mag,10.5,7.8,-7.65,10.0,0.0,0.0,0.0,10.0,0.0,0.0,0.0,10.0
1446040770539912249,2175,1446040770534518957,robocape_mag,10.5,7.8,-7.65,10.0,0.0,0.0,0.0,10.0,0.0,0.0,0.0,10.0
1446040770574253207,2176,1446040770569330930,robocape_mag,10.5,7.8,-7.65,10.0,0.0,0.0,0.0,10.0,0.0,0.0,0.0,10.0
1446040770609783124,2177,1446040770603939056,robocape_mag,10.5,7.8,-7.65,10.0,0.0,0.0,0.0,10.0,0.0,0.0,0.0,10.0
1446040770646902707,2178,1446040770641110897,robocape_mag,20.1,2.4,-7.65,10.0,0.0,0.0,0.0,10.0,0.0,0.0,0.0,10.0
1446040770682656915,2179,1446040770677433967,robocape_mag,20.1,2.4,-7.65,10.0,0.0,0.0,0.0,10.0,0.0,0.0,0.0,10.0
1446040770726687999,2180,1446040770721801996,robocape_mag,20.1,2.4,-7.65,10.0,0.0,0.0,0.0,10.0,0.0,0.0,0.0,10.0
1446040770762445165,2181,1446040770757420063,robocape_mag,20.1,2.4,-7.65,10.0,0.0,0.0,0.0,10.0,0.0,0.0,0.0,10.0
1446040770799749082,2182,1446040770794456958,robocape_mag,18.9,1.8,-2.25,10.0,0.0,0.0,0.0,10.0,0.0,0.0,0.0,10.0
1446040770834519165,2183,1446040770829408884,robocape_mag,18.9,1.8,-2.25,10.0,0.0,0.0,0.0,10.0,0.0,0.0,0.0,10.0
1446040770875800249,2184,1446040770867899894,robocape_mag,18.9,1.8,-2.25,10.0,0.0,0.0,0.0,10.0,0.0,0.0,0.0,10.0
1446040770915769582,2185,1446040770906163930,robocape_mag,18.9,1.8,-2.25,10.0,0.0,0.0,0.0,10.0,0.0,0.0,0.0,10.0
1446040770951899249,2186,1446040770941462039,robocape_mag,16.8,-2.1,2.25,10.0,0.0,0.0,0.0,10.0,0.0,0.0,0.0,10.0
1446040770983285582,2187,1446040770978303909,robocape_mag,16.8,-2.1,2.25,10.0,0.0,0.0,0.0,10.0,0.0,0.0,0.0,10.0
1446040771018172040,2188,1446040771012751102,robocape_mag,16.8,-2.1,2.25,10.0,0.0,0.0,0.0,10.0,0.0,0.0,0.0,10.0
1446040771053466165,2189,1446040771048600912,robocape_mag,16.8,-2.1,2.25,10.0,0.0,0.0,0.0,10.0,0.0,0.0,0.0,10.0
1446040771091064707,2190,1446040771084898948,robocape_mag,16.8,-2.1,2.25,10.0,0.0,0.0,0.0,10.0,0.0,0.0,0.0,10.0
1446040771128957249,2191,1446040771120608091,robocape_mag,21.6,0.9,1.05,10.0,0.0,0.0,0.0,10.0,0.0,0.0,0.0,10.0
1446040771167425249,2192,1446040771159590005,robocape_mag,21.6,0.9,1.05,10.0,0.0,0.0,0.0,10.0,0.0,0.0,0.0,10.0
1446040771205313041,2193,1446040771196084022,robocape_mag,21.6,0.9,1.05,10.0,0.0,0.0,0.0,10.0,0.0,0.0,0.0,10.0
1446040771240994666,2194,1446040771234797954,robocape_mag,21.6,0.9,1.05,10.0,0.0,0.0,0.0,10.0,0.0,0.0,0.0,10.0
1446040771280004332,2195,1446040771270775079,robocape_mag,16.2,-2.7,2.25,10.0,0.0,0.0,0.0,10.0,0.0,0.0,0.0,10.0
1446040771310588124,2196,1446040771305726051,robocape_mag,16.2,-2.7,2.25,10.0,0.0,0.0,0.0,10.0,0.0,0.0,0.0,10.0
1446040771346229499,2197,1446040771340917110,robocape_mag,16.2,-2.7,2.25,10.0,0.0,0.0,0.0,10.0,0.0,0.0,0.0,10.0
1446040771380166416,2198,1446040771375305891,robocape_mag,16.2,-2.7,2.25,10.0,0.0,0.0,0.0,10.0,0.0,0.0,0.0,10.0
1446040771416169249,2199,1446040771411310911,robocape_mag,16.2,-2.7,2.25,10.0,0.0,0.0,0.0,10.0,0.0,0.0,0.0,10.0
1446040771451692291,2200,1446040771446686983,robocape_mag,12.0,-3.9,1.05,10.0,0.0,0.0,0.0,10.0,0.0,0.0,0.0,10.0
1446040771488419499,2201,1446040771481359958,robocape_mag,12.0,-3.9,1.05,10.0,0.0,0.0,0.0,10.0,0.0,0.0,0.0,10.0
1446040771524316082,2202,1446040771518702983,robocape_mag,12.0,-3.9,1.05,10.0,0.0,0.0,0.0,10.0,0.0,0.0,0.0,10.0
1446040771560226041,2203,1446040771555111885,robocape_mag,12.0,-3.9,1.05,10.0,0.0,0.0,0.0,10.0,0.0,0.0,0.0,10.0
1446040771596477999,2204,1446040771589899063,robocape_mag,12.6,-2.1,8.85,10.0,0.0,0.0,0.0,10.0,0.0,0.0,0.0,10.0
1446040771629736624,2205,1446040771624578952,robocape_mag,12.6,-2.1,8.85,10.0,0.0,0.0,0.0,10.0,0.0,0.0,0.0,10.0
1446040771667772416,2206,1446040771662079095,robocape_mag,12.6,-2.1,8.85,10.0,0.0,0.0,0.0,10.0,0.0,0.0,0.0,10.0
1446040771718829124,2207,1446040771707550048,robocape_mag,12.6,-2.1,8.85,10.0,0.0,0.0,0.0,10.0,0.0,0.0,0.0,10.0
1446040771752551332,2208,1446040771747544050,robocape_mag,9.3,-3.0,11.55,10.0,0.0,0.0,0.0,10.0,0.0,0.0,0.0,10.0
1446040771790112874,2209,1446040771784706115,robocape_mag,9.3,-3.0,11.55,10.0,0.0,0.0,0.0,10.0,0.0,0.0,0.0,10.0
1446040771827264499,2210,1446040771821821928,robocape_mag,9.3,-3.0,11.55,10.0,0.0,0.0,0.0,10.0,0.0,0.0,0.0,10.0
1446040771872505708,2211,1446040771856267929,robocape_mag,9.3,-3.0,11.55,10.0,0.0,0.0,0.0,10.0,0.0,0.0,0.0,10.0
1446040771902625458,2212,1446040771897556066,robocape_mag,-63.6,-7.5,19.65,10.0,0.0,0.0,0.0,10.0,0.0,0.0,0.0,10.0
1446040771937959666,2213,1446040771932785987,robocape_mag,13.2,-7.5,19.65,10.0,0.0,0.0,0.0,10.0,0.0,0.0,0.0,10.0
1446040771971763208,2214,1446040771966937065,robocape_mag,13.2,-7.5,19.65,10.0,0.0,0.0,0.0,10.0,0.0,0.0,0.0,10.0
1446040772009996624,2215,1446040772001220941,robocape_mag,13.2,-7.5,19.65,10.0,0.0,0.0,0.0,10.0,0.0,0.0,0.0,10.0
1446040772041172166,2216,1446040772035882949,robocape_mag,13.2,-7.5,19.65,10.0,0.0,0.0,0.0,10.0,0.0,0.0,0.0,10.0
1446040772079895124,2217,1446040772073026895,robocape_mag,12.0,-5.7,16.65,10.0,0.0,0.0,0.0,10.0,0.0,0.0,0.0,10.0
1446040772115463541,2218,1446040772110594987,robocape_mag,12.0,-5.7,16.65,10.0,0.0,0.0,0.0,10.0,0.0,0.0,0.0,10.0
1446040772155827624,2219,1446040772150671958,robocape_mag,12.0,-5.7,16.65,10.0,0.0,0.0,0.0,10.0,0.0,0.0,0.0,10.0
1446040772195490708,2220,1446040772188704967,robocape_mag,12.0,-5.7,16.65,10.0,0.0,0.0,0.0,10.0,0.0,0.0,0.0,10.0
1446040772230511666,2221,1446040772224955081,robocape_mag,20.4,-5.7,1.65,10.0,0.0,0.0,0.0,10.0,0.0,0.0,0.0,10.0
1446040772269977666,2222,1446040772260045051,robocape_mag,20.4,-5.7,1.65,10.0,0.0,0.0,0.0,10.0,0.0,0.0,0.0,10.0
1446040772300589583,2223,1446040772295572996,robocape_mag,20.4,-5.7,1.65,10.0,0.0,0.0,0.0,10.0,0.0,0.0,0.0,10.0
1446040772334801458,2224,1446040772329902887,robocape_mag,20.4,-5.7,1.65,10.0,0.0,0.0,0.0,10.0,0.0,0.0,0.0,10.0
1446040772369996249,2225,1446040772364028930,robocape_mag,20.4,-5.7,1.65,10.0,0.0,0.0,0.0,10.0,0.0,0.0,0.0,10.0
1446040772405788791,2226,1446040772397330999,robocape_mag,16.5,-6.0,0.75,10.0,0.0,0.0,0.0,10.0,0.0,0.0,0.0,10.0
1446040772440996958,2227,1446040772434297084,robocape_mag,16.5,-6.0,0.75,10.0,0.0,0.0,0.0,10.0,0.0,0.0,0.0,10.0
1446040772479259749,2228,1446040772470402956,robocape_mag,16.5,-6.0,0.75,10.0,0.0,0.0,0.0,10.0,0.0,0.0,0.0,10.0
1446040772509960208,2229,1446040772505024909,robocape_mag,16.5,-6.0,0.75,10.0,0.0,0.0,0.0,10.0,0.0,0.0,0.0,10.0
1446040772544662541,2230,1446040772539628982,robocape_mag,15.9,-6.0,2.55,10.0,0.0,0.0,0.0,10.0,0.0,0.0,0.0,10.0
1446040772580078541,2231,1446040772574892997,robocape_mag,15.9,-6.0,2.55,10.0,0.0,0.0,0.0,10.0,0.0,0.0,0.0,10.0
1446040772615230000,2232,1446040772610289096,robocape_mag,15.9,-6.0,2.55,10.0,0.0,0.0,0.0,10.0,0.0,0.0,0.0,10.0
1446040772652937750,2233,1446040772645569086,robocape_mag,15.9,-6.0,2.55,10.0,0.0,0.0,0.0,10.0,0.0,0.0,0.0,10.0
1446040772687258083,2234,1446040772681008100,robocape_mag,15.9,-6.0,2.55,10.0,0.0,0.0,0.0,10.0,0.0,0.0,0.0,10.0
1446040772736702541,2235,1446040772731111049,robocape_mag,18.9,-6.0,1.35,10.0,0.0,0.0,0.0,10.0,0.0,0.0,0.0,10.0
1446040772772043541,2236,1446040772766836881,robocape_mag,18.9,-6.0,1.35,10.0,0.0,0.0,0.0,10.0,0.0,0.0,0.0,10.0
1446040772811177083,2237,1446040772801584005,robocape_mag,18.9,-6.0,1.35,10.0,0.0,0.0,0.0,10.0,0.0,0.0,0.0,10.0
1446040772842965375,2238,1446040772837167024,robocape_mag,18.9,-6.0,1.35,10.0,0.0,0.0,0.0,10.0,0.0,0.0,0.0,10.0
1446040772877027458,2239,1446040772872126102,robocape_mag,17.4,-5.7,4.65,10.0,0.0,0.0,0.0,10.0,0.0,0.0,0.0,10.0
1446040772912993833,2240,1446040772908051013,robocape_mag,17.4,-5.7,4.65,10.0,0.0,0.0,0.0,10.0,0.0,0.0,0.0,10.0
1446040772949444250,2241,1446040772942662954,robocape_mag,17.4,-5.7,4.65,10.0,0.0,0.0,0.0,10.0,0.0,0.0,0.0,10.0
1446040772982653125,2242,1446040772977566003,robocape_mag,17.4,-5.7,4.65,10.0,0.0,0.0,0.0,10.0,0.0,0.0,0.0,10.0
1446040773018859625,2243,1446040773011894941,robocape_mag,17.4,-5.7,4.65,10.0,0.0,0.0,0.0,10.0,0.0,0.0,0.0,10.0
1446040773055087750,2244,1446040773050281047,robocape_mag,15.9,-6.0,1.95,10.0,0.0,0.0,0.0,10.0,0.0,0.0,0.0,10.0
1446040773090504291,2245,1446040773085525989,robocape_mag,15.9,-6.0,1.95,10.0,0.0,0.0,0.0,10.0,0.0,0.0,0.0,10.0
1446040773124167125,2246,1446040773119267940,robocape_mag,15.9,-6.0,1.95,10.0,0.0,0.0,0.0,10.0,0.0,0.0,0.0,10.0
1446040773160776375,2247,1446040773154396057,robocape_mag,15.9,-6.0,1.95,10.0,0.0,0.0,0.0,10.0,0.0,0.0,0.0,10.0
1446040773199998291,2248,1446040773191279888,robocape_mag,21.0,-5.1,2.25,10.0,0.0,0.0,0.0,10.0,0.0,0.0,0.0,10.0
1446040773233357667,2249,1446040773226630926,robocape_mag,21.0,-5.1,2.25,10.0,0.0,0.0,0.0,10.0,0.0,0.0,0.0,10.0
1446040773269442542,2250,1446040773264070987,robocape_mag,21.0,-5.1,2.25,10.0,0.0,0.0,0.0,10.0,0.0,0.0,0.0,10.0
1446040773306768667,2251,1446040773298815011,robocape_mag,21.0,-5.1,2.25,10.0,0.0,0.0,0.0,10.0,0.0,0.0,0.0,10.0
1446040773339930125,2252,1446040773334486007,robocape_mag,21.0,-5.1,2.25,10.0,0.0,0.0,0.0,10.0,0.0,0.0,0.0,10.0
1446040773374654042,2253,1446040773369414091,robocape_mag,15.3,-4.8,4.95,10.0,0.0,0.0,0.0,10.0,0.0,0.0,0.0,10.0
1446040773412216875,2254,1446040773407037019,robocape_mag,15.3,-4.8,4.95,10.0,0.0,0.0,0.0,10.0,0.0,0.0,0.0,10.0
1446040773451473500,2255,1446040773442382097,robocape_mag,15.3,-4.8,4.95,10.0,0.0,0.0,0.0,10.0,0.0,0.0,0.0,10.0
1446040773482816292,2256,1446040773477996110,robocape_mag,15.3,-4.8,4.95,10.0,0.0,0.0,0.0,10.0,0.0,0.0,0.0,10.0
1446040773519169500,2257,1446040773514265060,robocape_mag,15.3,-7.8,3.75,10.0,0.0,0.0,0.0,10.0,0.0,0.0,0.0,10.0
1446040773556487000,2258,1446040773549252986,robocape_mag,15.3,-7.8,3.75,10.0,0.0,0.0,0.0,10.0,0.0,0.0,0.0,10.0
1446040773591663500,2259,1446040773584090948,robocape_mag,15.3,-7.8,3.75,10.0,0.0,0.0,0.0,10.0,0.0,0.0,0.0,10.0
1446040773626810625,2260,1446040773621685028,robocape_mag,15.3,-7.8,3.75,10.0,0.0,0.0,0.0,10.0,0.0,0.0,0.0,10.0
1446040773666773458,2261,1446040773661670923,robocape_mag,17.7,-4.2,6.75,10.0,0.0,0.0,0.0,10.0,0.0,0.0,0.0,10.0
1446040773709817042,2262,1446040773704606056,robocape_mag,17.7,-4.2,6.75,10.0,0.0,0.0,0.0,10.0,0.0,0.0,0.0,10.0
1446040773750577042,2263,1446040773740315914,robocape_mag,17.7,-4.2,6.75,10.0,0.0,0.0,0.0,10.0,0.0,0.0,0.0,10.0
1446040773785232375,2264,1446040773776228904,robocape_mag,17.7,-4.2,6.75,10.0,0.0,0.0,0.0,10.0,0.0,0.0,0.0,10.0
1446040773815935708,2265,1446040773811041116,robocape_mag,17.7,-4.2,6.75,10.0,0.0,0.0,0.0,10.0,0.0,0.0,0.0,10.0
1446040773851421250,2266,1446040773846352100,robocape_mag,15.9,-6.6,3.75,10.0,0.0,0.0,0.0,10.0,0.0,0.0,0.0,10.0
1446040773888798792,2267,1446040773883522033,robocape_mag,15.9,-6.6,3.75,10.0,0.0,0.0,0.0,10.0,0.0,0.0,0.0,10.0
1446040773926637084,2268,1446040773921873092,robocape_mag,15.9,-6.6,3.75,10.0,0.0,0.0,0.0,10.0,0.0,0.0,0.0,10.0
1446040773962617834,2269,1446040773957664966,robocape_mag,15.9,-6.6,3.75,10.0,0.0,0.0,0.0,10.0,0.0,0.0,0.0,10.0
1446040774001546709,2270,1446040773995748043,robocape_mag,19.8,-5.7,1.05,10.0,0.0,0.0,0.0,10.0,0.0,0.0,0.0,10.0
1446040774035704584,2271,1446040774030241966,robocape_mag,19.8,-5.7,1.05,10.0,0.0,0.0,0.0,10.0,0.0,0.0,0.0,10.0
1446040774072871209,2272,1446040774067842960,robocape_mag,19.8,-5.7,1.05,10.0,0.0,0.0,0.0,10.0,0.0,0.0,0.0,10.0
1446040774107242334,2273,1446040774102216958,robocape_mag,19.8,-5.7,1.05,10.0,0.0,0.0,0.0,10.0,0.0,0.0,0.0,10.0
1446040774141300542,2274,1446040774136154890,robocape_mag,19.8,-5.7,3.15,10.0,0.0,0.0,0.0,10.0,0.0,0.0,0.0,10.0
1446040774177457209,2275,1446040774172460079,robocape_mag,15.3,-5.4,3.15,10.0,0.0,0.0,0.0,10.0,0.0,0.0,0.0,10.0
1446040774212641542,2276,1446040774207396984,robocape_mag,15.3,-5.4,3.15,10.0,0.0,0.0,0.0,10.0,0.0,0.0,0.0,10.0
1446040774249289459,2277,1446040774243673086,robocape_mag,15.3,-5.4,3.15,10.0,0.0,0.0,0.0,10.0,0.0,0.0,0.0,10.0
1446040774284647792,2278,1446040774279743909,robocape_mag,15.3,-5.4,3.15,10.0,0.0,0.0,0.0,10.0,0.0,0.0,0.0,10.0
1446040774318941917,2279,1446040774314127922,robocape_mag,23.7,-4.2,2.55,10.0,0.0,0.0,0.0,10.0,0.0,0.0,0.0,10.0
1446040774357536959,2280,1446040774350887060,robocape_mag,23.7,-4.2,2.55,10.0,0.0,0.0,0.0,10.0,0.0,0.0,0.0,10.0
1446040774396508625,2281,1446040774388966083,robocape_mag,23.7,-4.2,2.55,10.0,0.0,0.0,0.0,10.0,0.0,0.0,0.0,10.0
1446040774430727084,2282,1446040774425565958,robocape_mag,23.7,-4.2,2.55,10.0,0.0,0.0,0.0,10.0,0.0,0.0,0.0,10.0
1446040774465959084,2283,1446040774461080074,robocape_mag,18.3,-3.6,5.55,10.0,0.0,0.0,0.0,10.0,0.0,0.0,0.0,10.0
1446040774499960459,2284,1446040774494888067,robocape_mag,18.3,-3.6,5.55,10.0,0.0,0.0,0.0,10.0,0.0,0.0,0.0,10.0
1446040774534038667,2285,1446040774529191017,robocape_mag,18.3,-3.6,5.55,10.0,0.0,0.0,0.0,10.0,0.0,0.0,0.0,10.0
1446040774569888834,2286,1446040774564765930,robocape_mag,18.3,-3.6,5.55,10.0,0.0,0.0,0.0,10.0,0.0,0.0,0.0,10.0
1446040774605950042,2287,1446040774600977897,robocape_mag,18.3,-3.6,5.55,10.0,0.0,0.0,0.0,10.0,0.0,0.0,0.0,10.0
1446040774641389292,2288,1446040774635190963,robocape_mag,22.8,-2.7,2.25,10.0,0.0,0.0,0.0,10.0,0.0,0.0,0.0,10.0
1446040774678340876,2289,1446040774673137903,robocape_mag,22.8,-2.7,2.25,10.0,0.0,0.0,0.0,10.0,0.0,0.0,0.0,10.0
1446040774721439584,2290,1446040774716629981,robocape_mag,22.8,-2.7,2.25,10.0,0.0,0.0,0.0,10.0,0.0,0.0,0.0,10.0
1446040774760423876,2291,1446040774755436897,robocape_mag,22.8,-2.7,2.25,10.0,0.0,0.0,0.0,10.0,0.0,0.0,0.0,10.0
1446040774795064876,2292,1446040774789839982,robocape_mag,23.7,-4.2,1.95,10.0,0.0,0.0,0.0,10.0,0.0,0.0,0.0,10.0
1446040774829984001,2293,1446040774825140953,robocape_mag,23.7,-4.2,1.95,10.0,0.0,0.0,0.0,10.0,0.0,0.0,0.0,10.0
1446040774865254042,2294,1446040774860369920,robocape_mag,23.7,-4.2,1.95,10.0,0.0,0.0,0.0,10.0,0.0,0.0,0.0,10.0
1446040774901026376,2295,1446040774895786046,robocape_mag,23.7,-4.2,1.95,10.0,0.0,0.0,0.0,10.0,0.0,0.0,0.0,10.0
