%time,field.header.seq,field.header.stamp,field.header.frame_id,field.temperature,field.variance
1464075973192464247,291,1464075973083299331,,1493.0,1367.0
1464075973192554611,292,1464075973106701039,,1493.0,1369.0
1464075973192723673,293,1464075973127113276,,1494.0,1374.0
1464075973192900912,294,1464075973149894205,,1494.0,1383.0
1464075973193039766,295,1464075973174956846,,1493.0,1380.0
1464075973283357961,296,1464075973197266265,,1493.0,1386.0
1464075973284704624,297,1464075973219584122,,1493.0,1397.0
1464075973354524958,298,1464075973241577553,,1494.0,1418.0
1464075973354829697,299,1464075973263639108,,1492.0,1428.0
1464075973368928461,300,1464075973287723158,,1494.0,1459.0
1464075973370368093,301,1464075973305391913,,1493.0,1474.0
1464075973370955852,302,1464075973323134157,,1493.0,1490.0
1464075973377810729,303,1464075973343073426,,1493.0,1500.0
1464075973378156666,304,1464075973368414765,,1493.0,1525.0
1464075973831056753,305,1464075973396317867,,1493.0,1539.0
1464075973831109201,306,1464075973430016943,,1493.0,1571.0
1464075973831146701,307,1464075973454233389,,1493.0,1636.0
1464075973831184617,308,1464075973474149273,,1493.0,1593.0
1464075973831299096,309,1464075973496347599,,1493.0,1591.0
1464075973831383471,310,1464075973513835885,,1493.0,1542.0
1464075973831585554,311,1464075973535336713,,1493.0,1592.0
1464075973831629616,312,1464075973555759158,,1495.0,1579.0
1464075973831666700,313,1464075973575037961,,1493.0,1563.0
1464075973831706335,314,1464075973594572752,,1493.0,1544.0
1464075973831744408,315,1464075973614659000,,1493.0,1524.0
1464075973831780866,316,1464075973637210919,,1493.0,1514.0
1464075973831816439,317,1464075973657129199,,1493.0,1502.0
1464075973831850449,318,1464075973677849352,,1493.0,1466.0
1464075973831885345,319,1464075973698583150,,1494.0,1430.0
1464075973831920866,320,1464075973719242938,,1493.0,1409.0
1464075973831957272,321,1464075973736625444,,1493.0,1488.0
1464075973832043209,322,1464075973757354399,,1493.0,1377.0
1464075973832079823,323,1464075973777679813,,1493.0,1344.0
1464075973832292531,324,1464075973798481528,,1493.0,1327.0
1464075973832498937,325,1464075973819179858,,1493.0,1292.0
1464075974320792471,326,1464075973838601993,,1493.0,1279.0
1464075974321131116,327,1464075973857279443,,1493.0,1266.0
1464075974321474501,328,1464075973877396160,,1493.0,1276.0
1464075974321768042,329,1464075973898164750,,1493.0,1291.0
1464075974322057260,330,1464075973916121733,,1494.0,1308.0
1464075974322344186,331,1464075973933057365,,1494.0,1329.0
1464075974322617779,332,1464075973951827419,,1494.0,1320.0
1464075974322930070,333,1464075973972230073,,1493.0,1327.0
1464075974323219444,334,1464075973993265277,,1493.0,1332.0
1464075974323478975,335,1464075974013354337,,1494.0,1342.0
1464075974323737359,336,1464075974034203917,,1493.0,1334.0
1464075974324017567,337,1464075974053845583,,1494.0,1357.0
1464075974324348035,338,1464075974074112977,,1494.0,1359.0
1464075974324640899,339,1464075974093344800,,1494.0,1359.0
1464075974324914231,340,1464075974112516103,,1493.0,1357.0
1464075974325173293,341,1464075974140338372,,1494.0,1355.0
1464075974325431521,342,1464075974168323766,,1493.0,1354.0
1464075974325716885,343,1464075974185469553,,1493.0,1359.0
1464075974325991572,344,1464075974207334651,,1494.0,1362.0
1464075974326299227,345,1464075974228765322,,1494.0,1369.0
1464075974326667299,346,1464075974250426775,,1493.0,1374.0
1464075974327215840,347,1464075974285548087,,1493.0,1377.0
1464075974327777140,348,1464075974319150184,,1494.0,1385.0
1464075974387823906,349,1464075974364190688,,1493.0,1421.0
1464075974418776844,350,1464075974407300989,,1493.0,1439.0
1464075974465594166,351,1464075974457147835,,1493.0,1441.0
1464075974518064963,352,1464075974510567171,,1493.0,1463.0
1464075974561088233,353,1464075974551392999,,1494.0,1455.0
1464075974588409670,354,1464075974579035529,,1494.0,1431.0
1464075974632801478,355,1464075974614366163,,1493.0,1438.0
1464075974632984811,356,1464075974627289566,,1493.0,1440.0
1464075974644622749,357,1464075974641793381,,1493.0,1424.0
1464075974664551758,358,1464075974657878911,,1493.0,1428.0
1464075974686865240,359,1464075974678425575,,1494.0,1428.0
1464075974706471698,360,1464075974700209162,,1494.0,1424.0
1464075974728900075,361,1464075974721094054,,1494.0,1423.0
1464075974762786911,362,1464075974743162485,,1493.0,1421.0
1464075974789360069,363,1464075974769792986,,1494.0,1419.0
1464075974789395486,364,1464075974781239674,,1493.0,1420.0
1464075974838544312,365,1464075974796677445,,1493.0,1420.0
1464075974839217852,366,1464075974816133799,,1493.0,1422.0
1464075974839681913,367,1464075974836200881,,1493.0,1421.0
1464075974862431279,368,1464075974859034622,,1493.0,1425.0
1464075974881868831,369,1464075974876495877,,1493.0,1429.0
1464075974903723200,370,1464075974897960299,,1493.0,1428.0
1464075974944542413,371,1464075974938491232,,1493.0,1428.0
1464075975004287878,372,1464075974991038903,,1493.0,1437.0
1464075975047383804,373,1464075975036274147,,1493.0,1459.0
1464075975087979893,374,1464075975075061386,,1493.0,1435.0
1464075975120828555,375,1464075975105265212,,1493.0,1450.0
1464075975215628353,376,1464075975134235655,,1493.0,1442.0
1464075975216084550,377,1464075975162073393,,1493.0,1442.0
1464075975240786307,378,1464075975215432625,,1494.0,1438.0
1464075975284866188,379,1464075975250488520,,1493.0,1427.0
1464075975284901917,380,1464075975275329704,,1494.0,1432.0
1464075975310050600,381,1464075975306345975,,1493.0,1432.0
1464075975322500046,382,1464075975312718249,,1494.0,1431.0
1464075975322589681,383,1464075975316606832,,1494.0,1435.0
1464075975367626591,384,1464075975360702391,,1493.0,1435.0
1464075975375525008,385,1464075975372841942,,1493.0,1436.0
1464075975396649951,386,1464075975384468630,,1493.0,1435.0
1464075975425694613,387,1464075975413405948,,1494.0,1432.0
1464075975436314064,388,1464075975424675970,,1494.0,1435.0
1464075975441804309,389,1464075975435459014,,1494.0,1435.0
1464075975473619849,390,1464075975463546751,,1494.0,1437.0
1464075975494094429,391,1464075975478579940,,1493.0,1441.0
1464075975523754871,392,1464075975516593952,,1493.0,1443.0
1464075975546791684,393,1464075975541940447,,1494.0,1446.0
1464075975568714073,394,1464075975565384811,,1494.0,1441.0
1464075975622619918,395,1464075975586966941,,1494.0,1441.0
1464075975623471478,396,1464075975606799908,,1493.0,1441.0
1464075975623526270,397,1464075975618854251,,1494.0,1442.0
1464075975673823166,398,1464075975653229211,,1493.0,1440.0
1464075975737260809,399,1464075975718980597,,1493.0,1447.0
1464075975737315808,400,1464075975725982453,,1494.0,1426.0
1464075975769439160,401,1464075975759015073,,1493.0,1439.0
1464075975793428731,402,1464075975782551937,,1493.0,1423.0
1464075975806678487,403,1464075975802151937,,1495.0,1431.0
1464075975822586569,404,1464075975817842103,,1494.0,1435.0
1464075975844482448,405,1464075975840529021,,1493.0,1431.0
1464075975872509300,406,1464075975864414374,,1493.0,1428.0
1464075975891590291,407,1464075975888780454,,1494.0,1429.0
1464075975918458969,408,1464075975909962637,,1493.0,1439.0
1464075975935841266,409,1464075975932191901,,1494.0,1443.0
1464075975965544936,410,1464075975953603041,,1493.0,1445.0
1464075975979307920,411,1464075975974231527,,1494.0,1445.0
1464075975992965904,412,1464075975985548528,,1493.0,1446.0
1464075976117064738,413,1464075976004058635,,1493.0,1440.0
1464075976117657497,414,1464075976019765832,,1494.0,1440.0
1464075976117711351,415,1464075976039280624,,1493.0,1442.0
1464075976118249995,416,1464075976057800470,,1493.0,1442.0
1464075976136969008,417,1464075976098986089,,1493.0,1441.0
1464075976155093803,418,1464075976138108432,,1493.0,1444.0
1464075976155595052,419,1464075976151023658,,1493.0,1442.0
1464075976171395582,420,1464075976162417273,,1493.0,1441.0
1464075976217116918,421,1464075976182952478,,1493.0,1441.0
1464075976217961082,422,1464075976196079630,,1493.0,1441.0
1464075976232509637,423,1464075976215888640,,1494.0,1443.0
1464075976249141884,424,1464075976236716865,,1493.0,1444.0
1464075976309418285,425,1464075976265584340,,1494.0,1444.0
1464075976309797190,426,1464075976304842360,,1493.0,1444.0
1464075976376097117,427,1464075976350680778,,1493.0,1438.0
1464075976410042442,428,1464075976393253633,,1493.0,1434.0
1464075976445665211,429,1464075976440751579,,1494.0,1451.0
1464075976485021720,430,1464075976480657930,,1493.0,1448.0
1464075976518456266,431,1464075976493608676,,1494.0,1440.0
1464075976518585068,432,1464075976507815774,,1494.0,1443.0
1464075976530680660,433,1464075976526454630,,1493.0,1443.0
1464075976669454247,434,1464075976543061252,,1493.0,1447.0
1464075976669686850,435,1464075976566296346,,1493.0,1447.0
1464075976669935912,436,1464075976588091027,,1493.0,1447.0
1464075976670181276,437,1464075976610576175,,1494.0,1444.0
1464075976670466431,438,1464075976627063996,,1493.0,1444.0
1464075976670949295,439,1464075976649471644,,1493.0,1440.0
1464075976701648744,440,1464075976663991084,,1494.0,1444.0
1464075976702069367,441,1464075976684521550,,1493.0,1438.0
1464075976735200997,442,1464075976708800079,,1493.0,1431.0
1464075976735662663,443,1464075976723359102,,1494.0,1430.0
1464075976785312269,444,1464075976745727844,,1493.0,1431.0
1464075976788403303,445,1464075976771518608,,1493.0,1435.0
1464075976851340530,446,1464075976785154561,,1493.0,1438.0
1464075976853175421,447,1464075976813346309,,1493.0,1439.0
1464075976854979791,448,1464075976844369611,,1494.0,1440.0
1464075976978701178,449,1464075976876938534,,1493.0,1447.0
1464075976978978885,450,1464075976905799446,,1493.0,1449.0
1464075976979852477,451,1464075976937281080,,1493.0,1467.0
1464075976982467834,452,1464075976963291532,,1493.0,1459.0
1464075977095114043,453,1464075976994526344,,1494.0,1459.0
1464075977095388729,454,1464075977022044707,,1493.0,1451.0
1464075977096991902,455,1464075977050549891,,1494.0,1450.0
1464075977098743512,456,1464075977076933362,,1495.0,1453.0
1464075977236330331,457,1464075977110480772,,1494.0,1455.0
1464075977236619601,458,1464075977136641119,,1493.0,1451.0
1464075977238550950,459,1464075977167300620,,1493.0,1454.0
1464075977238855741,460,1464075977195006952,,1494.0,1452.0
1464075977240626986,461,1464075977224996715,,1493.0,1452.0
1464075977360257030,462,1464075977253652784,,1493.0,1449.0
1464075977360299009,463,1464075977284132963,,1494.0,1446.0
1464075977360392550,464,1464075977316164856,,1493.0,1442.0
1464075977360482914,465,1464075977342294734,,1494.0,1451.0
1464075977400946660,466,1464075977371477312,,1493.0,1455.0
1464075977406888155,467,1464075977401412076,,1493.0,1449.0
1464075977465733257,468,1464075977427022944,,1493.0,1447.0
1464075977473358028,469,1464075977456185106,,1493.0,1448.0
1464075977487785594,470,1464075977478454890,,1493.0,1444.0
1464075977570153706,471,1464075977510420117,,1494.0,1444.0
1464075977570927298,472,1464075977536658119,,1494.0,1444.0
1464075977571002819,473,1464075977567406005,,1493.0,1442.0
1464075977622905336,474,1464075977601060551,,1493.0,1430.0
1464075977639784926,475,1464075977626987825,,1494.0,1432.0
1464075977675949204,476,1464075977660453152,,1493.0,1420.0
1464075977714820298,477,1464075977687110372,,1493.0,1431.0
1464075977749335830,478,1464075977713661499,,1493.0,1433.0
1464075977749839318,479,1464075977744540374,,1494.0,1435.0
1464075977831686026,480,1464075977776768725,,1493.0,1446.0
1464075977831724203,481,1464075977806534843,,1493.0,1449.0
1464075977959823599,482,1464075977841090376,,1494.0,1466.0
1464075977959871255,483,1464075977863443910,,1493.0,1456.0
1464075977959902401,484,1464075977884618176,,1494.0,1453.0
1464075977959931203,485,1464075977908243842,,1493.0,1452.0
1464075977965121554,486,1464075977930514042,,1493.0,1450.0
1464075977965171970,487,1464075977950956279,,1494.0,1448.0
1464075978296865456,488,1464075977971735182,,1493.0,1448.0
1464075978297214621,489,1464075977993846112,,1493.0,1449.0
1464075978297374413,490,1464075978016785373,,1494.0,1449.0
1464075978299880656,491,1464075978038847971,,1493.0,1448.0
1464075978301323621,492,1464075978062189939,,1493.0,1447.0
1464075978301680235,493,1464075978084059047,,1493.0,1447.0
1464075978301746120,494,1464075978113965165,,1494.0,1449.0
1464075978301978932,495,1464075978141371654,,1493.0,1451.0
1464075978302100546,496,1464075978163813781,,1494.0,1452.0
1464075978302155181,497,1464075978186259034,,1493.0,1449.0
1464075978302195754,498,1464075978211231779,,1493.0,1441.0
1464075978302471430,499,1464075978222545968,,1492.0,1437.0
1464075978302893148,500,1464075978244971428,,1493.0,1436.0
1464075978302942783,501,1464075978258601444,,1493.0,1439.0
1464075978304647622,502,1464075978273220311,,1493.0,1443.0
1464075978304703820,503,1464075978299979979,,1493.0,1442.0
1464075978991946196,504,1464075978337139671,,1494.0,1441.0
1464075978992228904,505,1464075978361585751,,1493.0,1437.0
1464075978997391494,506,1464075978378550289,,1493.0,1440.0
1464075978997443838,507,1464075978396886177,,1493.0,1442.0
1464075978998174877,508,1464075978414477380,,1493.0,1443.0
1464075978999346593,509,1464075978432325665,,1493.0,1444.0
1464075979000389142,510,1464075978458574918,,1494.0,1443.0
1464075979001299765,511,1464075978488958534,,1493.0,1442.0
1464075979002977677,512,1464075978518575018,,1493.0,1439.0
1464075979003314916,513,1464075978531840242,,1498.0,1437.0
1464075979003625904,514,1464075978560743602,,1494.0,1434.0
1464075979006035898,515,1464075978583574999,,1493.0,1417.0
1464075979008850213,516,1464075978604655568,,1494.0,1429.0
1464075979011118280,517,1464075978624342599,,1493.0,1435.0
1464075979014488063,518,1464075978646426341,,1494.0,1441.0
1464075979014904833,519,1464075978669918153,,1493.0,1443.0
1464075979017056181,520,1464075978692680540,,1494.0,1445.0
1464075979018670864,521,1464075978715421677,,1493.0,1446.0
1464075979022128876,522,1464075978737619482,,1494.0,1448.0
1464075979022549656,523,1464075978760497233,,1493.0,1446.0
1464075979022594343,524,1464075978781711708,,1493.0,1444.0
1464075979022628406,525,1464075978803160817,,1493.0,1440.0
1464075979022869915,526,1464075978824196854,,1494.0,1440.0
1464075979023131425,527,1464075978842903627,,1493.0,1442.0
1464075979023403560,528,1464075978862750345,,1493.0,1443.0
1464075979024442307,529,1464075978883089405,,1493.0,1443.0
1464075979024991108,530,1464075978902087635,,1493.0,1444.0
1464075979025285065,531,1464075978921935134,,1494.0,1444.0
1464075979030883852,532,1464075978943005234,,1493.0,1444.0
1464075979031797912,533,1464075978963860230,,1493.0,1443.0
1464075979032633327,534,1464075978984681007,,1494.0,1444.0
1464075979034190093,535,1464075979005776732,,1493.0,1448.0
1464075979035041289,536,1464075979023064550,,1494.0,1444.0
1464075981443581549,537,1464075979043034288,,1494.0,1446.0
1464075981443895403,538,1464075979061880696,,1493.0,1452.0
1464075981444173423,539,1464075979084064178,,1493.0,1450.0
1464075981447889767,540,1464075979104317666,,1493.0,1448.0
1464075981448229349,541,1464075979124830840,,1493.0,1444.0
1464075981448507161,542,1464075979143689643,,1494.0,1441.0
1464075981448752369,543,1464075979164584639,,1493.0,1433.0
1464075981449013670,544,1464075979184762710,,1493.0,1434.0
1464075981449293357,545,1464075979193046855,,1493.0,1434.0
1464075981451651424,546,1464075979210871495,,1494.0,1441.0
1464075981452073454,547,1464075979243508855,,1493.0,1435.0
1464075981452370224,548,1464075979261437974,,1493.0,1435.0
1464075981452659442,549,1464075979282827083,,1493.0,1435.0
1464075981452944389,550,1464075979301282919,,1493.0,1433.0
1464075981453229544,551,1464075979319168496,,1493.0,1432.0
1464075981454907040,552,1464075979341279478,,1493.0,1436.0
1464075981455256831,553,1464075979375790427,,1493.0,1433.0
1464075981455543861,554,1464075979407140083,,1493.0,1434.0
1464075981455834590,555,1464075979436134432,,1494.0,1443.0
1464075981456132870,556,1464075979461432333,,1493.0,1439.0
1464075981457916771,557,1464075979491158660,,1493.0,1437.0
1464075981458263177,558,1464075979521379152,,1493.0,1430.0
1464075981458574895,559,1464075979546698250,,1494.0,1431.0
1464075981460216297,560,1464075979574654269,,1493.0,1433.0
1464075981460527962,561,1464075979601762478,,1494.0,1440.0
1464075981460815774,562,1464075979630397088,,1493.0,1439.0
1464075981462665925,563,1464075979654435149,,1493.0,1440.0
1464075981463060143,564,1464075979681158671,,1493.0,1442.0
1464075981463354569,565,1464075979713620303,,1493.0,1457.0
1464075981463625350,566,1464075979741409447,,1493.0,1450.0
1464075981465285450,567,1464075979770894680,,1491.0,1452.0
1464075981465653365,568,1464075979796769351,,1493.0,1447.0
1464075981465975344,569,1464075979823766205,,1493.0,1446.0
1464075981467608725,570,1464075979854161593,,1494.0,1444.0
1464075981467956744,571,1464075979884015783,,1493.0,1444.0
1464075981468245285,572,1464075979907378742,,1494.0,1444.0
1464075981468519868,573,1464075979931088522,,1493.0,1445.0
1464075981468798148,574,1464075979963837913,,1494.0,1448.0
1464075981469058877,575,1464075979991953775,,1493.0,1448.0
1464075981469321585,576,1464075980024956707,,1493.0,1454.0
1464075981471837255,577,1464075980050860596,,1494.0,1447.0
1464075981472243243,578,1464075980080897651,,1494.0,1449.0
1464075981474624539,579,1464075980111199497,,1494.0,1444.0
1464075981477433802,580,1464075980140930094,,1493.0,1436.0
1464075981478176665,581,1464075980171972199,,1493.0,1425.0
1464075981478519008,582,1464075980206007368,,1493.0,1439.0
1464075981478812809,583,1464075980235548747,,1493.0,1435.0
1464075981479080100,584,1464075980263757265,,1493.0,1431.0
1464075981480870147,585,1464075980290572037,,1494.0,1430.0
1464075981481217542,586,1464075980321241226,,1493.0,1429.0
1464075981481541916,587,1464075980343871009,,1493.0,1438.0
1464075981483117589,588,1464075980374040667,,1493.0,1440.0
1464075981483496234,589,1464075980405562874,,1493.0,1441.0
1464075981483815400,590,1464075980433900351,,1493.0,1435.0
1464075981484138732,591,1464075980465683963,,1493.0,1425.0
1464075981484416805,592,1464075980493211858,,1493.0,1428.0
1464075981484668575,593,1464075980521282252,,1493.0,1425.0
1464075981484926595,594,1464075980553096021,,1493.0,1415.0
1464075981485197480,595,1464075980581125529,,1493.0,1428.0
1464075981485488208,596,1464075980613707577,,1493.0,1433.0
1464075981487153099,597,1464075980641271670,,1493.0,1429.0
1464075981489119813,598,1464075980669787583,,1494.0,1430.0
1464075981489403302,599,1464075980700560886,,1493.0,1440.0
1464075981489671790,600,1464075980725324465,,1492.0,1439.0
1464075981489949967,601,1464075980754273710,,1493.0,1449.0
1464075981490230747,602,1464075980784110245,,1493.0,1442.0
1464075981491843868,603,1464075980810830954,,1493.0,1441.0
1464075981492231159,604,1464075980841178633,,1493.0,1441.0
1464075981492540116,605,1464075980867104501,,1493.0,1439.0
1464075981494085737,606,1464075980896666506,,1493.0,1438.0
1464075981495672764,607,1464075980928232358,,1494.0,1438.0
1464075981496019430,608,1464075980954380882,,1493.0,1439.0
1464075981497708227,609,1464075980980390916,,1494.0,1438.0
1464075981498044893,610,1464075981011287865,,1493.0,1443.0
1464075981498354684,611,1464075981038857114,,1494.0,1441.0
1464075981498635360,612,1464075981067108340,,1493.0,1439.0
1464075981498925828,613,1464075981096538990,,1493.0,1439.0
1464075981499207286,614,1464075981123944386,,1493.0,1435.0
1464075981502646495,615,1464075981154585449,,1493.0,1423.0
1464075981503070817,616,1464075981183728705,,1493.0,1430.0
1464075981503400191,617,1464075981215630598,,1493.0,1435.0
1464075981503725659,618,1464075981246672390,,1493.0,1438.0
1464075981504037689,619,1464075981275690906,,1494.0,1437.0
1464075981506395079,620,1464075981308327068,,1493.0,1435.0
1464075981506777005,621,1464075981333116637,,1493.0,1438.0
1464075981508413667,622,1464075981361300416,,1494.0,1438.0
1464075981508739812,623,1464075981391798459,,1494.0,1435.0
1464075981509011634,624,1464075981421989003,,1493.0,1430.0
1464075981509553456,625,1464075981452973139,,1493.0,1416.0
1464075981509940069,626,1464075981481149574,,1494.0,1424.0
1464075983004991581,627,1464075981513370216,,1493.0,1411.0
1464075983005054290,628,1464075981541587485,,1493.0,1413.0
1464075983005090696,629,1464075981569816055,,1493.0,1414.0
1464075983005127206,630,1464075981594240573,,1494.0,1407.0
1464075983006241786,631,1464075981622038050,,1494.0,1412.0
1464075983006303140,632,1464075981650626307,,1494.0,1414.0
1464075983008927873,633,1464075981677446287,,1493.0,1422.0
1464075983012030208,634,1464075981707433707,,1493.0,1423.0
1464075983012087240,635,1464075981733861969,,1493.0,1423.0
1464075983012469478,636,1464075981764169388,,1494.0,1425.0
1464075983013351976,637,1464075981791163482,,1493.0,1421.0
1464075983013419736,638,1464075981815230657,,1493.0,1420.0
1464075983013461142,639,1464075981836295653,,1493.0,1420.0
1464075983013497392,640,1464075981864111828,,1493.0,1423.0
1464075983013740725,641,1464075981893417687,,1494.0,1427.0
1464075983013973328,642,1464075981914109715,,1493.0,1420.0
1464075983014019630,643,1464075981924590103,,1494.0,1415.0
1464075983014058901,644,1464075981978146522,,1493.0,1421.0
1464075983014093380,645,1464075982032063513,,1493.0,1393.0
1464075983014129734,646,1464075982077891619,,1493.0,1396.0
1464075983014169526,647,1464075982090848512,,1493.0,1415.0
1464075983014207807,648,1464075982112937463,,1493.0,1413.0
1464075983014244630,649,1464075982155872817,,1494.0,1407.0
1464075983014287077,650,1464075982187231430,,1493.0,1412.0
1464075983024921007,651,1464075982210512774,,1493.0,1414.0
1464075983025181163,652,1464075982229997930,,1493.0,1413.0
1464075983025940171,653,1464075982251055374,,1493.0,1413.0
1464075983027111835,654,1464075982273884583,,1494.0,1412.0
1464075983029628182,655,1464075982292463909,,1493.0,1412.0
1464075983033015517,656,1464075982313711091,,1493.0,1415.0
1464075983033469266,657,1464075982333909943,,1493.0,1418.0
1464075983033511713,658,1464075982354466867,,1493.0,1419.0
1464075983035749364,659,1464075982374737178,,1494.0,1420.0
1464075983038284044,660,1464075982395398529,,1494.0,1420.0
1464075983039510447,661,1464075982416305712,,1493.0,1419.0
1464075983040688309,662,1464075982435887587,,1494.0,1418.0
1464075983042144659,663,1464075982455340816,,1493.0,1417.0
1464075983044713142,664,1464075982480249707,,1494.0,1418.0
1464075983044772308,665,1464075982498380127,,1493.0,1417.0
1464075983048341621,666,1464075982519252832,,1493.0,1417.0
1464075983048554590,667,1464075982537276898,,1494.0,1416.0
1464075983054058794,668,1464075982558666632,,1494.0,1417.0
1464075983068934952,669,1464075982579288817,,1494.0,1416.0
1464075983069904376,670,1464075982601360580,,1494.0,1416.0
1464075983071406091,671,1464075982621340839,,1493.0,1419.0
1464075983075512538,672,1464075982642105471,,1494.0,1423.0
1464075983076868889,673,1464075982662646510,,1494.0,1424.0
1464075983078461020,674,1464075982683336871,,1494.0,1422.0
1464075983078520134,675,1464075982704869626,,1493.0,1422.0
1464075983079779558,676,1464075982724891030,,1494.0,1423.0
1464075983080721118,677,1464075982750300650,,1493.0,1426.0
1464075983082470332,678,1464075982774474231,,1494.0,1430.0
1464075983082525592,679,1464075982796725629,,1493.0,1435.0
1464075983084452358,680,1464075982824109723,,1494.0,1438.0
1464075983087043966,681,1464075982859095671,,1493.0,1453.0
1464075983087342611,682,1464075982885087059,,1494.0,1442.0
1464075983089564063,683,1464075982904210966,,1493.0,1443.0
1464075983091004997,684,1464075982921819982,,1493.0,1435.0
1464075983091067184,685,1464075982951021934,,1493.0,1435.0
1464075983091109632,686,1464075982978597746,,1493.0,1434.0
1464075983093190147,687,1464075982998839410,,1493.0,1437.0
1464075983095741182,688,1464075983021718099,,1493.0,1439.0
1464075983096738575,689,1464075983034039785,,1494.0,1436.0
1464075983096805137,690,1464075983059442321,,1493.0,1435.0
1464075983096841335,691,1464075983080243515,,1494.0,1437.0
1464075983268807645,692,1464075983102044915,,1493.0,1438.0
1464075983268855041,693,1464075983132041345,,1494.0,1441.0
1464075983268890822,694,1464075983164379175,,1493.0,1442.0
1464075983268926290,695,1464075983191250926,,1494.0,1438.0
1464075983269336810,696,1464075983219051632,,1494.0,1436.0
1464075983270228891,697,1464075983250371340,,1493.0,1438.0
1464075984174015114,698,1464075983283895834,,1494.0,1443.0
1464075984174275790,699,1464075983297328506,,1493.0,1442.0
1464075984174536154,700,1464075983324998380,,1494.0,1441.0
1464075984174820111,701,1464075983345789834,,1493.0,1439.0
1464075984175115736,702,1464075983371500911,,1493.0,1438.0
1464075984175405683,703,1464075983404201553,,1494.0,1437.0
1464075984175681255,704,1464075983443231761,,1493.0,1436.0
1464075984175946410,705,1464075983483515663,,1494.0,1430.0
1464075984176214951,706,1464075983515253494,,1494.0,1441.0
1464075984176513180,707,1464075983545980495,,1493.0,1440.0
1464075984176817814,708,1464075983582368731,,1493.0,1443.0
1464075984177149532,709,1464075983610655166,,1494.0,1442.0
1464075984177537031,710,1464075983644786689,,1494.0,1446.0
1464075984177863072,711,1464075983676096657,,1493.0,1441.0
1464075984178137394,712,1464075983714796241,,1494.0,1439.0
1464075984178409164,713,1464075983750764373,,1493.0,1435.0
1464075984178672080,714,1464075983787255265,,1493.0,1437.0
1464075984178923434,715,1464075983823904646,,1495.0,1434.0
1464075984179199995,716,1464075983856627319,,1494.0,1435.0
1464075984179468432,717,1464075983885286304,,1493.0,1436.0
1464075984179743015,718,1464075983917393979,,1493.0,1437.0
1464075984180057181,719,1464075983952848154,,1493.0,1437.0
1464075984180368169,720,1464075983962056776,,1494.0,1441.0
1464075984180667387,721,1464075984001769534,,1494.0,1438.0
1464075984180935772,722,1464075984044754523,,1493.0,1446.0
1464075984181200250,723,1464075984085667538,,1493.0,1445.0
1464075984182512434,724,1464075984128093049,,1493.0,1437.0
1464075984182987121,725,1464075984168737523,,1493.0,1433.0
1464075984269466160,726,1464075984221266706,,1493.0,1431.0
1464075984269961158,727,1464075984264076799,,1494.0,1439.0
1464075984320167690,728,1464075984313981665,,1493.0,1444.0
1464075984381471484,729,1464075984371424376,,1493.0,1459.0
1464075984441098460,730,1464075984432578431,,1494.0,1439.0
1464075984495084721,731,1464075984487066201,,1494.0,1435.0
1464075984541778398,732,1464075984536815130,,1494.0,1444.0
1464075984591039516,733,1464075984561505897,,1493.0,1438.0
1464075984591188370,734,1464075984581730166,,1493.0,1438.0
1464075984614667265,735,1464075984608081502,,1493.0,1437.0
1464075984651670812,736,1464075984647157543,,1494.0,1435.0
1464075984692370234,737,1464075984686315459,,1493.0,1441.0
1464075984745302175,738,1464075984735596993,,1494.0,1451.0
1464075984801405879,739,1464075984785856963,,1493.0,1448.0
1464075984851453297,740,1464075984838919529,,1494.0,1437.0
1464075984883414878,741,1464075984862241758,,1493.0,1444.0
1464075984883528628,742,1464075984875915784,,1494.0,1445.0
1464075984916259686,743,1464075984896704374,,1494.0,1443.0
1464075984931211469,744,1464075984921799358,,1493.0,1449.0
1464075984943068312,745,1464075984936340101,,1493.0,1448.0
1464075984962252115,746,1464075984955316039,,1494.0,1444.0
1464075984978710091,747,1464075984975811453,,1494.0,1452.0
1464075984998085352,748,1464075984995647077,,1494.0,1452.0
1464075985023861845,749,1464075985015908637,,1494.0,1449.0
1464075985039613574,750,1464075985035655147,,1494.0,1447.0
1464075985062486325,751,1464075985056043113,,1493.0,1443.0
1464075985079453623,752,1464075985075639102,,1494.0,1446.0
1464075985104099234,753,1464075985095638059,,1493.0,1451.0
1464075985121494500,754,1464075985115701755,,1493.0,1449.0
1464075985140724553,755,1464075985137886748,,1493.0,1450.0
1464075985202053972,756,1464075985173342694,,1493.0,1450.0
1464075985207013594,757,1464075985204987557,,1493.0,1461.0
1464075985233118315,758,1464075985229940928,,1494.0,1460.0
1464075985255709401,759,1464075985252056598,,1494.0,1463.0
1464075985278085382,760,1464075985273930810,,1493.0,1469.0
1464075985299039232,761,1464075985295899605,,1493.0,1471.0
1464075985320045999,762,1464075985316693247,,1493.0,1478.0
1464075985347281915,763,1464075985336332309,,1494.0,1476.0
1464075985365735251,764,1464075985362008855,,1494.0,1469.0
1464075985455735427,765,1464075985390494091,,1493.0,1468.0
1464075985455771208,766,1464075985412779344,,1493.0,1451.0
1464075985455804802,767,1464075985438620577,,1493.0,1449.0
1464075985467106230,768,1464075985464589049,,1493.0,1446.0
1464075985499579632,769,1464075985490456584,,1493.0,1444.0
1464075985528238566,770,1464075985521170564,,1493.0,1444.0
1464075985590034337,771,1464075985549172780,,1494.0,1428.0
1464075985590533190,772,1464075985570506056,,1494.0,1435.0
1464075985611335843,773,1464075985604977943,,1493.0,1435.0
1464075985637402804,774,1464075985633377346,,1494.0,1436.0
1464075985671325526,775,1464075985668503971,,1493.0,1419.0
1464075985737345974,776,1464075985696394729,,1494.0,1428.0
1464075985737871962,777,1464075985730754273,,1493.0,1413.0
1464075985758130449,778,1464075985755184572,,1493.0,1426.0
1464075985788502816,779,1464075985785488136,,1493.0,1425.0
1464075985838968774,780,1464075985835819251,,1493.0,1420.0
1464075985878039555,781,1464075985872473268,,1493.0,1430.0
1464075985891733633,782,1464075985877357317,,1494.0,1433.0
1464075985908963430,783,1464075985896596953,,1494.0,1436.0
1464075985928085618,784,1464075985916170598,,1494.0,1430.0
1464075985948180252,785,1464075985936388982,,1493.0,1438.0
1464075985966706557,786,1464075985956276480,,1493.0,1441.0
1464075985994331535,787,1464075985980926206,,1493.0,1442.0
1464075986022186825,788,1464075986020496100,,1494.0,1445.0
1464075986070251956,789,1464075986046825561,,1493.0,1440.0
1464075986076849022,790,1464075986072549033,,1493.0,1452.0
1464075986097425998,791,1464075986094322777,,1493.0,1446.0
1464075986122046869,792,1464075986117675891,,1493.0,1445.0
1464075986225481071,793,1464075986142036503,,1494.0,1443.0
1464075986225844039,794,1464075986172653817,,1493.0,1443.0
1464075986226345287,795,1464075986194556310,,1493.0,1443.0
1464075986227232785,796,1464075986217397916,,1493.0,1444.0
1464075986303001592,797,1464075986242104464,,1494.0,1444.0
1464075986303983204,798,1464075986265426589,,1493.0,1445.0
1464075986304980702,799,1464075986291017458,,1493.0,1448.0
1464075986344951688,800,1464075986314177500,,1494.0,1447.0
1464075986345304396,801,1464075986336968116,,1493.0,1447.0
1464075986380187167,802,1464075986375783845,,1493.0,1446.0
1464075986437015868,803,1464075986423171478,,1493.0,1445.0
1464075986475818369,804,1464075986468164795,,1493.0,1442.0
1464075986516253989,805,1464075986492211137,,1494.0,1440.0
1464075986516322479,806,1464075986496612063,,1493.0,1442.0
1464075986516656332,807,1464075986507135628,,1493.0,1444.0
1464075986547882967,808,1464075986527547761,,1493.0,1444.0
1464075986567297550,809,1464075986560755224,,1494.0,1442.0
1464075986662295681,810,1464075986604122191,,1493.0,1439.0
1464075986665309683,811,1464075986652802217,,1493.0,1431.0
1464075986751667733,812,1464075986673548828,,1493.0,1435.0
1464075986752174763,813,1464075986706289886,,1493.0,1439.0
1464075986893474228,814,1464075986753139344,,1493.0,1436.0
1464075986893789852,815,1464075986798200473,,1493.0,1438.0
1464075986895314223,816,1464075986849632366,,1493.0,1441.0
1464075986936939111,817,1464075986895167505,,1493.0,1443.0
1464075987016756710,818,1464075986939433532,,1494.0,1448.0
1464075987017216240,819,1464075986984438619,,1493.0,1451.0
1464075987033841820,820,1464075987024312315,,1493.0,1451.0
1464075987103825226,821,1464075987070715523,,1494.0,1446.0
1464075987103999601,822,1464075987075634781,,1493.0,1448.0
1464075987128788961,823,1464075987123256528,,1494.0,1446.0
1464075987309742122,824,1464075987178877369,,1494.0,1445.0
1464075987310049048,825,1464075987201059236,,1493.0,1443.0
1464075987310354308,826,1464075987219499031,,1494.0,1444.0
1464075987310635401,827,1464075987238036169,,1493.0,1443.0
1464075987311112170,828,1464075987272016807,,1493.0,1442.0
1464075987330629826,829,1464075987311958887,,1494.0,1440.0
1464075987337171319,830,1464075987327943792,,1494.0,1437.0
1464075987363161354,831,1464075987346264368,,1494.0,1442.0
1464075987396178088,832,1464075987382691041,,1493.0,1439.0
1464075987422288070,833,1464075987400890524,,1493.0,1442.0
1464075987422349476,834,1464075987418942090,,1493.0,1442.0
1464075987502945562,835,1464075987434384080,,1493.0,1442.0
1464075987503402853,836,1464075987451987470,,1494.0,1442.0
1464075987503692435,837,1464075987466300036,,1492.0,1442.0
1464075987503977174,838,1464075987487247532,,1494.0,1442.0
1464075987504434517,839,1464075987499792862,,1493.0,1442.0
1464075987547109246,840,1464075987544187327,,1493.0,1442.0
1464075987574770266,841,1464075987571975794,,1493.0,1442.0
1464075987625690233,842,1464075987598016870,,1493.0,1442.0
1464075987634875209,843,1464075987624496174,,1493.0,1440.0
1464075987651317665,844,1464075987641402066,,1494.0,1442.0
1464075987670006260,845,1464075987662849196,,1494.0,1442.0
1464075987686889652,846,1464075987678932018,,1493.0,1442.0
1464075987714775567,847,1464075987699347275,,1494.0,1443.0
1464075987736124937,848,1464075987718841390,,1493.0,1443.0
1464075987765309807,849,1464075987738588316,,1494.0,1444.0
1464075987769021932,850,1464075987758587116,,1493.0,1444.0
1464075987791170206,851,1464075987777561180,,1493.0,1444.0
1464075987809575834,852,1464075987797930969,,1494.0,1444.0
1464075987822250383,853,1464075987814129520,,1494.0,1443.0
1464075987855363003,854,1464075987834940505,,1493.0,1444.0
1464075987856599666,855,1464075987853914100,,1494.0,1444.0
1464075987929605147,856,1464075987873438111,,1494.0,1444.0
1464075987937803094,857,1464075987893451130,,1493.0,1444.0
1464075988158075889,858,1464075987918364813,,1493.0,1444.0
1464075988158327243,859,1464075987939146580,,1494.0,1444.0
1464075988158372815,860,1464075987964325263,,1494.0,1444.0
1464075988158627606,861,1464075987984964791,,1493.0,1445.0
1464075988158671981,862,1464075988007370564,,1493.0,1445.0
1464075988158708439,863,1464075988029644983,,1493.0,1444.0
1464075988159355156,864,1464075988050416126,,1494.0,1444.0
1464075988159407708,865,1464075988070858831,,1493.0,1444.0
1464075988159449844,866,1464075988102057081,,1494.0,1444.0
1464075988159735208,867,1464075988126859254,,1493.0,1443.0
1464075988160119061,868,1464075988147714823,,1493.0,1443.0
1464075988178816719,869,1464075988161375880,,1494.0,1442.0
1464075988179239999,870,1464075988172939547,,1494.0,1443.0
1464075988222107019,871,1464075988200817233,,1493.0,1441.0
1464075988222518060,872,1464075988213890219,,1493.0,1441.0
1464075988244918052,873,1464075988238267549,,1493.0,1443.0
1464075988258106246,874,1464075988252863916,,1494.0,1441.0
1464075988281638891,875,1464075988272831623,,1493.0,1441.0
1464075988304315653,876,1464075988297706869,,1494.0,1441.0
1464075988317251139,877,1464075988312895682,,1493.0,1441.0
1464075988335088904,878,1464075988332799691,,1493.0,1442.0
1464075988362283571,879,1464075988352847867,,1493.0,1442.0
1464075988398048371,880,1464075988374158903,,1494.0,1443.0
1464075988428386570,881,1464075988395462388,,1493.0,1443.0
1464075988428433914,882,1464075988414941815,,1493.0,1443.0
1464075988542941992,883,1464075988441873670,,1494.0,1444.0
1464075988542982826,884,1464075988461340440,,1493.0,1444.0
1464075988543022878,885,1464075988476559358,,1493.0,1444.0
1464075988543249335,886,1464075988508581668,,1493.0,1444.0
1464075988543379023,887,1464075988533405091,,1493.0,1444.0
1464075988583228499,888,1464075988556140030,,1493.0,1445.0
1464075988583478707,889,1464075988577598462,,1494.0,1444.0
1464075988618517363,890,1464075988602531520,,1494.0,1444.0
1464075988677962568,891,1464075988633621385,,1493.0,1444.0
1464075988696796580,892,1464075988662686307,,1494.0,1444.0
1464075988697639338,893,1464075988690808002,,1493.0,1445.0
1464075988876634223,894,1464075988714350283,,1494.0,1445.0
1464075988876983493,895,1464075988735504966,,1494.0,1444.0
1464075988877290888,896,1464075988757212980,,1493.0,1444.0
1464075988878001354,897,1464075988779232661,,1495.0,1444.0
1464075988878369947,898,1464075988800870363,,1493.0,1443.0
1464075988878769634,899,1464075988823262907,,1493.0,1443.0
1464075988879762131,900,1464075988845745399,,1494.0,1442.0
1464075988881847855,901,1464075988867406227,,1493.0,1441.0
1464075988909321479,902,1464075988889889396,,1493.0,1441.0
1464075988918058903,903,1464075988912947302,,1493.0,1440.0
1464075988938041402,904,1464075988935914220,,1494.0,1440.0
1464075988964464560,905,1464075988960020562,,1494.0,1440.0
1464075988984575392,906,1464075988981325661,,1493.0,1440.0
1464075989021896073,907,1464075989014220364,,1494.0,1441.0
1464075989043406328,908,1464075989039560192,,1494.0,1441.0
1464075989171363068,909,1464075989062046798,,1493.0,1441.0
1464075989171698848,910,1464075989081836277,,1493.0,1440.0
1464075989171742494,911,1464075989102569606,,1493.0,1440.0
1464075989171777390,912,1464075989123151895,,1493.0,1440.0
1464075989172759158,913,1464075989143475643,,1493.0,1440.0
1464075989173229000,914,1464075989164149493,,1493.0,1440.0
1464075989265564847,915,1464075989185855008,,1493.0,1440.0
1464075989265852867,916,1464075989209991298,,1493.0,1440.0
1464075989266890208,917,1464075989233160142,,1493.0,1440.0
1464075989269712544,918,1464075989258652834,,1493.0,1440.0
1464075989294791643,919,1464075989281362825,,1493.0,1441.0
1464075989306648382,920,1464075989303986514,,1493.0,1441.0
1464075989331313733,921,1464075989329248738,,1493.0,1442.0
1464075989357327413,922,1464075989354077265,,1494.0,1442.0
1464075989388650766,923,1464075989386088586,,1493.0,1442.0
1464075989434463456,924,1464075989415175956,,1493.0,1441.0
1464075989445811655,925,1464075989440933595,,1494.0,1441.0
1464075989474170902,926,1464075989463225098,,1494.0,1441.0
1464075989495319803,927,1464075989488836904,,1493.0,1441.0
1464075989519521405,928,1464075989515870269,,1494.0,1441.0
1464075989546688311,929,1464075989540449630,,1493.0,1441.0
1464075989565153366,930,1464075989561980927,,1494.0,1441.0
1464075989591098297,931,1464075989584789251,,1493.0,1441.0
1464075989614778285,932,1464075989607923043,,1493.0,1441.0
1464075989637421766,933,1464075989631076262,,1493.0,1440.0
1464075989662581751,934,1464075989655714582,,1493.0,1441.0
1464075989828444639,935,1464075989678761134,,1494.0,1441.0
1464075989828764274,936,1464075989698408530,,1493.0,1441.0
1464075989829346720,937,1464075989718898423,,1493.0,1441.0
1464075989829465157,938,1464075989739254878,,1493.0,1441.0
1464075989829512032,939,1464075989759847115,,1493.0,1441.0
1464075989830310468,940,1464075989780377841,,1493.0,1441.0
1464075989830655675,941,1464075989801406118,,1494.0,1441.0
1464075989834214572,942,1464075989822498926,,1494.0,1441.0
1464075989917151954,943,1464075989843812619,,1493.0,1442.0
1464075989917194870,944,1464075989863468243,,1493.0,1442.0
1464075989917232995,945,1464075989883568137,,1494.0,1443.0
1464075989917273516,946,1464075989904093395,,1494.0,1444.0
1464075990388271992,947,1464075989926617918,,1493.0,1444.0
1464075990388331367,948,1464075989956698410,,1493.0,1445.0
1464075990393995362,949,1464075989995244869,,1494.0,1445.0
1464075990394060466,950,1464075990033911276,,1494.0,1446.0
1464075990396600199,951,1464075990070171752,,1494.0,1446.0
1464075990401141593,952,1464075990103081038,,1493.0,1445.0
1464075990401277478,953,1464075990140426980,,1494.0,1446.0
1464075990401321176,954,1464075990177195058,,1494.0,1444.0
1464075990401493571,955,1464075990211324758,,1494.0,1444.0
1464075990406172830,956,1464075990250633559,,1494.0,1444.0
1464075990411888596,957,1464075990274049278,,1493.0,1442.0
1464075990411962658,958,1464075990295605939,,1493.0,1442.0
1464075990415124160,959,1464075990316213592,,1493.0,1444.0
1464075990415196399,960,1464075990337087130,,1493.0,1441.0
1464075990416445250,961,1464075990359059779,,1493.0,1441.0
1464075990418491443,962,1464075990380900293,,1493.0,1441.0
1464075990422262214,963,1464075990404661636,,1493.0,1441.0
1464075990514030405,964,1464075990430096828,,1494.0,1442.0
1464075990514094728,965,1464075990452560466,,1493.0,1443.0
1464075990514131551,966,1464075990473467233,,1493.0,1443.0
1464075990514233165,967,1464075990495706756,,1493.0,1444.0
1464075990968071636,968,1464075990525222667,,1493.0,1444.0
1464075990968489916,969,1464075990548583281,,1493.0,1444.0
1464075990968770488,970,1464075990571240773,,1494.0,1444.0
1464075990969123716,971,1464075990592633736,,1493.0,1443.0
1464075990969486371,972,1464075990617848512,,1493.0,1443.0
1464075990969842204,973,1464075990642042510,,1494.0,1442.0
1464075990970173817,974,1464075990662923183,,1493.0,1442.0
1464075990970457046,975,1464075990684973436,,1495.0,1443.0
1464075990970694285,976,1464075990706581451,,1498.0,1443.0
1464075990970926472,977,1464075990729192797,,1512.0,1444.0
1464075990971174752,978,1464075990751812215,,1570.0,1444.0
1464075990972858706,979,1464075990773383981,,1574.0,1444.0
1464075991013802607,980,1464075990793999550,,1580.0,1444.0
1464075991013894117,981,1464075990816259334,,1580.0,1444.0
1464075991014402293,982,1464075990837149799,,1580.0,1444.0
1464075991015002551,983,1464075990862542544,,1580.0,1443.0
1464075991019275873,984,1464075990882849625,,1580.0,1444.0
1464075991019339519,985,1464075990915280996,,1580.0,1444.0
1464075991019425040,986,1464075990949963872,,1580.0,1442.0
1464075991020576495,987,1464075990973503600,,1580.0,1439.0
1464075991030450739,988,1464075990988880017,,1580.0,1442.0
1464075991360133553,989,1464075991006960750,,1580.0,1444.0
1464075991360168397,990,1464075991043196382,,1580.0,1444.0
1464075991360433188,991,1464075991081079510,,1580.0,1442.0
1464075991360641625,992,1464075991121714401,,1580.0,1438.0
1464075991360909280,993,1464075991152271663,,1580.0,1438.0
1464075991361204644,994,1464075991156888525,,1580.0,1432.0
1464075991361462664,995,1464075991192096087,,1580.0,1440.0
1464075991361661361,996,1464075991198452632,,1580.0,1432.0
1464075991361705945,997,1464075991225941361,,1580.0,1438.0
1464075991362015996,998,1464075991246878075,,1580.0,1437.0
1464075991362064017,999,1464075991266123128,,1580.0,1437.0
1464075991362100683,1000,1464075991285236098,,1580.0,1455.0
1464075991362764744,1001,1464075991319457308,,1580.0,1424.0
1464075991363038389,1002,1464075991332902012,,1580.0,1439.0
1464075991363262347,1003,1464075991350584464,,1580.0,1438.0
1464075991697189628,1004,1464075991384560988,,1580.0,1438.0
1464075991697781710,1005,1464075991411454561,,1580.0,1434.0
1464075991697838064,1006,1464075991449171387,,1580.0,1442.0
1464075991698170511,1007,1464075991475237724,,1580.0,1443.0
1464075991698217022,1008,1464075991499149691,,1580.0,1436.0
1464075991698254053,1009,1464075991527401282,,1580.0,1436.0
1464075991698288428,1010,1464075991556617141,,1580.0,1439.0
1464075991698671656,1011,1464075991599204162,,1580.0,1445.0
1464075991698724260,1012,1464075991635821356,,1580.0,1438.0
1464075991698760926,1013,1464075991651219387,,1580.0,1460.0
1464075991699186915,1014,1464075991693063494,,1580.0,1443.0
1464075991756049262,1015,1464075991727788921,,1580.0,1508.0
1464075991796025249,1016,1464075991752220314,,1580.0,1464.0
1464075991796102488,1017,1464075991778515244,,1580.0,1497.0
1464075992035737262,1018,1464075991802006483,,1580.0,1470.0
1464075992036575437,1019,1464075991826376001,,1580.0,1482.0
1464075992036896895,1020,1464075991850109739,,1580.0,1468.0
1464075992037195904,1021,1464075991877140344,,1580.0,1473.0
1464075992037793038,1022,1464075991895613003,,1580.0,1478.0
1464075992038119600,1023,1464075991916581905,,1580.0,1470.0
1464075992038963191,1024,1464075991952127278,,1580.0,1473.0
1464075992041594538,1025,1464075991979512361,,1580.0,1455.0
1464075992042113547,1026,1464075992011871858,,1580.0,1467.0
1464075992120818024,1027,1464075992051084357,,1580.0,1464.0
1464075992126278113,1028,1464075992088957693,,1580.0,1442.0
1464075992145308635,1029,1464075992119723079,,1580.0,1448.0
1464075992145454051,1030,1464075992141076980,,1580.0,1420.0
1464075992168032845,1031,1464075992153439655,,1580.0,1444.0
1464075992197557766,1032,1464075992175112722,,1580.0,1450.0
1464075992219581040,1033,1464075992215700634,,1580.0,1436.0
1464075992264696076,1034,1464075992259700724,,1580.0,1423.0
1464075992315795834,1035,1464075992307237576,,1580.0,1419.0
1464075992358563636,1036,1464075992351829800,,1580.0,1397.0
1464075992402866590,1037,1464075992398315301,,1580.0,1409.0
1464075992483155073,1038,1464075992446413453,,1580.0,1423.0
1464075992498080814,1039,1464075992489552816,,1580.0,1446.0
1464075992556933261,1040,1464075992540591482,,1580.0,1454.0
1464075992607300417,1041,1464075992597857213,,1580.0,1497.0
1464075992658357624,1042,1464075992650588999,,1580.0,1473.0
1464075992708843218,1043,1464075992702590578,,1580.0,1477.0
1464075992764618537,1044,1464075992755011063,,1580.0,1469.0
1464075992813485385,1045,1464075992807301496,,1580.0,1453.0
1464075992965100135,1046,1464075992855467304,,1580.0,1415.0
1464075993007790750,1047,1464075992896180268,,1580.0,1414.0
1464075993043114509,1048,1464075992941337699,,1580.0,1410.0
1464075993045794241,1049,1464075992985286956,,1580.0,1412.0
1464075993214841965,1050,1464075993028447621,,1580.0,1413.0
1464075993214885559,1051,1464075993068571055,,1580.0,1428.0
1464075993215168006,1052,1464075993104164606,,1580.0,1462.0
1464075993215470089,1053,1464075993122872420,,1580.0,1448.0
1464075993215510609,1054,1464075993150894741,,1580.0,1437.0
1464075993216013785,1055,1464075993168736360,,1580.0,1466.0
1464075993216063472,1056,1464075993188571723,,1580.0,1457.0
1464075993216514773,1057,1464075993207160215,,1580.0,1444.0
1464075993310439365,1058,1464075993236681959,,1580.0,1459.0
1464075993310475251,1059,1464075993259602991,,1580.0,1470.0
1464075993312962015,1060,1464075993292668632,,1580.0,1457.0
1464075993313588628,1061,1464075993298432991,,1580.0,1457.0
1464075993419305688,1062,1464075993321180691,,1580.0,1462.0
1464075993420442612,1063,1464075993339702620,,1580.0,1451.0
1464075993422530106,1064,1464075993358536372,,1580.0,1453.0
1464075993423376406,1065,1464075993377435592,,1580.0,1451.0
1464075993423687082,1066,1464075993397756162,,1580.0,1437.0
1464075993424078435,1067,1464075993417167256,,1580.0,1453.0
1464075993477225949,1068,1464075993442978958,,1580.0,1451.0
1464075993477613657,1069,1464075993460740160,,1580.0,1439.0
1464075993478206520,1070,1464075993464557389,,1580.0,1449.0
1464075993496346940,1071,1464075993481680781,,1580.0,1449.0
1464075993521257498,1072,1464075993507814773,,1580.0,1442.0
1464075993535250117,1073,1464075993530736900,,1580.0,1466.0
1464075993560630205,1074,1464075993552411581,,1580.0,1447.0
1464075994391140947,1075,1464075993570571845,,1580.0,1451.0
1464075994391439071,1076,1464075993596127922,,1580.0,1428.0
1464075994391712716,1077,1464075993615451881,,1580.0,1436.0
1464075994391974538,1078,1464075993635493389,,1580.0,1425.0
1464075994392230735,1079,1464075993656803228,,1580.0,1457.0
1464075994392496464,1080,1464075993677333590,,1580.0,1441.0
1464075994394329167,1081,1464075993696792027,,1580.0,1417.0
1464075994394773801,1082,1464075993719130874,,1580.0,1455.0
1464075994395083540,1083,1464075993739131080,,1580.0,1485.0
1464075994396222495,1084,1464075993759088371,,1580.0,1395.0
1464075994397270670,1085,1464075993775005776,,1580.0,1440.0
1464075994397797908,1086,1464075993793572913,,1580.0,1447.0
1464075994398293792,1087,1464075993817162329,,1580.0,1441.0
1464075994398568218,1088,1464075993836796183,,1580.0,1441.0
1464075994399724517,1089,1464075993860041642,,1580.0,1455.0
1464075994400073787,1090,1464075993879993203,,1580.0,1435.0
1464075994400373474,1091,1464075993901371427,,1580.0,1445.0
1464075994401429825,1092,1464075993922890588,,1580.0,1439.0
1464075994401775501,1093,1464075993944059177,,1580.0,1449.0
1464075994403766329,1094,1464075993964070633,,1580.0,1465.0
1464075994404072006,1095,1464075993984982192,,1580.0,1442.0
1464075994404325078,1096,1464075994005332398,,1580.0,1491.0
1464075994404594765,1097,1464075994026466143,,1580.0,1400.0
1464075994404869608,1098,1464075994047143015,,1580.0,1446.0
1464075994405154242,1099,1464075994068840665,,1580.0,1438.0
1464075994408038922,1100,1464075994089532276,,1580.0,1446.0
1464075994408348609,1101,1464075994119886882,,1580.0,1440.0
1464075994410625321,1102,1464075994140012557,,1580.0,1442.0
1464075994411011987,1103,1464075994163953847,,1580.0,1442.0
1464075994412020057,1104,1464075994182964630,,1580.0,1447.0
1464075994412347244,1105,1464075994210406640,,1580.0,1444.0
1464075994412615264,1106,1464075994238930209,,1580.0,1443.0
1464075994414406874,1107,1464075994270628041,,1580.0,1446.0
1464075994414735050,1108,1464075994287433516,,1580.0,1444.0
1464075994415021195,1109,1464075994334395786,,1580.0,1446.0
1464075994415516715,1110,1464075994365711431,,1580.0,1448.0
1464075994417418324,1111,1464075994386813302,,1580.0,1441.0
1464075994471961719,1112,1464075994429152199,,1580.0,1430.0
1464075994593639779,1113,1464075994503578874,,1580.0,1445.0
1464075994594048423,1114,1464075994580685699,,1580.0,1441.0
1464075994677588199,1115,1464075994647704842,,1580.0,1465.0
1464075994709779728,1116,1464075994689841396,,1580.0,1449.0
1464075994733475654,1117,1464075994731631648,,1580.0,1456.0
1464075994758957825,1118,1464075994752559873,,1580.0,1463.0
1464075994791296749,1119,1464075994783403072,,1580.0,1431.0
1464075994802389115,1120,1464075994795301113,,1580.0,1448.0
1464075994828822169,1121,1464075994807221706,,1580.0,1447.0
1464075994839510474,1122,1464075994834936684,,1580.0,1473.0
1464075994856814438,1123,1464075994851251692,,1580.0,1437.0
1464075994876145896,1124,1464075994869752424,,1580.0,1538.0
1464075994900633226,1125,1464075994891761219,,1580.0,1457.0
1464075994955282403,1126,1464075994917773805,,1580.0,1442.0
1464075994955319538,1127,1464075994931611008,,1580.0,1455.0
1464075994955638964,1128,1464075994940055256,,1580.0,1464.0
1464075994974702663,1129,1464075994960271764,,1580.0,1442.0
1464075995003544930,1130,1464075994998217079,,1580.0,1459.0
1464075995019804053,1131,1464075995017093174,,1580.0,1425.0
1464075995087409861,1132,1464075995054452189,,1580.0,1454.0
1464075995088193557,1133,1464075995083015133,,1580.0,1442.0
1464075995138271183,1134,1464075995106454445,,1580.0,1460.0
1464075995148269854,1135,1464075995139589356,,1580.0,1397.0
1464075995220367629,1136,1464075995183667467,,1580.0,1432.0
1464075995221011117,1137,1464075995196554360,,1580.0,1418.0
1464075995221060909,1138,1464075995216657535,,1580.0,1457.0
1464075995250345934,1139,1464075995236335399,,1580.0,1420.0
1464075995261738196,1140,1464075995256901646,,1580.0,1440.0
1464075995282031891,1141,1464075995276559822,,1580.0,1384.0
1464075995306567711,1142,1464075995296701383,,1580.0,1486.0
1464075995320911787,1143,1464075995317919087,,1580.0,1432.0
1464075995339991632,1144,1464075995336615859,,1580.0,1437.0
1464075995361424803,1145,1464075995358726581,,1580.0,1474.0
1464075995381433708,1146,1464075995378855277,,1580.0,1458.0
1464075995410337953,1147,1464075995396787781,,1580.0,1439.0
1464075995430060244,1148,1464075995418319546,,1580.0,1454.0
1464075995450465346,1149,1464075995443351354,,1580.0,1485.0
1464075995472225339,1150,1464075995462477136,,1580.0,1425.0
1464075995481823022,1151,1464075995477986262,,1580.0,1461.0
1464075995534849599,1152,1464075995528812584,,1580.0,1445.0
1464075995608968775,1153,1464075995564614883,,1580.0,1419.0
1464075995610279865,1154,1464075995599737654,,1580.0,1441.0
1464075995662538006,1155,1464075995648676637,,1580.0,1439.0
1464075995701071861,1156,1464075995693702246,,1580.0,1441.0
1464075995810070892,1157,1464075995745165389,,1580.0,1455.0
1464075995810215892,1158,1464075995788751366,,1580.0,1451.0
1464075995863667311,1159,1464075995834309421,,1580.0,1438.0
1464075995894023688,1160,1464075995890902342,,1580.0,1453.0
1464075995919091589,1161,1464075995902882101,,1580.0,1415.0
1464075995997961430,1162,1464075995924660741,,1580.0,1440.0
1464075995998005284,1163,1464075995938415235,,1580.0,1384.0
1464075995998051065,1164,1464075995955017951,,1580.0,1374.0
1464075995998490230,1165,1464075995975488990,,1580.0,1416.0
1464075996045538073,1166,1464075995995647373,,1580.0,1406.0
1464075996045977655,1167,1464075996007602654,,1580.0,1250.0
1464075996046157811,1168,1464075996020687723,,1580.0,1383.0
1464075996084258646,1169,1464075996072812583,,1580.0,1395.0
1464075996101425892,1170,1464075996097113403,,1580.0,1397.0
1464075996128726027,1171,1464075996121003183,,1580.0,1437.0
1464075996148585974,1172,1464075996144465829,,1580.0,1408.0
1464075996360748634,1173,1464075996165845771,,1580.0,1472.0
1464075996361315508,1174,1464075996185998842,,1580.0,1421.0
1464075996361606548,1175,1464075996212451011,,1580.0,1416.0
1464075996361888839,1176,1464075996232718769,,1580.0,1406.0
1464075996362812587,1177,1464075996250887887,,1580.0,1432.0
1464075996363197221,1178,1464075996270190075,,1580.0,1423.0
1464075996363451387,1179,1464075996287312841,,1580.0,1408.0
1464075996363714043,1180,1464075996303858005,,1580.0,1460.0
1464075996364212791,1181,1464075996325750395,,1580.0,1443.0
1464075996364565551,1182,1464075996348155647,,1580.0,1442.0
1464075997173341976,1183,1464075996368109187,,1580.0,1444.0
1464075997173615048,1184,1464075996388393560,,1580.0,1437.0
1464075997173867027,1185,1464075996409012671,,1580.0,1420.0
1464075997174134005,1186,1464075996429668449,,1580.0,1468.0
1464075997174396140,1187,1464075996451922504,,1580.0,1445.0
1464075997174644160,1188,1464075996472356824,,1580.0,1423.0
1464075997174970982,1189,1464075996492985467,,1580.0,1432.0
1464075997175019367,1190,1464075996511038700,,1580.0,1440.0
1464075997175609157,1191,1464075996530269065,,1580.0,1436.0
1464075997175997333,1192,1464075996550304324,,1580.0,1432.0
1464075997176262385,1193,1464075996570809790,,1580.0,1440.0
1464075997176532957,1194,1464075996593752645,,1580.0,1435.0
1464075997176805040,1195,1464075996613472279,,1580.0,1434.0
1464075997177069935,1196,1464075996633409309,,1580.0,1433.0
1464075997177324257,1197,1464075996653252850,,1580.0,1434.0
1464075997177882433,1198,1464075996673217692,,1580.0,1434.0
1464075997183673094,1199,1464075996694378208,,1580.0,1454.0
1464075997183750125,1200,1464075996714162374,,1580.0,1423.0
1464075997183799031,1201,1464075996733561697,,1580.0,1439.0
1464075997183844917,1202,1464075996754394141,,1580.0,1425.0
1464075997183880437,1203,1464075996776591686,,1580.0,1422.0
1464075997183914187,1204,1464075996795936946,,1580.0,1436.0
1464075997183949708,1205,1464075996817172827,,1580.0,1424.0
1464075997183984447,1206,1464075996838658759,,1580.0,1412.0
1464075997184019447,1207,1464075996859903598,,1580.0,1429.0
1464075997184055281,1208,1464075996879586201,,1580.0,1436.0
1464075997184091166,1209,1464075996900481353,,1580.0,1467.0
1464075997184137364,1210,1464075996920573748,,1580.0,1420.0
1464075997184197676,1211,1464075996940526767,,1580.0,1435.0
1464075997184235228,1212,1464075996961747127,,1580.0,1480.0
1464075997184311530,1213,1464075996979185830,,1580.0,1402.0
1464075997184361634,1214,1464075996999391713,,1580.0,1448.0
1464075997184395123,1215,1464075997020009262,,1580.0,1442.0
1464075997184652206,1216,1464075997041740818,,1580.0,1442.0
1464075997184691373,1217,1464075997063152896,,1580.0,1397.0
1464075997184789966,1218,1464075997083408780,,1580.0,1449.0
1464075997184966580,1219,1464075997103050602,,1580.0,1435.0
1464075997185037518,1220,1464075997122958361,,1580.0,1417.0
1464075997185375694,1221,1464075997144776532,,1580.0,1437.0
1464075997185421892,1222,1464075997168434802,,1580.0,1444.0
1464075997185545902,1223,1464075997174016922,,1580.0,1431.0
1464075998029629003,1224,1464075997190205629,,1580.0,1453.0
1464075998030031502,1225,1464075997222352313,,1580.0,1456.0
1464075998032722068,1226,1464075997244653712,,1580.0,1423.0
1464075998033711752,1227,1464075997268073597,,1580.0,1428.0
1464075998034987739,1228,1464075997285306520,,1580.0,1441.0
1464075998035033415,1229,1464075997306733233,,1580.0,1458.0
1464075998066217342,1230,1464075997328563331,,1580.0,1424.0
1464075998066852809,1231,1464075997351919206,,1580.0,1464.0
1464075998066904684,1232,1464075997373580241,,1580.0,1422.0
1464075998066998017,1233,1464075997395688880,,1580.0,1437.0
1464075998067100777,1234,1464075997434609296,,1580.0,1750.0
1464075998067178902,1235,1464075997466899418,,1580.0,1531.0
1464075998067218798,1236,1464075997502854582,,1580.0,1267.0
1464075998067254162,1237,1464075997529751541,,1580.0,1581.0
1464075998067293433,1238,1464075997553333197,,1580.0,1479.0
1464075998067329006,1239,1464075997587970135,,1580.0,1446.0
1464075998067364631,1240,1464075997640300464,,1580.0,1432.0
1464075998067406766,1241,1464075997659494579,,1580.0,1380.0
1464075998067441558,1242,1464075997688796011,,1580.0,1462.0
1464075998067566089,1243,1464075997738225878,,1580.0,1426.0
1464075998067605464,1244,1464075997770669489,,1580.0,1453.0
1464075998067642234,1245,1464075997796734159,,1580.0,1531.0
1464075998067678068,1246,1464075997817820925,,1580.0,1460.0
1464075998067711245,1247,1464075997831466722,,1580.0,1499.0
1464075998067746557,1248,1464075997854612076,,1580.0,1473.0
1464075998067791505,1249,1464075997883772050,,1580.0,1523.0
1464075998067827598,1250,1464075997910615103,,1580.0,1479.0
1464075998067864057,1251,1464075997945302614,,1580.0,1480.0
1464075998067984473,1252,1464075997979117524,,1580.0,1431.0
1464075998068065150,1253,1464075997994530503,,1580.0,1444.0
1464075998076960647,1254,1464075998016978985,,1580.0,1473.0
1464075998076995647,1255,1464075998040016527,,1580.0,1462.0
1464075998078621372,1256,1464075998060514233,,1580.0,1452.0
1464075998678004348,1257,1464075998081438447,,1495.0,1438.0
1464075998678039504,1258,1464075998102719015,,1500.0,1455.0
1464075998678076431,1259,1464075998124777810,,1493.0,1436.0
1464075998678115702,1260,1464075998146915147,,1493.0,1429.0
1464075998678150337,1261,1464075998168961754,,1493.0,1436.0
1464075998678186535,1262,1464075998199369381,,1493.0,1445.0
1464075998678227368,1263,1464075998222930203,,1481.0,1425.0
1464075998678276587,1264,1464075998243359055,,1493.0,1450.0
1464075998678311691,1265,1464075998266140608,,1512.0,1432.0
1464075998678347888,1266,1464075998290945542,,1493.0,1476.0
1464075998678381378,1267,1464075998311574289,,1495.0,1443.0
1464075998678419711,1268,1464075998331665120,,1495.0,1450.0
1464075998678455128,1269,1464075998355198026,,1491.0,1456.0
1464075998678523461,1270,1464075998377331039,,1515.0,1387.0
1464075998679676270,1271,1464075998407819760,,1473.0,1499.0
1464075998680183717,1272,1464075998441343211,,1465.0,1423.0
1464075998689457702,1273,1464075998472035317,,1426.0,1449.0
1464075998689570619,1274,1464075998500653209,,1390.0,1445.0
1464075998689657337,1275,1464075998531345887,,1381.0,1450.0
1464075998689714004,1276,1464075998547825322,,1386.0,1442.0
1464075998689750306,1277,1464075998580652942,,1392.0,1420.0
1464075998697626326,1278,1464075998613320407,,1370.0,1465.0
1464075998698320960,1279,1464075998641291894,,1370.0,1443.0
1464075998698509814,1280,1464075998681664494,,1326.0,1433.0
1464075998799216158,1281,1464075998728457858,,1370.0,1449.0
1464075998799273189,1282,1464075998759773816,,1302.0,1426.0
1464075998806841971,1283,1464075998795640126,,1291.0,1431.0
1464075998828094518,1284,1464075998823165052,,1289.0,1429.0
1464075998836447412,1285,1464075998830606959,,1290.0,1436.0
1464075998902464267,1286,1464075998874066322,,1290.0,1437.0
1464075999005764146,1287,1464075998902382704,,1277.0,1420.0
1464075999007589506,1288,1464075998911143150,,1290.0,1434.0
1464075999007650443,1289,1464075998930203984,,1290.0,1450.0
1464075999012211577,1290,1464075998957689691,,1245.0,1437.0
1464075999012268608,1291,1464075998990722780,,1245.0,1447.0
1464075999126059500,1292,1464075999028018409,,1242.0,1442.0
1464075999126267000,1293,1464075999061624517,,1226.0,1439.0
1464075999126600957,1294,1464075999098996344,,1229.0,1443.0
1464075999126761269,1295,1464075999112156517,,1227.0,1451.0
1464075999181572060,1296,1464075999136955357,,1230.0,1441.0
1464075999181606904,1297,1464075999162852943,,1225.0,1430.0
1464075999187078868,1298,1464075999172926354,,1223.0,1450.0
1464075999197874100,1299,1464075999192129532,,1226.0,1456.0
1464075999293743790,1300,1464075999212726924,,1226.0,1440.0
1464075999294304778,1301,1464075999240175653,,1226.0,1451.0
1464075999294602642,1302,1464075999258405500,,1226.0,1453.0
1464075999294986964,1303,1464075999285774749,,1226.0,1454.0
1464075999399697465,1304,1464075999296089253,,1226.0,1447.0
1464075999400107984,1305,1464075999322664077,,1226.0,1447.0
1464075999400312255,1306,1464075999353846598,,1228.0,1478.0
1464075999400668660,1307,1464075999388382443,,1211.0,1439.0
1464075999471213471,1308,1464075999414487581,,1209.0,1449.0
1464075999474907784,1309,1464075999434087477,,1181.0,1470.0
1464075999474965700,1310,1464075999455588929,,1181.0,1453.0
1464075999520059850,1311,1464075999482992554,,1161.0,1451.0
1464075999520246464,1312,1464075999509145817,,1162.0,1455.0
1464075999617723286,1313,1464075999531674350,,1154.0,1470.0
1464075999617772297,1314,1464075999552830648,,1162.0,1431.0
1464075999617805890,1315,1464075999577859695,,1161.0,1444.0
1464075999621543016,1316,1464075999604063167,,1162.0,1437.0
1464075999766256325,1317,1464075999628215706,,1162.0,1430.0
1464075999767101844,1318,1464075999650309084,,1162.0,1429.0
1464075999769636108,1319,1464075999671739600,,1161.0,1431.0
1464075999769689441,1320,1464075999692948866,,1162.0,1436.0
1464075999771417353,1321,1464075999712813396,,1162.0,1423.0
1464075999772011102,1322,1464075999722969514,,1162.0,1412.0
1464075999772282455,1323,1464075999746449764,,1162.0,1432.0
1464075999772629277,1324,1464075999763394771,,1161.0,1431.0
1464075999795847288,1325,1464075999781286806,,1162.0,1423.0
1464075999806367103,1326,1464075999801284357,,1162.0,1420.0
1464076000133945600,1327,1464075999832129534,,1162.0,1423.0
1464076000134234610,1328,1464075999863365492,,1161.0,1370.0
1464076000134505182,1329,1464075999886241004,,1162.0,1423.0
1464076000137996370,1330,1464075999909756826,,1172.0,1415.0
1464076000138672619,1331,1464075999938030552,,1162.0,1408.0
1464076000139559804,1332,1464075999966817611,,1162.0,1407.0
1464076000139629439,1333,1464075999995113889,,1162.0,1399.0
1464076000141101102,1334,1464076000018552680,,1162.0,1419.0
1464076000141385788,1335,1464076000042752147,,1161.0,1411.0
1464076000141682090,1336,1464076000064834223,,1161.0,1405.0
1464076000142300421,1337,1464076000094936538,,1162.0,1412.0
1464076000142735785,1338,1464076000113893779,,1161.0,1409.0
1464076000426775075,1339,1464076000157840380,,1162.0,1400.0
1464076000427080751,1340,1464076000205725355,,1162.0,1390.0
1464076000427745541,1341,1464076000228949876,,1161.0,1394.0
1464076000428291738,1342,1464076000251550128,,1170.0,1359.0
1464076000428968351,1343,1464076000273001477,,1170.0,1378.0
1464076000429623661,1344,1464076000295348188,,1161.0,1393.0
1464076000430202514,1345,1464076000316563235,,1162.0,1369.0
1464076000430518555,1346,1464076000339016561,,1162.0,1358.0
1464076000430789908,1347,1464076000360083275,,1162.0,1362.0
1464076000431290167,1348,1464076000380690720,,1163.0,1341.0
1464076000431570687,1349,1464076000400446240,,1161.0,1335.0
1464076000432017561,1350,1464076000421418371,,1162.0,1318.0
1464076000508561262,1351,1464076000442747376,,1130.0,1308.0
1464076000510828600,1352,1464076000463608414,,1130.0,1296.0
1464076000512961771,1353,1464076000484172109,,1136.0,1278.0
1464076000513662863,1354,1464076000508614491,,1130.0,1258.0
1464076000559473105,1355,1464076000530746776,,1130.0,1250.0
1464076000561433881,1356,1464076000552813748,,1130.0,1286.0
1464076000622004812,1357,1464076000574041243,,1130.0,1335.0
1464076000638613986,1358,1464076000595960559,,1129.0,1329.0
1464076000639559296,1359,1464076000617657897,,1131.0,1310.0
1464076000641599655,1360,1464076000636653679,,1129.0,1311.0
1464076000794522631,1361,1464076000657992997,,1130.0,1315.0
1464076000794960078,1362,1464076000679423617,,1133.0,1305.0
1464076000795591065,1363,1464076000701128923,,1130.0,1331.0
1464076000798542464,1364,1464076000723024385,,1130.0,1298.0
1464076000799566159,1365,1464076000745289325,,1129.0,1298.0
1464076000800077720,1366,1464076000765379949,,1130.0,1308.0
1464076000800529698,1367,1464076000785764061,,1130.0,1296.0
1464076001425228856,1368,1464076000806253745,,1130.0,1302.0
1464076001426692238,1369,1464076000827074210,,1131.0,1312.0
1464076001426983852,1370,1464076000846872334,,1129.0,1307.0
1464076001428269421,1371,1464076000867630299,,1130.0,1281.0
1464076001429132440,1372,1464076000888062745,,1130.0,1296.0
1464076001429182648,1373,1464076000908161493,,1130.0,1291.0
1464076001429269731,1374,1464076000928206908,,1118.0,1286.0
1464076001429519991,1375,1464076000949234508,,1066.0,1321.0
1464076001429813844,1376,1464076000971222105,,1066.0,1285.0
1464076001430121343,1377,1464076000992987307,,1065.0,1295.0
1464076001430789987,1378,1464076001014143604,,1095.0,1297.0
1464076001430839466,1379,1464076001035127559,,1159.0,1296.0
1464076001433010502,1380,1464076001056200575,,1162.0,1289.0
1464076001433450501,1381,1464076001076254740,,1321.0,1298.0
1464076001433734458,1382,1464076001103023366,,1321.0,1291.0
1464076001433785604,1383,1464076001133879221,,1489.0,1291.0
1464076001434117687,1384,1464076001166862257,,1493.0,1289.0
1464076001434167947,1385,1464076001204513042,,1493.0,1293.0
1464076001434391332,1386,1464076001237115923,,1493.0,1292.0
1464076001434643258,1387,1464076001273267597,,1493.0,1294.0
1464076001434888466,1388,1464076001312157389,,1493.0,1293.0
1464076001435127111,1389,1464076001354044776,,1493.0,1291.0
1464076001435546902,1390,1464076001394644407,,1493.0,1290.0
1464076001631294606,1391,1464076001412317745,,1493.0,1291.0
1464076001631617313,1392,1464076001422799696,,1493.0,1292.0
1464076001631889604,1393,1464076001460405116,,1493.0,1292.0
1464076001632184135,1394,1464076001511331490,,1493.0,1291.0
1464076001632571217,1395,1464076001561732032,,1494.0,1290.0
1464076001632626009,1396,1464076001605452175,,1493.0,1290.0
1464076001699410204,1397,1464076001650328565,,1494.0,1291.0
1464076001700794628,1398,1464076001695069331,,1493.0,1290.0
1464076001770589962,1399,1464076001742304464,,1493.0,1290.0
1464076001813565628,1400,1464076001793515629,,1493.0,1290.0
1464076001863345807,1401,1464076001839823682,,1494.0,1290.0
1464076001977293470,1402,1464076001882355651,,1493.0,1290.0
1464076001977910656,1403,1464076001925562202,,1494.0,1290.0
1464076001979282735,1404,1464076001965736261,,1493.0,1290.0
1464076002021580330,1405,1464076002015280295,,1493.0,1290.0
1464076002053296808,1406,1464076002051487490,,1493.0,1290.0
1464076002072027903,1407,1464076002063544020,,1493.0,1290.0
1464076002108689367,1408,1464076002089536398,,1494.0,1290.0
1464076002109037075,1409,1464076002103671933,,1493.0,1290.0
1464076002210032325,1410,1464076002128748897,,1493.0,1290.0
1464076002211949768,1411,1464076002152128626,,1493.0,1290.0
1464076002216595693,1412,1464076002183303022,,1493.0,1290.0
1464076002216654078,1413,1464076002212242527,,1493.0,1290.0
1464076002258425216,1414,1464076002235339809,,1493.0,1290.0
1464076002268061023,1415,1464076002261973384,,1493.0,1290.0
1464076002297880318,1416,1464076002290654869,,1493.0,1290.0
1464076002321986452,1417,1464076002318561721,,1493.0,1290.0
1464076002357131722,1418,1464076002340502027,,1494.0,1290.0
1464076002367180653,1419,1464076002362753530,,1494.0,1290.0
1464076002478891083,1420,1464076002390198248,,1493.0,1290.0
1464076002479255093,1421,1464076002411184494,,1493.0,1290.0
1464076002479592175,1422,1464076002433217403,,1494.0,1290.0
1464076002480083788,1423,1464076002455415938,,1493.0,1290.0
1464076002481956231,1424,1464076002478771448,,1493.0,1290.0
1464076003132984225,1425,1464076002500690556,,1494.0,1290.0
1464076003134259170,1426,1464076002522697476,,1494.0,1290.0
1464076003135486041,1427,1464076002544409710,,1493.0,1290.0
1464076003137206818,1428,1464076002568873706,,1493.0,1290.0
1464076003137768223,1429,1464076002591640000,,1493.0,1289.0
1464076003139485301,1430,1464076002613839367,,1493.0,1289.0
1464076003140048112,1431,1464076002635452174,,1493.0,1290.0
1464076003142626491,1432,1464076002658057999,,1493.0,1290.0
1464076003143032896,1433,1464076002680018825,,1493.0,1289.0
1464076003143318624,1434,1464076002704855217,,1493.0,1289.0
1464076003143603988,1435,1464076002726483023,,1493.0,1289.0
1464076003145005651,1436,1464076002752444152,,1493.0,1289.0
1464076003145392108,1437,1464076002779588975,,1493.0,1289.0
1464076003146712834,1438,1464076002801685426,,1493.0,1289.0
1464076003147007156,1439,1464076002823487607,,1493.0,1289.0
1464076003147298562,1440,1464076002844441822,,1493.0,1289.0
1464076003147964133,1441,1464076002867981290,,1493.0,1289.0
1464076003148389444,1442,1464076002889593784,,1493.0,1289.0
1464076003149024859,1443,1464076002913310647,,1493.0,1289.0
1464076003149401369,1444,1464076002934589601,,1493.0,1289.0
1464076003152632818,1445,1464076002957239540,,1493.0,1289.0
1464076003154745469,1446,1464076002978933440,,1493.0,1289.0
1464076003155187186,1447,1464076003001978326,,1493.0,1289.0
1464076003157009369,1448,1464076003024622016,,1494.0,1289.0
1464076003157358014,1449,1464076003046462738,,1493.0,1289.0
1464076003157754054,1450,1464076003070441737,,1493.0,1289.0
1464076003159491029,1451,1464076003090660068,,1493.0,1289.0
1464076003161141233,1452,1464076003114729066,,1493.0,1289.0
1464076003164977993,1453,1464076003135757499,,1494.0,1289.0
1464076003165563096,1454,1464076003159060301,,1494.0,1289.0
1464076004579329097,1455,1464076003181016075,,1494.0,1289.0
1464076004579621075,1456,1464076003207873139,,1493.0,1289.0
1464076004579905606,1457,1464076003230561151,,1493.0,1289.0
1464076004580188417,1458,1464076003256480196,,1493.0,1289.0
1464076004581399716,1459,1464076003279088937,,1494.0,1289.0
1464076004581748205,1460,1464076003301410961,,1494.0,1289.0
1464076004582035340,1461,1464076003323271527,,1493.0,1289.0
1464076004582301537,1462,1464076003346456153,,1494.0,1289.0
1464076004582579557,1463,1464076003369249789,,1494.0,1289.0
1464076004582853410,1464,1464076003391511501,,1493.0,1289.0
1464076004584507625,1465,1464076003415432166,,1493.0,1289.0
1464076004584817520,1466,1464076003438320750,,1493.0,1289.0
1464076004585097050,1467,1464076003460312462,,1493.0,1289.0
1464076004587029285,1468,1464076003482590371,,1493.0,1289.0
1464076004587324909,1469,1464076003506195620,,1493.0,1289.0
1464076004589336362,1470,1464076003527918166,,1493.0,1289.0
1464076004589756673,1471,1464076003550426856,,1493.0,1289.0
1464076004590944482,1472,1464076003570538989,,1494.0,1289.0
1464076004591310731,1473,1464076003592160911,,1494.0,1289.0
1464076004591614689,1474,1464076003614038196,,1493.0,1289.0
1464076004591878178,1475,1464076003635823189,,1493.0,1289.0
1464076004592162708,1476,1464076003658481410,,1493.0,1289.0
1464076004592415885,1477,1464076003680742913,,1493.0,1289.0
1464076004592682446,1478,1464076003702485823,,1494.0,1289.0
1464076004592966144,1479,1464076003724167848,,1494.0,1289.0
1464076004593254007,1480,1464076003753006833,,1494.0,1289.0
1464076004593509007,1481,1464076003796071093,,1494.0,1289.0
1464076004594757493,1482,1464076003839881392,,1494.0,1289.0
1464076004595076294,1483,1464076003885505332,,1493.0,1289.0
1464076004595344679,1484,1464076003931161668,,1494.0,1289.0
1464076004595622699,1485,1464076003976798108,,1494.0,1289.0
1464076004597622694,1486,1464076004029538800,,1494.0,1289.0
1464076004598782534,1487,1464076004074699200,,1494.0,1289.0
1464076004599164356,1488,1464076004121908709,,1493.0,1289.0
1464076004599479251,1489,1464076004170738422,,1493.0,1289.0
1464076004599755240,1490,1464076004209870140,,1494.0,1289.0
1464076004600057583,1491,1464076004214045858,,1493.0,1289.0
1464076004600345343,1492,1464076004264975200,,1493.0,1289.0
1464076004600616800,1493,1464076004320593332,,1493.0,1289.0
1464076004600897581,1494,1464076004365582274,,1493.0,1289.0
1464076004601199038,1495,1464076004413102199,,1493.0,1289.0
1464076004601491017,1496,1464076004465110705,,1493.0,1289.0
1464076004601776380,1497,1464076004512159589,,1493.0,1289.0
1464076004602037838,1498,1464076004560894875,,1494.0,1289.0
1464076004850477693,1499,1464076004609458235,,1493.0,1289.0
1464076004850773734,1500,1464076004659106070,,1493.0,1289.0
1464076004851064879,1501,1464076004701317207,,1494.0,1289.0
1464076004851388836,1502,1464076004754629773,,1493.0,1289.0
1464076004852533573,1503,1464076004801235533,,1493.0,1289.0
1464076004852980446,1504,1464076004845730153,,1493.0,1289.0
1464076004917101160,1505,1464076004895628457,,1494.0,1289.0
1464076004950749247,1506,1464076004944982908,,1493.0,1289.0
1464076004996440322,1507,1464076004974571422,,1493.0,1289.0
1464076004998746514,1508,1464076004990738567,,1493.0,1289.0
1464076005087766119,1509,1464076005020450727,,1494.0,1289.0
1464076005087811900,1510,1464076005045457951,,1494.0,1289.0
1464076005087921848,1511,1464076005055888652,,1493.0,1289.0
1464076005088015337,1512,1464076005072007463,,1493.0,1289.0
1464076005121502747,1513,1464076005114459745,,1493.0,1289.0
1464076005156390727,1514,1464076005142259983,,1494.0,1289.0
1464076005185543513,1515,1464076005179431863,,1494.0,1289.0
1464076005226688715,1516,1464076005220335138,,1493.0,1289.0
1464076005268805113,1517,1464076005262186953,,1493.0,1289.0
1464076005295966446,1518,1464076005289054329,,1494.0,1289.0
1464076005357003939,1519,1464076005312652131,,1494.0,1289.0
1464076005357852218,1520,1464076005337446647,,1494.0,1289.0
1464076005365532145,1521,1464076005362615434,,1493.0,1289.0
1464076005421205017,1522,1464076005384895478,,1494.0,1289.0
1464076005441162776,1523,1464076005432908058,,1494.0,1289.0
1464076005470678217,1524,1464076005452079517,,1493.0,1289.0
1464076005496953095,1525,1464076005492858679,,1495.0,1289.0
1464076005564903225,1526,1464076005505346510,,1493.0,1289.0
1464076005564974423,1527,1464076005540978393,,1494.0,1289.0
1464076005628035764,1528,1464076005575847935,,1493.0,1289.0
1464076005628486440,1529,1464076005615633089,,1493.0,1289.0
1464076005653618508,1530,1464076005641317812,,1493.0,1289.0
1464076005715731258,1531,1464076005666047641,,1493.0,1289.0
1464076005716168601,1532,1464076005706368106,,1493.0,1289.0
1464076005756907502,1533,1464076005744831805,,1494.0,1289.0
1464076005795009743,1534,1464076005778732079,,1493.0,1289.0
1464076005808641165,1535,1464076005797284060,,1493.0,1289.0
1464076005850928343,1536,1464076005839934206,,1493.0,1289.0
1464076005861566909,1537,1464076005852774380,,1493.0,1289.0
1464076005927431055,1538,1464076005885092054,,1493.0,1289.0
1464076005929602507,1539,1464076005918758734,,1493.0,1289.0
1464076005971017605,1540,1464076005950622347,,1493.0,1289.0
1464076006004237932,1541,1464076005986088762,,1493.0,1289.0
1464076006030508279,1542,1464076006020956638,,1493.0,1289.0
1464076006062081944,1543,1464076006057198311,,1493.0,1289.0
1464076006093221288,1544,1464076006090316452,,1493.0,1289.0
1464076006140196266,1545,1464076006123959434,,1493.0,1289.0
1464076006268185298,1546,1464076006150482644,,1494.0,1289.0
1464076006268759879,1547,1464076006179465588,,1494.0,1289.0
1464076006269056233,1548,1464076006211724355,,1493.0,1289.0
1464076006269510138,1549,1464076006250185710,,1493.0,1289.0
1464076006529115015,1550,1464076006279468757,,1493.0,1289.0
1464076006530753812,1551,1464076006305796551,,1494.0,1289.0
1464076006531294227,1552,1464076006330641640,,1494.0,1289.0
1464076006531631935,1553,1464076006354674701,,1493.0,1289.0
1464076006532764640,1554,1464076006379442708,,1493.0,1289.0
1464076006532814067,1555,1464076006405093680,,1494.0,1289.0
1464076006533192295,1556,1464076006433229699,,1494.0,1289.0
1464076006533241878,1557,1464076006461446550,,1494.0,1289.0
1464076006534206668,1558,1464076006495579636,,1493.0,1289.0
1464076006534808281,1559,1464076006525736794,,1494.0,1289.0
1464076006712268742,1560,1464076006552928805,,1494.0,1289.0
1464076006712849366,1561,1464076006579184151,,1493.0,1289.0
1464076006713510822,1562,1464076006601654351,,1494.0,1289.0
1464076006714141341,1563,1464076006624786060,,1493.0,1289.0
1464076006715035401,1564,1464076006648354695,,1493.0,1289.0
1464076006716169721,1565,1464076006671026665,,1493.0,1289.0
1464076006716428627,1566,1464076006693389314,,1493.0,1289.0
1464076006751373637,1567,1464076006716085034,,1494.0,1289.0
1464076006752625613,1568,1464076006740530593,,1493.0,1289.0
1464076007168533717,1569,1464076006762949908,,1493.0,1289.0
1464076007169185017,1570,1464076006785066099,,1493.0,1289.0
1464076007170079806,1571,1464076006811125925,,1494.0,1289.0
1464076007171706729,1572,1464076006833207689,,1494.0,1289.0
1464076007172816726,1573,1464076006854251903,,1493.0,1289.0
1464076007174041723,1574,1464076006875987991,,1493.0,1289.0
1464076007176186405,1575,1464076006899070741,,1493.0,1289.0
1464076007176575206,1576,1464076006921468546,,1493.0,1289.0
1464076007178725304,1577,1464076006942291250,,1493.0,1289.0
1464076007179231188,1578,1464076006963819786,,1493.0,1289.0
1464076007180419049,1579,1464076006985456031,,1494.0,1289.0
1464076007182031128,1580,1464076007007202326,,1493.0,1289.0
1464076007183019199,1581,1464076007029456590,,1493.0,1289.0
1464076007184737736,1582,1464076007051411843,,1494.0,1289.0
1464076007186573929,1583,1464076007073103243,,1493.0,1289.0
1464076007186991688,1584,1464076007095546725,,1493.0,1289.0
1464076007188564028,1585,1464076007117136875,,1493.0,1289.0
1464076007190583762,1586,1464076007140217647,,1493.0,1289.0
1464076007193838857,1587,1464076007161978057,,1493.0,1289.0
1464076007196314788,1588,1464076007183613624,,1494.0,1289.0
1464076008101671631,1589,1464076007224085078,,1494.0,1289.0
1464076008102615795,1590,1464076007259238994,,1494.0,1289.0
1464076008103082669,1591,1464076007299881958,,1493.0,1289.0
1464076008104149385,1592,1464076007338677063,,1493.0,1289.0
1464076008104615269,1593,1464076007369733177,,1493.0,1289.0
1464076008105714537,1594,1464076007399684972,,1493.0,1289.0
1464076008106048807,1595,1464076007425261049,,1493.0,1289.0
1464076008106356202,1596,1464076007452960037,,1493.0,1289.0
1464076008107323335,1597,1464076007479250488,,1493.0,1289.0
1464076008108274895,1598,1464076007506944476,,1493.0,1289.0
1464076008109326663,1599,1464076007534218986,,1494.0,1289.0
1464076008109948380,1600,1464076007556569812,,1494.0,1289.0
1464076008110692388,1601,1464076007581292506,,1493.0,1289.0
1464076008111053898,1602,1464076007608712172,,1493.0,1289.0
1464076008112019104,1603,1464076007639328079,,1493.0,1289.0
1464076008112820403,1604,1464076007664458637,,1494.0,1289.0
1464076008113811547,1605,1464076007686940608,,1493.0,1289.0
1464076008114172483,1606,1464076007717303704,,1493.0,1289.0
1464076008114786179,1607,1464076007743795039,,1493.0,1289.0
1464076008115623729,1608,1464076007768118932,,1493.0,1289.0
1464076008117328308,1609,1464076007796813855,,1494.0,1289.0
1464076008118431743,1610,1464076007821249050,,1493.0,1289.0
1464076008119352261,1611,1464076007852898809,,1494.0,1289.0
1464076008120097311,1612,1464076007881104827,,1494.0,1289.0
1464076008120617830,1613,1464076007912077556,,1493.0,1289.0
1464076008121646734,1614,1464076007939598680,,1494.0,1289.0
1464076008121955796,1615,1464076007966193245,,1495.0,1289.0
1464076008123037511,1616,1464076007997397171,,1494.0,1289.0
1464076008123441937,1617,1464076008029773230,,1494.0,1289.0
1464076008124441101,1618,1464076008058161071,,1493.0,1289.0
1464076008125635629,1619,1464076008090069475,,1494.0,1289.0
1464076008126667710,1620,1464076008115010658,,1494.0,1289.0
1464076008746463236,1621,1464076008146415053,,1494.0,1289.0
1464076008747822138,1622,1464076008171599412,,1494.0,1289.0
1464076008748175887,1623,1464076008203662660,,1494.0,1289.0
1464076008748487709,1624,1464076008233344872,,1493.0,1289.0
1464076008749423176,1625,1464076008259629437,,1494.0,1289.0
1464076008749747914,1626,1464076008288914306,,1494.0,1289.0
1464076008750273694,1627,1464076008320843231,,1493.0,1289.0
1464076008751363587,1628,1464076008346299465,,1493.0,1289.0
1464076008752194054,1629,1464076008376920164,,1493.0,1289.0
1464076008753172853,1630,1464076008406200502,,1493.0,1289.0
1464076008753771914,1631,1464076008435832975,,1494.0,1289.0
1464076008754823578,1632,1464076008464452169,,1494.0,1289.0
1464076008756288782,1633,1464076008493712663,,1493.0,1289.0
1464076008756916697,1634,1464076008524773882,,1493.0,1289.0
1464076008758217006,1635,1464076008555630154,,1493.0,1289.0
1464076008758888879,1636,1464076008585944916,,1493.0,1289.0
1464076008759648982,1637,1464076008611693753,,1494.0,1289.0
1464076008760140699,1638,1464076008640352791,,1493.0,1289.0
1464076008760833874,1639,1464076008667061886,,1493.0,1289.0
1464076008761495279,1640,1464076008699560497,,1493.0,1289.0
1464076008762875119,1641,1464076008726047145,,1493.0,1289.0
1464076008763770325,1642,1464076008758165392,,1494.0,1289.0
1464076009269048709,1643,1464076008788527706,,1493.0,1289.0
1464076009269678187,1644,1464076008817121640,,1493.0,1289.0
1464076009270478185,1645,1464076008842510218,,1493.0,1289.0
1464076009271550369,1646,1464076008871138526,,1493.0,1289.0
1464076009271856566,1647,1464076008899905585,,1493.0,1289.0
1464076009272214482,1648,1464076008928406289,,1493.0,1289.0
1464076009272966876,1649,1464076008959943080,,1493.0,1289.0
1464076009273333490,1650,1464076008988627899,,1493.0,1289.0
1464076009274328070,1651,1464076009020075939,,1494.0,1289.0
1464076009274929371,1652,1464076009048785238,,1494.0,1289.0
1464076009275725514,1653,1464076009078542814,,1494.0,1289.0
1464076009276622022,1654,1464076009106600864,,1494.0,1289.0
1464076009277267281,1655,1464076009132285014,,1492.0,1289.0
1464076009278550351,1656,1464076009161238009,,1494.0,1289.0
1464076009279010506,1657,1464076009195586406,,1493.0,1289.0
1464076009279603525,1658,1464076009224195705,,1494.0,1289.0
1464076009280545501,1659,1464076009259631495,,1493.0,1289.0
1464076009353841867,1660,1464076009288240116,,1493.0,1289.0
1464076009355216135,1661,1464076009317855141,,1494.0,1289.0
1464076009356509048,1662,1464076009351808019,,1494.0,1289.0
1464076009642087709,1663,1464076009381580856,,1493.0,1289.0
1464076009642736926,1664,1464076009411275411,,1493.0,1289.0
1464076009643512184,1665,1464076009444475114,,1494.0,1289.0
1464076009643562601,1666,1464076009472399050,,1493.0,1289.0
1464076009645053430,1667,1464076009501094181,,1494.0,1289.0
1464076009645119107,1668,1464076009533762375,,1493.0,1289.0
1464076009645663168,1669,1464076009563506201,,1493.0,1289.0
1464076009647240977,1670,1464076009593589089,,1493.0,1289.0
1464076009648008527,1671,1464076009620420059,,1493.0,1289.0
1464076009786935029,1672,1464076009652412681,,1494.0,1289.0
1464076009788187630,1673,1464076009679294849,,1494.0,1289.0
1464076009789348981,1674,1464076009709145550,,1493.0,1289.0
1464076009789720438,1675,1464076009737000528,,1494.0,1289.0
1464076009790826060,1676,1464076009763856393,,1494.0,1289.0
1464076009874873335,1677,1464076009791147205,,1493.0,1289.0
1464076009875402969,1678,1464076009823533056,,1493.0,1289.0
1464076009877278120,1679,1464076009855087450,,1493.0,1289.0
1464076009949402562,1680,1464076009885174714,,1494.0,1289.0
1464076009950583340,1681,1464076009913519429,,1494.0,1289.0
1464076009951717035,1682,1464076009944372628,,1493.0,1289.0
1464076010010171149,1683,1464076009974671713,,1493.0,1289.0
1464076010010915678,1684,1464076010001838047,,1493.0,1289.0
1464076010061148877,1685,1464076010030150366,,1493.0,1289.0
1464076010097137999,1686,1464076010059253466,,1493.0,1289.0
1464076010098470704,1687,1464076010093626655,,1493.0,1289.0
1464076010136420290,1688,1464076010121780590,,1493.0,1289.0
1464076010182326052,1689,1464076010149812233,,1494.0,1289.0
1464076010182970894,1690,1464076010174947218,,1493.0,1289.0
1464076010243246201,1691,1464076010211211391,,1493.0,1289.0
1464076010244487188,1692,1464076010239236160,,1493.0,1289.0
1464076010310161751,1693,1464076010268069156,,1493.0,1289.0
1464076010311093832,1694,1464076010300908026,,1493.0,1289.0
1464076010363435306,1695,1464076010329935136,,1493.0,1289.0
1464076010405334621,1696,1464076010363668483,,1494.0,1289.0
1464076010406062431,1697,1464076010396806258,,1494.0,1289.0
1464076010462307697,1698,1464076010426939823,,1494.0,1289.0
1464076010463487434,1699,1464076010456263182,,1493.0,1289.0
1464076010522997535,1700,1464076010487870025,,1493.0,1289.0
1464076010524260500,1701,1464076010519579471,,1493.0,1289.0
1464076010588136110,1702,1464076010548438039,,1493.0,1289.0
1464076010588906160,1703,1464076010575242342,,1493.0,1289.0
1464076010642240600,1704,1464076010604040442,,1494.0,1289.0
1464076010644189189,1705,1464076010631942086,,1494.0,1289.0
1464076010701729555,1706,1464076010660618259,,1493.0,1289.0
1464076010704090174,1707,1464076010689092193,,1494.0,1289.0
1464076010815727583,1708,1464076010719432789,,1493.0,1289.0
1464076010816271123,1709,1464076010744169233,,1493.0,1289.0
1464076010818006639,1710,1464076010771948950,,1493.0,1289.0
1464076010819542260,1711,1464076010804429592,,1494.0,1289.0
1464076010945278902,1712,1464076010832597277,,1494.0,1289.0
1464076010946054317,1713,1464076010860931264,,1493.0,1289.0
1464076010947356397,1714,1464076010890725559,,1493.0,1289.0
1464076010947894989,1715,1464076010916714604,,1493.0,1289.0
1464076010967993998,1716,1464076010945290465,,1494.0,1289.0
1464076011061656663,1717,1464076010976346736,,1493.0,1289.0
1464076011062465255,1718,1464076011004953430,,1493.0,1289.0
1464076011063809105,1719,1464076011040005680,,1493.0,1289.0
1464076011143088580,1720,1464076011076827664,,1493.0,1289.0
1464076011144468785,1721,1464076011118130053,,1494.0,1289.0
1464076011227079501,1722,1464076011151728870,,1493.0,1289.0
1464076011228384654,1723,1464076011183910294,,1493.0,1289.0
1464076011289010116,1724,1464076011225470078,,1494.0,1289.0
1464076011290313810,1725,1464076011266127782,,1494.0,1289.0
1464076011334785306,1726,1464076011310462454,,1493.0,1289.0
1464076011389260889,1727,1464076011349010424,,1493.0,1289.0
1464076011437844925,1728,1464076011391122915,,1493.0,1289.0
1464076011439011380,1729,1464076011432186815,,1493.0,1289.0
1464076011487095887,1730,1464076011475658105,,1493.0,1289.0
1464076011537394554,1731,1464076011518764760,,1493.0,1289.0
1464076011575702264,1732,1464076011559953140,,1493.0,1289.0
1464076011647813112,1733,1464076011592185709,,1493.0,1289.0
1464076011648639308,1734,1464076011619556261,,1492.0,1289.0
1464076011713537519,1735,1464076011649797534,,1493.0,1289.0
1464076011714851735,1736,1464076011674815852,,1493.0,1289.0
1464076011716029544,1737,1464076011700840366,,1493.0,1289.0
1464076011812396629,1738,1464076011731481846,,1494.0,1289.0
1464076011813016471,1739,1464076011761569109,,1494.0,1289.0
1464076011813919334,1740,1464076011789802940,,1494.0,1289.0
1464076011918775354,1741,1464076011820335618,,1494.0,1289.0
1464076011919255666,1742,1464076011845580342,,1493.0,1289.0
1464076011920715818,1743,1464076011872664853,,1493.0,1289.0
1464076011921991387,1744,1464076011900804153,,1493.0,1289.0
1464076012043862415,1745,1464076011929715638,,1494.0,1289.0
1464076012044880693,1746,1464076011956375358,,1494.0,1289.0
1464076012046910167,1747,1464076011987097880,,1493.0,1289.0
1464076012048103758,1748,1464076012017175455,,1493.0,1289.0
1464076012073965355,1749,1464076012045371057,,1494.0,1289.0
1464076012188681297,1750,1464076012073543273,,1493.0,1289.0
1464076012189289369,1751,1464076012101691374,,1494.0,1289.0
1464076012190054783,1752,1464076012127399170,,1494.0,1289.0
1464076012190668323,1753,1464076012156327530,,1493.0,1289.0
1464076012191560508,1754,1464076012184058914,,1494.0,1289.0
1464076012336151423,1755,1464076012214547582,,1494.0,1289.0
1464076012336809494,1756,1464076012243616723,,1493.0,1289.0
1464076012337980168,1757,1464076012270470766,,1493.0,1289.0
1464076012338915322,1758,1464076012296702206,,1493.0,1289.0
1464076012339745215,1759,1464076012324184684,,1493.0,1289.0
1464076012452767933,1760,1464076012353342314,,1493.0,1289.0
1464076012453577670,1761,1464076012379711879,,1493.0,1289.0
1464076012455003292,1762,1464076012410875910,,1494.0,1289.0
1464076012455238551,1763,1464076012443108480,,1493.0,1289.0
1464076012550528973,1764,1464076012473782720,,1493.0,1289.0
1464076012551159596,1765,1464076012504588992,,1493.0,1289.0
1464076012552010792,1766,1464076012533576831,,1494.0,1289.0
1464076012636049212,1767,1464076012569989077,,1494.0,1289.0
1464076012637545458,1768,1464076012596261819,,1494.0,1289.0
1464076012638598893,1769,1464076012628890846,,1494.0,1289.0
1464076012727026000,1770,1464076012657282176,,1493.0,1289.0
1464076012728917140,1771,1464076012685787725,,1493.0,1289.0
1464076012729854846,1772,1464076012718941542,,1493.0,1289.0
1464076012828817862,1773,1464076012745227670,,1494.0,1289.0
1464076012829724787,1774,1464076012776523940,,1494.0,1289.0
1464076012830267181,1775,1464076012805718445,,1494.0,1289.0
1464076012924959948,1776,1464076012834825554,,1494.0,1289.0
1464076012925982445,1777,1464076012867248645,,1494.0,1289.0
1464076012927239421,1778,1464076012898776529,,1493.0,1289.0
1464076012946113277,1779,1464076012925573749,,1495.0,1289.0
1464076013004665412,1780,1464076012956063615,,1493.0,1289.0
1464076013005524107,1781,1464076012989105089,,1493.0,1289.0
1464076013089403205,1782,1464076013019700423,,1493.0,1289.0
1464076013090913097,1783,1464076013048344096,,1493.0,1289.0
1464076013091601689,1784,1464076013076250792,,1493.0,1289.0
1464076013172365795,1785,1464076013104432800,,1493.0,1289.0
1464076013173222564,1786,1464076013135534279,,1493.0,1289.0
1464076013251715791,1787,1464076013173040898,,1493.0,1289.0
1464076013252840111,1788,1464076013214899327,,1494.0,1289.0
1464076013306037833,1789,1464076013251136365,,1493.0,1289.0
1464076013307184132,1790,1464076013281316441,,1493.0,1289.0
1464076013381242631,1791,1464076013311333704,,1493.0,1289.0
1464076013382377315,1792,1464076013338179361,,1494.0,1289.0
1464076013383696479,1793,1464076013369029591,,1494.0,1289.0
1464076013491424731,1794,1464076013393944264,,1494.0,1289.0
1464076013492098584,1795,1464076013419601955,,1494.0,1289.0
1464076013493443007,1796,1464076013449761093,,1494.0,1289.0
1464076013494503004,1797,1464076013481334290,,1493.0,1289.0
1464076013620747405,1798,1464076013510427024,,1493.0,1289.0
1464076013621125998,1799,1464076013538206116,,1494.0,1289.0
1464076013622310370,1800,1464076013567918901,,1494.0,1289.0
1464076013623528908,1801,1464076013597326947,,1494.0,1289.0
1464076013754613453,1802,1464076013628349260,,1493.0,1289.0
1464076013755903397,1803,1464076013653939243,,1493.0,1289.0
1464076013756364698,1804,1464076013682423490,,1493.0,1289.0
1464076013757378185,1805,1464076013710236332,,1493.0,1289.0
1464076013759354273,1806,1464076013734113351,,1494.0,1289.0
1464076013872873188,1807,1464076013766970711,,1494.0,1289.0
1464076013873749539,1808,1464076013798117711,,1493.0,1289.0
1464076013874886620,1809,1464076013823309935,,1493.0,1289.0
1464076013875904377,1810,1464076013851587776,,1493.0,1289.0
1464076014023472211,1811,1464076013880304626,,1494.0,1289.0
1464076014024250542,1812,1464076013908225385,,1494.0,1289.0
1464076014025109915,1813,1464076013939360457,,1494.0,1289.0
1464076014026265745,1814,1464076013969378866,,1493.0,1289.0
1464076014027745585,1815,1464076013998883266,,1493.0,1289.0
1464076014057737796,1816,1464076014028004022,,1493.0,1289.0
1464076014058706856,1817,1464076014052738382,,1493.0,1289.0
1464076014203992196,1818,1464076014083607414,,1494.0,1289.0
1464076014204515319,1819,1464076014113349105,,1494.0,1289.0
1464076014205261046,1820,1464076014139068880,,1493.0,1289.0
1464076014206624428,1821,1464076014163484075,,1494.0,1289.0
1464076014208517756,1822,1464076014196961121,,1493.0,1289.0
1464076014334491325,1823,1464076014225698023,,1493.0,1289.0
1464076014335676165,1824,1464076014253222220,,1493.0,1289.0
1464076014335747311,1825,1464076014284626198,,1493.0,1289.0
1464076014337097880,1826,1464076014311983677,,1493.0,1289.0
1464076014404491033,1827,1464076014339063136,,1494.0,1289.0
1464076014405707280,1828,1464076014369914772,,1493.0,1289.0
1464076014406638996,1829,1464076014395679911,,1494.0,1289.0
1464076014520842544,1830,1464076014425084207,,1493.0,1289.0
1464076014520902335,1831,1464076014452398925,,1493.0,1289.0
1464076014522016239,1832,1464076014482029106,,1493.0,1289.0
1464076014523257798,1833,1464076014516128598,,1493.0,1289.0
1464076014592379644,1834,1464076014550196684,,1495.0,1289.0
1464076014593528495,1835,1464076014578843274,,1493.0,1289.0
1464076014629838450,1836,1464076014607767311,,1493.0,1289.0
1464076014656849783,1837,1464076014634688905,,1494.0,1289.0
1464076014680531439,1838,1464076014668078764,,1493.0,1289.0
1464076014711620522,1839,1464076014699311545,,1493.0,1289.0
1464076014748124695,1840,1464076014740976277,,1493.0,1289.0
1464076014787154903,1841,1464076014778104823,,1494.0,1289.0
1464076014823150535,1842,1464076014818052893,,1494.0,1289.0
1464076014862930793,1843,1464076014858301795,,1493.0,1289.0
1464076014916674764,1844,1464076014887683123,,1494.0,1289.0
1464076014966542807,1845,1464076014918940487,,1494.0,1289.0
1464076014968047647,1846,1464076014949598009,,1493.0,1289.0
1464076015013681066,1847,1464076014979937667,,1493.0,1289.0
1464076015033448774,1848,1464076015011786957,,1493.0,1289.0
1464076015105952121,1849,1464076015041193076,,1493.0,1289.0
1464076015107236805,1850,1464076015072279763,,1493.0,1289.0
1464076015108841228,1851,1464076015102991243,,1493.0,1289.0
1464076015239395513,1852,1464076015131719291,,1493.0,1289.0
1464076015240014261,1853,1464076015160043486,,1493.0,1289.0
1464076015240981603,1854,1464076015188882003,,1493.0,1289.0
1464076015242134152,1855,1464076015220102284,,1493.0,1289.0
