%time,field.header.seq,field.header.stamp,field.header.frame_id,field.temperature,field.variance
1463935008431309648,331,1463935008428982731,,0.0,4.80000019073
1463935008475581126,332,1463935008459548069,,0.0,4.92000007629
1463935008514870801,333,1463935008491941524,,0.0,4.92000007629
1463935008523561233,334,1463935008514623198,,0.0,4.92000007629
1463935008541550427,335,1463935008531889218,,0.0,4.92000007629
1463935008561956173,336,1463935008552115330,,0.0,4.80000019073
1463935008578864122,337,1463935008572824460,,0.0,4.92000007629
1463935008603065008,338,1463935008592902343,,0.0,4.92000007629
1463935008616812866,339,1463935008613314131,,0.0,4.92000007629
1463935008637535485,340,1463935008632818110,,0.0,4.80000019073
1463935008665629949,341,1463935008651196937,,0.0,4.92000007629
1463935008679230151,342,1463935008671058259,,0.0,4.92000007629
1463935008698336007,343,1463935008694091910,,0.0,4.92000007629
1463935008745002526,344,1463935008714300782,,0.0,4.92000007629
1463935008745240077,345,1463935008733387003,,0.0,4.80000019073
1463935008759147465,346,1463935008751696768,,0.0,4.80000019073
1463935008773985371,347,1463935008771421996,,0.0,4.92000007629
1463935008803777847,348,1463935008793661953,,0.0,4.92000007629
1463935008835449066,349,1463935008824929736,,0.0,4.92000007629
1463935008868734757,350,1463935008855408981,,0.0,4.92000007629
1463935008900468892,351,1463935008893483922,,0.0,4.92000007629
1463935008918475795,352,1463935008916467887,,0.0,4.67999982834
1463935008948049939,353,1463935008943476209,,0.0,4.92000007629
1463935008967185586,354,1463935008964150391,,0.0,5.03999996185
1463935008997093063,355,1463935008992160896,,0.0,4.92000007629
1463935009017775735,356,1463935009009184938,,0.0,4.92000007629
1463935009045005254,357,1463935009030566982,,0.0,4.92000007629
1463935009045097597,358,1463935009039224914,,0.0,4.92000007629
1463935009067574740,359,1463935009060018158,,0.0,4.92000007629
1463935009093368224,360,1463935009085683101,,0.0,4.92000007629
1463935009126094022,361,1463935009107767954,,0.0,4.92000007629
1463935009126297302,362,1463935009122015862,,0.0,4.92000007629
1463935009149592931,363,1463935009143287802,,0.0,4.92000007629
1463935009174455950,364,1463935009171711014,,0.0,4.92000007629
1463935009244879503,365,1463935009192131343,,0.0,4.92000007629
1463935009245528042,366,1463935009213080420,,0.0,4.92000007629
1463935009245577834,367,1463935009234339757,,0.0,4.92000007629
1463935009327828576,368,1463935009255122220,,0.0,4.92000007629
1463935009328004929,369,1463935009276260098,,0.0,4.92000007629
1463935009328802322,370,1463935009297244436,,0.0,4.92000007629
1463935009329023154,371,1463935009315987637,,0.0,4.92000007629
1463935009411109001,372,1463935009335818698,,0.0,4.92000007629
1463935009411437229,373,1463935009356593140,,0.0,4.92000007629
1463935009449764877,374,1463935009377613311,,0.0,4.92000007629
1463935009452313721,375,1463935009398522857,,0.0,4.92000007629
1463935009455697300,376,1463935009428654343,,0.0,4.92000007629
1463935009476122317,377,1463935009461882117,,0.0,4.92000007629
1463935009529699431,378,1463935009501694864,,0.0,4.92000007629
1463935009529767556,379,1463935009513545646,,0.0,4.80000019073
1463935009584392375,380,1463935009537820282,,0.0,4.80000019073
1463935009598116014,381,1463935009559552429,,0.0,4.92000007629
1463935009599677986,382,1463935009577235166,,0.0,4.92000007629
1463935009626200269,383,1463935009613445636,,0.0,4.92000007629
1463935009664253179,384,1463935009649588658,,0.0,4.92000007629
1463935009705478732,385,1463935009694675341,,0.0,4.92000007629
1463935009744098098,386,1463935009739381139,,0.0,4.80000019073
1463935009790783211,387,1463935009778169619,,0.0,4.92000007629
1463935009816753569,388,1463935009800729002,,0.0,4.92000007629
1463935009820227877,389,1463935009811993589,,0.0,4.92000007629
1463935009842151533,390,1463935009826192643,,0.0,5.15999984741
1463935009880366109,391,1463935009869224282,,0.0,4.80000019073
1463935009899941234,392,1463935009897345724,,0.0,4.92000007629
1463935009934646815,393,1463935009926864400,,0.0,4.92000007629
1463935009962479404,394,1463935009956543700,,0.0,4.92000007629
1463935009981658437,395,1463935009976386376,,0.0,4.92000007629
1463935010029205473,396,1463935010008145823,,0.0,4.92000007629
1463935010029248650,397,1463935010014463140,,0.0,4.92000007629
1463935010029291514,398,1463935010026462360,,0.0,4.92000007629
1463935010057333217,399,1463935010046618680,,0.0,5.03999996185
1463935010090360836,400,1463935010075070693,,0.0,4.92000007629
1463935010137233136,401,1463935010097749763,,0.0,4.92000007629
1463935010140748798,402,1463935010119108734,,0.0,4.92000007629
1463935010290266648,403,1463935010139774011,,0.0,4.80000019073
1463935010290605866,404,1463935010163459743,,0.0,4.92000007629
1463935010290905396,405,1463935010182732421,,0.0,4.80000019073
1463935010291177999,406,1463935010194967108,,0.0,4.80000019073
1463935010291465029,407,1463935010224745106,,0.0,4.92000007629
1463935010294731942,408,1463935010254823362,,0.0,4.92000007629
1463935010351298835,409,1463935010295125534,,0.0,4.92000007629
1463935010353302316,410,1463935010324188951,,0.0,4.92000007629
1463935010353735648,411,1463935010351191075,,0.0,4.92000007629
1463935010438225183,412,1463935010384949317,,0.0,4.92000007629
1463935010438756691,413,1463935010407891666,,0.0,4.92000007629
1463935010439196897,414,1463935010427377521,,0.0,4.92000007629
1463935010539406729,415,1463935010451229137,,0.0,4.92000007629
1463935010542282029,416,1463935010476083823,,0.0,4.92000007629
1463935010542702861,417,1463935010506912806,,0.0,4.92000007629
1463935010542860412,418,1463935010532614727,,0.0,4.92000007629
1463935010657785129,419,1463935010555886190,,0.0,4.92000007629
1463935010658933666,420,1463935010586633194,,0.0,5.03999996185
1463935010658985072,421,1463935010598666736,,0.0,5.03999996185
1463935010659026374,422,1463935010627077135,,0.0,5.03999996185
1463935010659063040,423,1463935010646208408,,0.0,4.80000019073
1463935010659098197,424,1463935010655901439,,0.0,4.80000019073
1463935010701606348,425,1463935010670586845,,0.0,4.80000019073
1463935010702234627,426,1463935010695882414,,0.0,4.80000019073
1463935010764393580,427,1463935010743093410,,0.0,4.80000019073
1463935010767959658,428,1463935010753249304,,0.0,4.92000007629
1463935010785092137,429,1463935010773593384,,0.0,4.92000007629
1463935010908924837,430,1463935010806062516,,0.0,4.92000007629
1463935010908972857,431,1463935010834948174,,0.0,4.92000007629
1463935010909366345,432,1463935010863023158,,0.0,4.92000007629
1463935010909414158,433,1463935010890719081,,0.0,4.92000007629
1463935010959079414,434,1463935010926819344,,0.0,4.92000007629
1463935010974851534,435,1463935010968474947,,0.0,4.92000007629
1463935011019907018,436,1463935011015534173,,0.0,4.92000007629
1463935011075438760,437,1463935011067447024,,0.0,4.92000007629
1463935011112522300,438,1463935011107130343,,0.0,4.80000019073
1463935011151454894,439,1463935011137851410,,0.0,5.03999996185
1463935011157501482,440,1463935011149195424,,0.0,5.03999996185
1463935011186792920,441,1463935011182470542,,0.0,5.03999996185
1463935011261309893,442,1463935011215507693,,0.0,4.92000007629
1463935011284889115,443,1463935011253658102,,0.0,4.92000007629
1463935011305720744,444,1463935011299345980,,0.0,4.92000007629
1463935011328245648,445,1463935011323778115,,0.0,4.80000019073
1463935011377002367,446,1463935011345742344,,0.0,4.80000019073
1463935011377168304,447,1463935011365003668,,0.0,4.92000007629
1463935011433120044,448,1463935011387044407,,0.0,4.92000007629
1463935011433838582,449,1463935011405165528,,0.0,4.80000019073
1463935011448242166,450,1463935011438127418,,0.0,4.92000007629
1463935011499024762,451,1463935011457620199,,0.0,4.80000019073
1463935011499287469,452,1463935011474276586,,0.0,4.80000019073
1463935011499641322,453,1463935011486936793,,0.0,4.80000019073
1463935011520598992,454,1463935011514959902,,0.0,4.80000019073
1463935011568798109,455,1463935011559448566,,0.0,4.92000007629
1463935011616399937,456,1463935011611265949,,0.0,4.92000007629
1463935011643358103,457,1463935011638173594,,0.0,4.92000007629
1463935011662594844,458,1463935011659289129,,0.0,4.92000007629
1463935011683330953,459,1463935011679490240,,0.0,4.92000007629
1463935011705118985,460,1463935011700500984,,0.0,4.92000007629
1463935011726013948,461,1463935011722066360,,0.0,4.80000019073
1463935011785599162,462,1463935011741746797,,0.0,4.80000019073
1463935011786405512,463,1463935011760972861,,0.0,4.92000007629
1463935011786805511,464,1463935011780764286,,0.0,4.92000007629
1463935011882900152,465,1463935011801386907,,0.0,4.92000007629
1463935011884066241,466,1463935011826664663,,0.0,4.92000007629
1463935011884652488,467,1463935011852200023,,0.0,4.92000007629
1463935011885710765,468,1463935011878673243,,0.0,4.92000007629
1463935011956468900,469,1463935011918028543,,0.0,4.92000007629
1463935011956728638,470,1463935011926498767,,0.0,4.80000019073
1463935011957227386,471,1463935011942184221,,0.0,4.80000019073
1463935011957987799,472,1463935011953076831,,0.0,4.80000019073
1463935011992423381,473,1463935011981397074,,0.0,4.80000019073
1463935012009849974,474,1463935012002247558,,0.0,4.92000007629
1463935012095299087,475,1463935012038364331,,0.0,4.92000007629
1463935012095750596,476,1463935012082371174,,0.0,4.92000007629
1463935012131712682,477,1463935012112703857,,0.0,4.92000007629
1463935012159950946,478,1463935012128751653,,0.0,4.80000019073
1463935012160444903,479,1463935012140329364,,0.0,4.80000019073
1463935012176773947,480,1463935012158336787,,0.0,4.92000007629
1463935012187879265,481,1463935012181066585,,0.0,4.80000019073
1463935012208717092,482,1463935012198837030,,0.0,4.80000019073
1463935012234200837,483,1463935012218177364,,0.0,4.92000007629
1463935012255433611,484,1463935012250956026,,0.0,4.92000007629
1463935012275594410,485,1463935012267407622,,0.0,4.92000007629
1463935012312707741,486,1463935012304153611,,0.0,4.92000007629
1463935012325340500,487,1463935012323108791,,0.0,5.15999984741
1463935012347637488,488,1463935012345357758,,0.0,4.80000019073
1463935012392576619,489,1463935012364321010,,0.0,4.80000019073
1463935012393728072,490,1463935012377079810,,0.0,4.80000019073
1463935012394756401,491,1463935012392168495,,0.0,4.80000019073
1463935012499959701,492,1463935012414873346,,0.0,4.80000019073
1463935012500021784,493,1463935012447805549,,0.0,5.03999996185
1463935012500060794,494,1463935012466794374,,0.0,4.92000007629
1463935012528516037,495,1463935012520818570,,0.0,4.92000007629
1463935012568244097,496,1463935012549644489,,0.0,4.92000007629
1463935012652056551,497,1463935012570591535,,0.0,4.92000007629
1463935012692589086,498,1463935012590018118,,0.0,4.92000007629
1463935012692772106,499,1463935012610041210,,0.0,4.92000007629
1463935012692813929,500,1463935012631304244,,0.0,4.92000007629
1463935012692849866,501,1463935012652422799,,0.0,4.92000007629
1463935012695055429,502,1463935012671982091,,0.0,4.92000007629
1463935012696119019,503,1463935012689576599,,0.0,4.92000007629
1463935012851286532,504,1463935012709419326,,0.0,4.92000007629
1463935012851320751,505,1463935012729972207,,0.0,4.92000007629
1463935012851712624,506,1463935012751203887,,0.0,4.92000007629
1463935012851759499,507,1463935012771308906,,0.0,4.92000007629
1463935012852050800,508,1463935012791611215,,0.0,4.92000007629
1463935012852596110,509,1463935012815257884,,0.0,4.92000007629
1463935012853022150,510,1463935012834722332,,0.0,4.92000007629
1463935012887461013,511,1463935012851637208,,0.0,4.92000007629
1463935012887912313,512,1463935012870341868,,0.0,4.92000007629
1463935012910437165,513,1463935012900923039,,0.0,4.92000007629
1463935012938187984,514,1463935012929229428,,0.0,4.92000007629
1463935012970714303,515,1463935012966152916,,0.0,4.92000007629
1463935013004578637,516,1463935012973603562,,0.0,4.92000007629
1463935013016405306,517,1463935013013653234,,0.0,4.80000019073
1463935013067117328,518,1463935013053427751,,0.0,4.92000007629
1463935013103323528,519,1463935013070940906,,0.0,4.92000007629
1463935013103372173,520,1463935013084534181,,0.0,4.80000019073
1463935013103751547,521,1463935013094448357,,0.0,4.80000019073
1463935013128091182,522,1463935013111954585,,0.0,4.80000019073
1463935013198187133,523,1463935013144053510,,0.0,4.80000019073
1463935013198224789,524,1463935013151789362,,0.0,4.80000019073
1463935013198259684,525,1463935013173765518,,0.0,4.80000019073
1463935013383068998,526,1463935013196462348,,0.0,4.92000007629
1463935013390469488,527,1463935013225581130,,0.0,4.92000007629
1463935013390845319,528,1463935013246903799,,0.0,4.92000007629
1463935013391163860,529,1463935013265103044,,0.0,4.80000019073
1463935013391472608,530,1463935013284116401,,0.0,4.92000007629
1463935013391770888,531,1463935013304618084,,0.0,4.92000007629
1463935013392039012,532,1463935013327171633,,0.0,4.92000007629
1463935013394732907,533,1463935013346049261,,0.0,4.92000007629
1463935013394883531,534,1463935013366739329,,0.0,4.92000007629
1463935013394946552,535,1463935013377944958,,0.0,4.92000007629
1463935013513616774,536,1463935013397118365,,0.0,4.92000007629
1463935013513899012,537,1463935013443418376,,0.0,4.92000007629
1463935013513947033,538,1463935013454131455,,0.0,4.92000007629
1463935013515189579,539,1463935013468906131,,0.0,4.92000007629
1463935013516400043,540,1463935013510968399,,0.0,4.92000007629
1463935013605460912,541,1463935013550028545,,0.0,4.92000007629
1463935013606944031,542,1463935013584985427,,0.0,4.92000007629
1463935013643412989,543,1463935013605062216,,0.0,4.92000007629
1463935013644842567,544,1463935013626571343,,0.0,4.92000007629
1463935013787892997,545,1463935013646575216,,0.0,4.80000019073
1463935013789017679,546,1463935013668824027,,0.0,4.92000007629
1463935013790946682,547,1463935013689228419,,0.0,4.92000007629
1463935013791755376,548,1463935013712431288,,0.0,4.92000007629
1463935013792388394,549,1463935013733195470,,0.0,4.92000007629
1463935013795319684,550,1463935013753720695,,0.0,4.92000007629
1463935013796615147,551,1463935013768884797,,0.0,4.92000007629
1463935014376620844,552,1463935013790788661,,0.0,4.92000007629
1463935014376894333,553,1463935013811701228,,0.0,4.92000007629
1463935014377165738,554,1463935013827417515,,0.0,4.92000007629
1463935014377445060,555,1463935013851566943,,0.0,4.80000019073
1463935014377806048,556,1463935013875130280,,0.0,4.92000007629
1463935014377848652,557,1463935013894254521,,0.0,4.92000007629
1463935014378098755,558,1463935013916062293,,0.0,4.92000007629
1463935014378383024,559,1463935013936589132,,0.0,4.92000007629
1463935014378666981,560,1463935013957257741,,0.0,4.92000007629
1463935014378972345,561,1463935013976968334,,0.0,4.92000007629
1463935014379246510,562,1463935013999004282,,0.0,4.92000007629
1463935014379509374,563,1463935014022151943,,0.0,4.92000007629
1463935014379770518,564,1463935014044975179,,0.0,4.92000007629
1463935014380010986,565,1463935014067194094,,0.0,4.92000007629
1463935014380428953,566,1463935014086556043,,0.0,4.92000007629
1463935014380479786,567,1463935014108234336,,0.0,4.92000007629
1463935014380764837,568,1463935014132782668,,0.0,4.92000007629
1463935014381078325,569,1463935014153516277,,0.0,4.92000007629
1463935014381367126,570,1463935014174171345,,0.0,4.92000007629
1463935014381625875,571,1463935014197343225,,0.0,4.92000007629
1463935014381888426,572,1463935014218897508,,0.0,4.92000007629
1463935014382145664,573,1463935014246593588,,0.0,4.80000019073
1463935014382399309,574,1463935014270359892,,0.0,4.80000019073
1463935014382644777,575,1463935014297658734,,0.0,4.80000019073
1463935014382883526,576,1463935014308328688,,0.0,4.92000007629
1463935014383180608,577,1463935014315513137,,0.0,4.92000007629
1463935014383222639,578,1463935014329025110,,0.0,4.80000019073
1463935014383791543,579,1463935014349848459,,0.0,4.80000019073
1463935014388184389,580,1463935014371970135,,0.0,4.92000007629
1463935014591449613,581,1463935014392224476,,0.0,4.92000007629
1463935014591765602,582,1463935014412435535,,0.0,4.92000007629
1463935014592075600,583,1463935014430772332,,0.0,4.92000007629
1463935014592348047,584,1463935014451655471,,0.0,4.92000007629
1463935014592593515,585,1463935014471793406,,0.0,4.92000007629
1463935014592840857,586,1463935014487866358,,0.0,4.92000007629
1463935014593080804,587,1463935014507592316,,0.0,4.92000007629
1463935014593309137,588,1463935014527716657,,0.0,4.92000007629
1463935014593543042,589,1463935014547441624,,0.0,4.92000007629
1463935014593781583,590,1463935014567762944,,0.0,4.92000007629
1463935014594232101,591,1463935014587616713,,0.0,4.92000007629
1463935014657897975,592,1463935014607340066,,0.0,4.92000007629
1463935014658073026,593,1463935014627668000,,0.0,4.92000007629
1463935014658405994,594,1463935014647871820,,0.0,4.92000007629
1463935014703271375,595,1463935014667648350,,0.0,4.92000007629
1463935014703580696,596,1463935014687496963,,0.0,4.92000007629
1463935014728907828,597,1463935014710493063,,0.0,4.92000007629
1463935014735842381,598,1463935014727873405,,0.0,4.92000007629
1463935014755731880,599,1463935014751007889,,0.0,4.92000007629
1463935014781337499,600,1463935014767594746,,0.0,4.92000007629
1463935014793404635,601,1463935014787739764,,0.0,4.92000007629
1463935014820023636,602,1463935014807779261,,0.0,4.92000007629
1463935014835653778,603,1463935014828822036,,0.0,4.92000007629
1463935014887119287,604,1463935014850298455,,0.0,4.92000007629
1463935014887660222,605,1463935014883303938,,0.0,4.92000007629
1463935014978733583,606,1463935014914028547,,0.0,4.92000007629
1463935014979410975,607,1463935014938219902,,0.0,4.92000007629
1463935014979898994,608,1463935014964505206,,0.0,4.92000007629
1463935015034353241,609,1463935014989390047,,0.0,4.92000007629
1463935015034755322,610,1463935015017634250,,0.0,4.92000007629
1463935015122498749,611,1463935015044090595,,0.0,4.92000007629
1463935015122733384,612,1463935015074705724,,0.0,4.80000019073
1463935015123104424,613,1463935015114102900,,0.0,4.92000007629
1463935015173056918,614,1463935015159594163,,0.0,4.92000007629
1463935015213905233,615,1463935015201446953,,0.0,4.92000007629
1463935015272473785,616,1463935015232182968,,0.0,4.92000007629
1463935015315701881,617,1463935015257433276,,0.0,4.92000007629
1463935015316259119,618,1463935015301322933,,0.0,4.92000007629
1463935015326505064,619,1463935015312262834,,0.0,4.92000007629
1463935015355695877,620,1463935015349766527,,0.0,4.92000007629
1463935015398828349,621,1463935015388357092,,0.0,4.92000007629
1463935015419285293,622,1463935015416207285,,0.0,4.92000007629
1463935015492773156,623,1463935015454250977,,0.0,4.92000007629
1463935015493775547,624,1463935015472794908,,0.0,4.92000007629
1463935015529876955,625,1463935015492205293,,0.0,4.92000007629
1463935015529971903,626,1463935015518241224,,0.0,4.92000007629
1463935015718597398,627,1463935015547130267,,0.0,4.92000007629
1463935015718633700,628,1463935015573899580,,0.0,4.92000007629
1463935015718687346,629,1463935015597293334,,0.0,4.92000007629
1463935015718725627,630,1463935015619475999,,0.0,4.80000019073
1463935015718774898,631,1463935015643304335,,0.0,4.80000019073
1463935015718827189,632,1463935015673867954,,0.0,4.80000019073
1463935015801600325,633,1463935015722217018,,0.0,4.92000007629
1463935015801910532,634,1463935015728028087,,0.0,4.92000007629
1463935015802695581,635,1463935015737361589,,0.0,4.92000007629
1463935015803766253,636,1463935015754186205,,0.0,4.92000007629
1463935015804964269,637,1463935015786030964,,0.0,4.92000007629
1463935015880504727,638,1463935015836197364,,0.0,4.92000007629
1463935015904589468,639,1463935015879442492,,0.0,4.92000007629
1463935015905010612,640,1463935015900872192,,0.0,4.92000007629
1463935015942141703,641,1463935015926023543,,0.0,4.92000007629
1463935015965064522,642,1463935015952791189,,0.0,4.92000007629
1463935016007135904,643,1463935015987026563,,0.0,4.92000007629
1463935016072600468,644,1463935016012943328,,0.0,4.92000007629
1463935016073304424,645,1463935016035861875,,0.0,4.92000007629
1463935016074649574,646,1463935016060182188,,0.0,4.92000007629
1463935016156828285,647,1463935016077670499,,0.0,4.92000007629
1463935016157124742,648,1463935016095876410,,0.0,4.92000007629
1463935016157592136,649,1463935016140937520,,0.0,4.92000007629
1463935016198331545,650,1463935016192039333,,0.0,4.92000007629
1463935016254341150,651,1463935016245990821,,0.0,4.92000007629
1463935016325646470,652,1463935016261098152,,0.0,4.80000019073
1463935016325914073,653,1463935016280386090,,0.0,4.80000019073
1463935016326439748,654,1463935016298627314,,0.0,4.92000007629
1463935016330653375,655,1463935016319568215,,0.0,4.92000007629
1463935016376798126,656,1463935016334166381,,0.0,4.92000007629
1463935016380808317,657,1463935016354743689,,0.0,4.80000019073
1463935016381296649,658,1463935016374672041,,0.0,4.92000007629
1463935016448702610,659,1463935016393560607,,0.0,4.92000007629
1463935016449187452,660,1463935016416761705,,0.0,4.92000007629
1463935016449576305,661,1463935016439496712,,0.0,4.92000007629
1463935016507345537,662,1463935016461011620,,0.0,4.92000007629
1463935016510544169,663,1463935016479947112,,0.0,4.92000007629
1463935016511011511,664,1463935016505099348,,0.0,4.92000007629
1463935016566420232,665,1463935016528874820,,0.0,4.92000007629
1463935016566489607,666,1463935016552515812,,0.0,4.80000019073
1463935016584755935,667,1463935016578130182,,0.0,4.80000019073
1463935016613071647,668,1463935016598811864,,0.0,4.80000019073
1463935016894203935,669,1463935016622567909,,0.0,4.80000019073
1463935016894258257,670,1463935016642326053,,0.0,4.92000007629
1463935016894307789,671,1463935016659378741,,0.0,4.92000007629
1463935016894342997,672,1463935016680845107,,0.0,4.92000007629
1463935016894379663,673,1463935016701894184,,0.0,4.92000007629
1463935016894412788,674,1463935016722743678,,0.0,4.92000007629
1463935016894560704,675,1463935016744735355,,0.0,4.92000007629
1463935016894748464,676,1463935016763861419,,0.0,4.92000007629
1463935016894827526,677,1463935016784553258,,0.0,5.03999996185
1463935016894922109,678,1463935016808558311,,0.0,4.80000019073
1463935016894958775,679,1463935016829228067,,0.0,4.92000007629
1463935016895044504,680,1463935016848150903,,0.0,4.92000007629
1463935016895097577,681,1463935016869783206,,0.0,4.92000007629
1463935017459488758,682,1463935016900022087,,0.0,4.92000007629
1463935017470565325,683,1463935016921730484,,0.0,4.92000007629
1463935017477310192,684,1463935016944554761,,0.0,4.92000007629
1463935017477372223,685,1463935016966680760,,0.0,4.92000007629
1463935017477855398,686,1463935016987429630,,0.0,4.92000007629
1463935017478299615,687,1463935017008791414,,0.0,4.92000007629
1463935017478611436,688,1463935017031446629,,0.0,4.92000007629
1463935017478915810,689,1463935017052496696,,0.0,4.92000007629
1463935017479261069,690,1463935017072042237,,0.0,4.92000007629
1463935017479558463,691,1463935017087230766,,0.0,4.92000007629
1463935017479847577,692,1463935017108607445,,0.0,4.92000007629
1463935017480077992,693,1463935017128701005,,0.0,4.80000019073
1463935017480796010,694,1463935017147039677,,0.0,4.80000019073
1463935017481256165,695,1463935017166686364,,0.0,4.92000007629
1463935017481845172,696,1463935017188069137,,0.0,4.92000007629
1463935017482176786,697,1463935017207039837,,0.0,4.92000007629
1463935017482508034,698,1463935017235442580,,0.0,4.92000007629
1463935017482832824,699,1463935017256274835,,0.0,4.92000007629
1463935017483235739,700,1463935017281869882,,0.0,5.28000020981
1463935017483549436,701,1463935017302530054,,0.0,4.92000007629
1463935017484029226,702,1463935017324012878,,0.0,4.80000019073
1463935017484666098,703,1463935017347018197,,0.0,4.92000007629
1463935017484719379,704,1463935017370898355,,0.0,4.92000007629
1463935017485130627,705,1463935017392479773,,0.0,4.92000007629
1463935017485921092,706,1463935017420674913,,0.0,4.92000007629
1463935017486583173,707,1463935017438050985,,0.0,4.80000019073
1463935017487885355,708,1463935017457131945,,0.0,4.92000007629
1463935017488447905,709,1463935017477999876,,0.0,4.92000007629
1463935018105128185,710,1463935017501604567,,0.0,4.92000007629
1463935018105399746,711,1463935017521606929,,0.0,4.92000007629
1463935018105672609,712,1463935017549679830,,0.0,4.92000007629
1463935018105914848,713,1463935017575532584,,0.0,4.92000007629
1463935018106219690,714,1463935017594895314,,0.0,4.92000007629
1463935018106492293,715,1463935017614187732,,0.0,4.92000007629
1463935018106729532,716,1463935017634245615,,0.0,4.92000007629
1463935018106997812,717,1463935017652555224,,0.0,4.92000007629
1463935018107693538,718,1463935017676129550,,0.0,4.92000007629
1463935018108150255,719,1463935017697270814,,0.0,4.92000007629
1463935018108414889,720,1463935017718558119,,0.0,4.92000007629
1463935018108713638,721,1463935017736993352,,0.0,4.92000007629
1463935018108986502,722,1463935017757285609,,0.0,4.92000007629
1463935018109224886,723,1463935017777324690,,0.0,4.92000007629
1463935018109508166,724,1463935017799076733,,0.0,4.92000007629
1463935018110692536,725,1463935017819380917,,0.0,4.92000007629
1463935018111820292,726,1463935017843026076,,0.0,4.92000007629
1463935018112379925,727,1463935017861960474,,0.0,4.80000019073
1463935018112667944,728,1463935017883280852,,0.0,4.80000019073
1463935018112958620,729,1463935017903648317,,0.0,4.92000007629
1463935018113202734,730,1463935017923934741,,0.0,4.80000019073
1463935018116369751,731,1463935017936624791,,0.0,4.92000007629
1463935018116756416,732,1463935017948902290,,0.0,4.92000007629
1463935018117015426,733,1463935017997276094,,0.0,4.92000007629
1463935018117301622,734,1463935018045871407,,0.0,4.92000007629
1463935018117921568,735,1463935018071745880,,0.0,4.92000007629
1463935018118180316,736,1463935018089953145,,0.0,4.92000007629
1463935018118890001,737,1463935018109948164,,0.0,4.92000007629
1463935018324217665,738,1463935018128615011,,0.0,4.80000019073
1463935018324524955,739,1463935018149528464,,0.0,4.92000007629
1463935018324799381,740,1463935018174590804,,0.0,4.92000007629
1463935018325695783,741,1463935018205005414,,0.0,4.92000007629
1463935018328691552,742,1463935018234564506,,0.0,4.92000007629
1463935018329752901,743,1463935018262931000,,0.0,4.92000007629
1463935018330079879,744,1463935018292043740,,0.0,4.92000007629
1463935018331900809,745,1463935018318830240,,0.0,4.92000007629
1463935018507732974,746,1463935018347708346,,0.0,4.92000007629
1463935018508033545,747,1463935018375037291,,0.0,4.92000007629
1463935018508306096,748,1463935018398849741,,0.0,4.92000007629
1463935018508635157,749,1463935018438510353,,0.0,4.92000007629
1463935018508936146,750,1463935018472207605,,0.0,4.92000007629
1463935018511743790,751,1463935018494492978,,0.0,4.92000007629
1463935018663604651,752,1463935018516120282,,0.0,4.92000007629
1463935018664663136,753,1463935018535550876,,0.0,4.92000007629
1463935018664707980,754,1463935018545520208,,0.0,4.92000007629
1463935018668439943,755,1463935018565484602,,0.0,4.92000007629
1463935018668730567,756,1463935018582610362,,0.0,4.92000007629
1463935018669274054,757,1463935018612422110,,0.0,4.92000007629
1463935018670007488,758,1463935018645686655,,0.0,4.92000007629
1463935018795040964,759,1463935018693349159,,0.0,4.92000007629
1463935018795354452,760,1463935018736425850,,0.0,4.92000007629
1463935018795763357,761,1463935018789029167,,0.0,4.92000007629
1463935018845381530,762,1463935018842309981,,0.0,5.03999996185
1463935018861171150,763,1463935018856095912,,0.0,4.92000007629
1463935018928124249,764,1463935018892227215,,0.0,4.92000007629
1463935019024266234,765,1463935018919905326,,0.0,4.92000007629
1463935019025050033,766,1463935018934939741,,0.0,4.80000019073
1463935019025108470,767,1463935018947937081,,0.0,4.80000019073
1463935019025148678,768,1463935018991102105,,0.0,4.92000007629
1463935019025184876,769,1463935019022671554,,0.0,4.92000007629
1463935019062145864,770,1463935019048935295,,0.0,4.92000007629
1463935019077237726,771,1463935019063762524,,0.0,4.92000007629
1463935019097054829,772,1463935019077274289,,0.0,4.92000007629
1463935019097589306,773,1463935019094990255,,0.0,4.92000007629
1463935019118602914,774,1463935019113273718,,0.0,4.92000007629
1463935019148750442,775,1463935019129254640,,0.0,4.92000007629
1463935019155394267,776,1463935019146966595,,0.0,4.92000007629
1463935019175909128,777,1463935019168883324,,0.0,4.80000019073
1463935019199944441,778,1463935019186863612,,0.0,4.80000019073
1463935019220360083,779,1463935019217904104,,0.0,4.92000007629
1463935019248447567,780,1463935019241622180,,0.0,4.92000007629
1463935019272451527,781,1463935019257409821,,0.0,4.92000007629
1463935019279734048,782,1463935019274345217,,0.0,4.92000007629
1463935019301342810,783,1463935019291448269,,0.0,4.92000007629
1463935019314980252,784,1463935019307565179,,0.0,4.92000007629
1463935019344472626,785,1463935019335219592,,0.0,4.92000007629
1463935019380197473,786,1463935019376522853,,0.0,4.80000019073
1463935019402073056,787,1463935019398436718,,0.0,4.92000007629
1463935019431820169,788,1463935019426670608,,0.0,4.92000007629
1463935019459597706,789,1463935019449996341,,0.0,4.80000019073
1463935019474126238,790,1463935019465497212,,0.0,4.92000007629
1463935019513063676,791,1463935019507504585,,0.0,4.92000007629
1463935019540375226,792,1463935019536934511,,0.0,4.92000007629
1463935019575497107,793,1463935019563670647,,0.0,4.92000007629
1463935019591967245,794,1463935019589507307,,0.0,4.92000007629
1463935019627237771,795,1463935019620294207,,0.0,4.92000007629
1463935019651746885,796,1463935019647222008,,0.0,4.92000007629
1463935019695253938,797,1463935019673614760,,0.0,4.92000007629
1463935019706469776,798,1463935019701671567,,0.0,4.80000019073
1463935019763796250,799,1463935019729667073,,0.0,4.80000019073
1463935019763851978,800,1463935019751664322,,0.0,4.92000007629
1463935019808675224,801,1463935019768734718,,0.0,4.92000007629
1463935019808736109,802,1463935019785812666,,0.0,4.92000007629
1463935019836545313,803,1463935019807864134,,0.0,4.92000007629
1463935019854901016,804,1463935019822850528,,0.0,4.92000007629
1463935019855067005,805,1463935019840966805,,0.0,4.92000007629
1463935020071784620,806,1463935019871203915,,0.0,4.92000007629
1463935020075426376,807,1463935019897210575,,0.0,4.92000007629
1463935020075834395,808,1463935019917883768,,0.0,4.92000007629
1463935020076161320,809,1463935019938423107,,0.0,4.92000007629
1463935020076533298,810,1463935019960295149,,0.0,4.92000007629
1463935020076591214,811,1463935019982833490,,0.0,4.80000019073
1463935020076932411,812,1463935020002179553,,0.0,4.92000007629
1463935020077224389,813,1463935020027273404,,0.0,4.92000007629
1463935020081238903,814,1463935020049030238,,0.0,4.92000007629
1463935020083125457,815,1463935020070846239,,0.0,4.92000007629
1463935020438687427,816,1463935020092434324,,0.0,4.92000007629
1463935020438735916,817,1463935020114251001,,0.0,4.92000007629
1463935020438947269,818,1463935020134910861,,0.0,4.92000007629
1463935020438991175,819,1463935020157606389,,0.0,4.92000007629
1463935020441617414,820,1463935020178844371,,0.0,4.80000019073
1463935020441673924,821,1463935020199435064,,0.0,4.80000019073
1463935020441711893,822,1463935020226916457,,0.0,4.92000007629
1463935020447743221,823,1463935020249687662,,0.0,4.92000007629
1463935020447904887,824,1463935020268376801,,0.0,4.92000007629
1463935020447947387,825,1463935020297739071,,0.0,4.92000007629
1463935020447985251,826,1463935020322206779,,0.0,4.92000007629
1463935020448024574,827,1463935020354900024,,0.0,4.80000019073
1463935020448059678,828,1463935020373117342,,0.0,4.92000007629
1463935020449885608,829,1463935020396370993,,0.0,4.92000007629
1463935020458838538,830,1463935020418427878,,0.0,4.92000007629
1463935020824487913,831,1463935020450229773,,0.0,4.92000007629
1463935020824539944,832,1463935020473508111,,0.0,4.92000007629
1463935020824581037,833,1463935020491087984,,0.0,4.92000007629
1463935020824618589,834,1463935020513396326,,0.0,4.92000007629
1463935020824654422,835,1463935020534500767,,0.0,4.92000007629
1463935020833658394,836,1463935020555817707,,0.0,4.92000007629
1463935020833712040,837,1463935020577077304,,0.0,4.92000007629
1463935020833749019,838,1463935020597643622,,0.0,4.92000007629
1463935020833784487,839,1463935020618977802,,0.0,4.80000019073
1463935020833823446,840,1463935020636542570,,0.0,4.67999982834
1463935020833862247,841,1463935020658382894,,0.0,4.92000007629
1463935020833922508,842,1463935020683736327,,0.0,5.03999996185
1463935020833964799,843,1463935020713270784,,0.0,4.80000019073
1463935020834002820,844,1463935020743635185,,0.0,4.92000007629
1463935020834045111,845,1463935020769192993,,0.0,4.92000007629
1463935020834085372,846,1463935020797878860,,0.0,4.80000019073
1463935020834122090,847,1463935020826626705,,0.0,4.92000007629
1463935021510049721,848,1463935020851769931,,0.0,4.92000007629
1463935021510463782,849,1463935020879222522,,0.0,4.80000019073
1463935021510737583,850,1463935020903310440,,0.0,4.92000007629
1463935021511019040,851,1463935020933915622,,0.0,4.92000007629
1463935021511336539,852,1463935020956265787,,0.0,4.92000007629
1463935021511656381,853,1463935020981452241,,0.0,4.92000007629
1463935021511944088,854,1463935021005902293,,0.0,4.92000007629
1463935021512229556,855,1463935021031538382,,0.0,4.92000007629
1463935021512513669,856,1463935021064252460,,0.0,4.92000007629
1463935021512834918,857,1463935021095949200,,0.0,4.92000007629
1463935021513150489,858,1463935021125614698,,0.0,4.92000007629
1463935021513461686,859,1463935021152917915,,0.0,4.92000007629
1463935021513799080,860,1463935021179419103,,0.0,4.80000019073
1463935021514106006,861,1463935021206116177,,0.0,4.80000019073
1463935021514405588,862,1463935021238083488,,0.0,4.92000007629
1463935021514677149,863,1463935021264219626,,0.0,4.92000007629
1463935021514946002,864,1463935021288314211,,0.0,4.92000007629
1463935021515250220,865,1463935021319237151,,0.0,4.92000007629
1463935021515562718,866,1463935021345467977,,0.0,4.92000007629
1463935021515854228,867,1463935021369493030,,0.0,4.92000007629
1463935021516117351,868,1463935021400463575,,0.0,4.92000007629
1463935021516362611,869,1463935021424935814,,0.0,4.92000007629
1463935021516662662,870,1463935021448408891,,0.0,4.92000007629
1463935021517324586,871,1463935021462114405,,0.0,4.92000007629
1463935021517761042,872,1463935021492138600,,0.0,4.92000007629
1463935021669223676,873,1463935021532297855,,0.0,4.92000007629
1463935021669465133,874,1463935021567559163,,0.0,5.28000020981
1463935021669706643,875,1463935021580045255,,0.0,4.92000007629
1463935021669938881,876,1463935021594462173,,0.0,4.80000019073
1463935021670553045,877,1463935021628281768,,0.0,4.92000007629
1463935021671017575,878,1463935021656197534,,0.0,4.80000019073
1463935021707145128,879,1463935021687755576,,0.0,4.80000019073
1463935021716599463,880,1463935021712949270,,0.0,4.92000007629
1463935021756118929,881,1463935021745055696,,0.0,4.92000007629
1463935021814034776,882,1463935021804035391,,0.0,4.92000007629
1463935021849213688,883,1463935021840679089,,0.0,5.03999996185
1463935021904779596,884,1463935021859271561,,0.0,4.92000007629
1463935021905350323,885,1463935021878128981,,0.0,4.92000007629
1463935021906357610,886,1463935021897591658,,0.0,4.92000007629
1463935022034206438,887,1463935021916075954,,0.0,4.92000007629
1463935022034305344,888,1463935021933054163,,0.0,4.92000007629
1463935022034357219,889,1463935021952769703,,0.0,4.92000007629
1463935022034411490,890,1463935021973365188,,0.0,4.92000007629
1463935022034526697,891,1463935021993823694,,0.0,4.92000007629
1463935022034655499,892,1463935022011714555,,0.0,4.92000007629
1463935022055345046,893,1463935022032995142,,0.0,4.92000007629
1463935022086772724,894,1463935022069978577,,0.0,4.92000007629
1463935022237682808,895,1463935022090976039,,0.0,4.92000007629
1463935022237929734,896,1463935022114519116,,0.0,4.92000007629
1463935022239432332,897,1463935022136469960,,0.0,4.92000007629
1463935022239519206,898,1463935022159053978,,0.0,4.92000007629
1463935022240004048,899,1463935022182802939,,0.0,4.92000007629
1463935022240412744,900,1463935022204824199,,0.0,4.80000019073
1463935022240998419,901,1463935022235466932,,0.0,4.80000019073
1463935022436852477,902,1463935022263053325,,0.0,4.80000019073
1463935022437162528,903,1463935022288735663,,0.0,4.92000007629
1463935022437444819,904,1463935022315659193,,0.0,4.92000007629
1463935022437741640,905,1463935022337724776,,0.0,4.92000007629
1463935022439308925,906,1463935022363359823,,0.0,4.92000007629
1463935022439636684,907,1463935022384154005,,0.0,4.92000007629
1463935022442886358,908,1463935022406212452,,0.0,4.92000007629
1463935022443140003,909,1463935022428789543,,0.0,4.92000007629
1463935022570913415,910,1463935022451184187,,0.0,4.92000007629
1463935022571280601,911,1463935022472475086,,0.0,4.92000007629
1463935022571630651,912,1463935022503196517,,0.0,4.92000007629
1463935022571932212,913,1463935022534520445,,0.0,4.92000007629
1463935022572429085,914,1463935022563223552,,0.0,4.92000007629
1463935022692217740,915,1463935022599915270,,0.0,4.80000019073
1463935022692271333,916,1463935022619950132,,0.0,4.92000007629
1463935022692501645,917,1463935022641157177,,0.0,4.92000007629
1463935022692982632,918,1463935022661766724,,0.0,4.80000019073
1463935022738623896,919,1463935022695691058,,0.0,4.92000007629
1463935022739052227,920,1463935022707220436,,0.0,4.80000019073
1463935022791757418,921,1463935022753077948,,0.0,4.80000019073
1463935022792243823,922,1463935022774949730,,0.0,4.92000007629
1463935022895385725,923,1463935022807888547,,0.0,5.15999984741
1463935022895822338,924,1463935022839190184,,0.0,4.80000019073
1463935022895871869,925,1463935022861029258,,0.0,4.92000007629
1463935022898298786,926,1463935022882365885,,0.0,4.92000007629
1463935023124292663,927,1463935022903166890,,0.0,4.92000007629
1463935023128593218,928,1463935022924365497,,0.0,4.92000007629
1463935023128958737,929,1463935022945688271,,0.0,4.92000007629
1463935023131167321,930,1463935022968106144,,0.0,4.92000007629
1463935023131455549,931,1463935022991477658,,0.0,4.92000007629
1463935023131877839,932,1463935023014678028,,0.0,4.80000019073
1463935023133028720,933,1463935023039381776,,0.0,4.92000007629
1463935023133393666,934,1463935023063220633,,0.0,4.92000007629
1463935023133995434,935,1463935023084581010,,0.0,4.92000007629
1463935023134046945,936,1463935023105059829,,0.0,4.92000007629
1463935023134089444,937,1463935023128385406,,0.0,4.80000019073
1463935023387648204,938,1463935023153668371,,0.0,4.80000019073
1463935023391711676,939,1463935023173657504,,0.0,4.92000007629
1463935023392114800,940,1463935023199163124,,0.0,4.92000007629
1463935023392415111,941,1463935023223049324,,0.0,4.92000007629
1463935023392909588,942,1463935023248521768,,0.0,4.92000007629
1463935023392958181,943,1463935023271542138,,0.0,4.80000019073
1463935023392994640,944,1463935023291956478,,0.0,4.80000019073
1463935023393412190,945,1463935023315806063,,0.0,4.92000007629
1463935023393468804,946,1463935023341518297,,0.0,4.92000007629
1463935023397939566,947,1463935023370862234,,0.0,4.92000007629
1463935023704238153,948,1463935023396719624,,0.0,4.80000019073
1463935023704273361,949,1463935023420987801,,0.0,4.92000007629
1463935023704316798,950,1463935023444349420,,0.0,4.92000007629
1463935023704354298,951,1463935023469773113,,0.0,5.03999996185
1463935023704389142,952,1463935023491209949,,0.0,4.92000007629
1463935023704424558,953,1463935023513105532,,0.0,4.92000007629
1463935023704463881,954,1463935023525676051,,0.0,4.92000007629
1463935023704501068,955,1463935023568044672,,0.0,4.92000007629
1463935023704537214,956,1463935023589089426,,0.0,4.92000007629
1463935023704573984,957,1463935023611628080,,0.0,4.92000007629
1463935023704609036,958,1463935023618909038,,0.0,4.92000007629
1463935023704644505,959,1463935023638920880,,0.0,4.92000007629
1463935023706786527,960,1463935023660469694,,0.0,4.80000019073
1463935023959947684,961,1463935023707361316,,0.0,4.92000007629
1463935023960006226,962,1463935023733373080,,0.0,4.92000007629
1463935023960041642,963,1463935023755320122,,0.0,4.92000007629
1463935023960655338,964,1463935023766170648,,0.0,5.15999984741
1463935023960710441,965,1463935023784223540,,0.0,4.92000007629
1463935023960746900,966,1463935023809428432,,0.0,4.92000007629
1463935023961149554,967,1463935023837959248,,0.0,5.03999996185
1463935023961449605,968,1463935023850399403,,0.0,5.03999996185
1463935023969728736,969,1463935023866294491,,0.0,4.92000007629
1463935023970050558,970,1463935023889421423,,0.0,4.92000007629
1463935023970620503,971,1463935023912622991,,0.0,4.92000007629
1463935023971036387,972,1463935023943987440,,0.0,4.92000007629
1463935023971094147,973,1463935023955033955,,0.0,4.92000007629
1463935024163936135,974,1463935023970783419,,0.0,4.92000007629
1463935024164214519,975,1463935023987584754,,0.0,4.92000007629
1463935024164261342,976,1463935024002515471,,0.0,4.92000007629
1463935024164447800,977,1463935024032455968,,0.0,4.92000007629
1463935024164492487,978,1463935024047741319,,0.0,5.28000020981
1463935024164759048,979,1463935024063283753,,0.0,4.92000007629
1463935024165262379,980,1463935024106443881,,0.0,5.03999996185
1463935024166913622,981,1463935024135700735,,0.0,4.92000007629
1463935024168763667,982,1463935024162786817,,0.0,5.03999996185
1463935024275704251,983,1463935024174678433,,0.0,4.92000007629
1463935024276040500,984,1463935024202860865,,0.0,4.80000019073
1463935024276092791,985,1463935024226819616,,0.0,4.92000007629
1463935024405259478,986,1463935024271692549,,0.0,4.92000007629
1463935024405298853,987,1463935024297805979,,0.0,4.92000007629
1463935024405566977,988,1463935024324854770,,0.0,4.92000007629
1463935024405943017,989,1463935024353290013,,0.0,4.92000007629
1463935024405991871,990,1463935024366212145,,0.0,4.92000007629
1463935024406533796,991,1463935024369929838,,0.0,4.92000007629
1463935024438975480,992,1463935024418159684,,0.0,4.92000007629
1463935024478474165,993,1463935024446072377,,0.0,4.80000019073
1463935024497731323,994,1463935024466882600,,0.0,4.80000019073
1463935024499436628,995,1463935024491233069,,0.0,4.80000019073
1463935024539497759,996,1463935024525642557,,0.0,4.92000007629
1463935024539906559,997,1463935024533929605,,0.0,4.92000007629
1463935024578893007,998,1463935024557212318,,0.0,4.92000007629
1463935024598699172,999,1463935024595513300,,0.0,4.92000007629
1463935024671506205,1000,1463935024647423183,,0.0,4.80000019073
1463935024672010265,1001,1463935024667045495,,0.0,4.92000007629
1463935024699176607,1002,1463935024693005852,,0.0,4.92000007629
1463935024726606646,1003,1463935024705492674,,0.0,4.92000007629
1463935024727012426,1004,1463935024724462697,,0.0,4.80000019073
1463935024745950470,1005,1463935024741983820,,0.0,4.92000007629
1463935024768848653,1006,1463935024761347227,,0.0,4.92000007629
1463935024804350168,1007,1463935024782771146,,0.0,4.92000007629
1463935024901483815,1008,1463935024835732013,,0.0,4.92000007629
1463935024901522721,1009,1463935024865957925,,0.0,4.80000019073
1463935024901862043,1010,1463935024883697745,,0.0,4.92000007629
1463935024902372665,1011,1463935024895948526,,0.0,4.80000019073
1463935024928140212,1012,1463935024911380804,,0.0,4.92000007629
1463935024955623740,1013,1463935024940530159,,0.0,4.92000007629
1463935025011383762,1014,1463935024989763281,,0.0,4.92000007629
1463935025056577267,1015,1463935025018704512,,0.0,4.80000019073
1463935025103359046,1016,1463935025042050766,,0.0,4.92000007629
1463935025103673680,1017,1463935025049235579,,0.0,4.92000007629
1463935025110917659,1018,1463935025079238628,,0.0,4.92000007629
1463935025116641749,1019,1463935025094791009,,0.0,4.92000007629
1463935025194724384,1020,1463935025146707142,,0.0,4.92000007629
1463935025195624276,1021,1463935025177862425,,0.0,4.92000007629
1463935025255417042,1022,1463935025207501986,,0.0,4.92000007629
1463935025255951206,1023,1463935025248861392,,0.0,4.92000007629
1463935025306157241,1024,1463935025297494726,,0.0,4.92000007629
1463935025386848355,1025,1463935025342405680,,0.0,4.92000007629
1463935025433218260,1026,1463935025386624345,,0.0,4.92000007629
1463935025442858792,1027,1463935025421021073,,0.0,4.80000019073
1463935025443254155,1028,1463935025430826552,,0.0,4.92000007629
1463935025457938624,1029,1463935025451660838,,0.0,4.92000007629
1463935025477833538,1030,1463935025468802900,,0.0,4.92000007629
1463935025493149879,1031,1463935025490268277,,0.0,4.92000007629
1463935025526617445,1032,1463935025520006431,,0.0,4.92000007629
1463935025564918166,1033,1463935025548659486,,0.0,4.92000007629
1463935025575598068,1034,1463935025572867403,,0.0,5.03999996185
1463935025596033294,1035,1463935025594075125,,0.0,4.92000007629
1463935025624584317,1036,1463935025617763774,,0.0,4.92000007629
1463935025656730638,1037,1463935025636709161,,0.0,4.92000007629
1463935025677890756,1038,1463935025666465545,,0.0,4.92000007629
1463935025703613719,1039,1463935025689839455,,0.0,4.92000007629
1463935025716639236,1040,1463935025711838996,,0.0,4.92000007629
1463935025750198989,1041,1463935025738508674,,0.0,4.92000007629
1463935025766356367,1042,1463935025761314931,,0.0,4.92000007629
1463935025792084851,1043,1463935025787615027,,0.0,4.92000007629
1463935025824628775,1044,1463935025816243133,,0.0,4.80000019073
1463935025872107061,1045,1463935025851495483,,0.0,4.92000007629
1463935025886942414,1046,1463935025880896034,,0.0,4.92000007629
1463935025928087447,1047,1463935025913627821,,0.0,4.92000007629
1463935025945829454,1048,1463935025939182868,,0.0,4.92000007629
1463935025976375990,1049,1463935025967919881,,0.0,4.92000007629
1463935026010463345,1050,1463935025999180632,,0.0,4.92000007629
1463935026041970085,1051,1463935026026411401,,0.0,4.92000007629
1463935026063916085,1052,1463935026055483829,,0.0,4.92000007629
1463935026114055298,1053,1463935026083368189,,0.0,4.92000007629
1463935026114464410,1054,1463935026108421572,,0.0,5.03999996185
1463935026144677562,1055,1463935026129325805,,0.0,4.80000019073
1463935026151553054,1056,1463935026145207144,,0.0,4.92000007629
1463935026169987350,1057,1463935026151623054,,0.0,4.92000007629
1463935026194270944,1058,1463935026177944712,,0.0,4.92000007629
1463935026219956043,1059,1463935026201699662,,0.0,4.92000007629
1463935026220034584,1060,1463935026208880725,,0.0,4.80000019073
1463935026254346260,1061,1463935026228996056,,0.0,4.92000007629
1463935026282751712,1062,1463935026269578487,,0.0,4.92000007629
1463935026298820914,1063,1463935026294061820,,0.0,4.92000007629
1463935026339278033,1064,1463935026325632101,,0.0,4.92000007629
1463935026339676885,1065,1463935026335769037,,0.0,4.92000007629
1463935026372979659,1066,1463935026366039533,,0.0,4.92000007629
1463935026560509378,1067,1463935026390987134,,0.0,4.80000019073
1463935026560544378,1068,1463935026415972601,,0.0,4.80000019073
1463935026560584013,1069,1463935026445172632,,0.0,4.92000007629
1463935026560620784,1070,1463935026469262633,,0.0,4.92000007629
1463935026560659221,1071,1463935026499206203,,0.0,4.92000007629
1463935026560906825,1072,1463935026530325810,,0.0,4.92000007629
1463935026792061565,1073,1463935026559016885,,0.0,4.80000019073
1463935026793759319,1074,1463935026591561589,,0.0,4.92000007629
1463935026794107703,1075,1463935026618651526,,0.0,4.92000007629
1463935026794369785,1076,1463935026644093448,,0.0,4.92000007629
1463935026795914778,1077,1463935026678560332,,0.0,4.92000007629
1463935026796496078,1078,1463935026707276876,,0.0,4.92000007629
1463935026796550192,1079,1463935026733969053,,0.0,4.92000007629
1463935026798797735,1080,1463935026766205478,,0.0,4.92000007629
1463935026803708859,1081,1463935026793758277,,0.0,4.92000007629
1463935027022927141,1082,1463935026824520437,,0.0,4.92000007629
1463935027034224384,1083,1463935026853230991,,0.0,4.92000007629
1463935027034571102,1084,1463935026881104883,,0.0,4.92000007629
1463935027034836048,1085,1463935026913308130,,0.0,4.92000007629
1463935027035074068,1086,1463935026940654264,,0.0,4.92000007629
1463935027035118235,1087,1463935026969351589,,0.0,4.80000019073
1463935027035552243,1088,1463935026996415483,,0.0,4.80000019073
1463935027038311346,1089,1463935027023579586,,0.0,4.80000019073
1463935027187312532,1090,1463935027056578768,,0.0,4.92000007629
1463935027187605551,1091,1463935027086484265,,0.0,4.92000007629
1463935027187910915,1092,1463935027114403364,,0.0,4.80000019073
1463935027201470909,1093,1463935027139187894,,0.0,4.80000019073
1463935027201568929,1094,1463935027170766092,,0.0,4.92000007629
1463935027201606898,1095,1463935027195752027,,0.0,4.92000007629
1463935027341947912,1096,1463935027225991846,,0.0,4.92000007629
1463935027341992912,1097,1463935027256084321,,0.0,4.92000007629
1463935027342405150,1098,1463935027284180555,,0.0,4.92000007629
1463935027343671915,1099,1463935027310466953,,0.0,4.80000019073
1463935027567421636,1100,1463935027345827792,,0.0,4.92000007629
1463935027567719656,1101,1463935027364662347,,0.0,4.92000007629
1463935027569993604,1102,1463935027388878962,,0.0,4.80000019073
1463935027572225678,1103,1463935027408586065,,0.0,4.80000019073
1463935027572520052,1104,1463935027430689304,,0.0,4.92000007629
1463935027572781301,1105,1463935027454823263,,0.0,4.92000007629
1463935027573040258,1106,1463935027478347954,,0.0,4.92000007629
1463935027573303798,1107,1463935027503432430,,0.0,4.92000007629
1463935027576347379,1108,1463935027526576394,,0.0,4.80000019073
1463935027577068886,1109,1463935027551672537,,0.0,4.80000019073
1463935027577121230,1110,1463935027574401814,,0.0,4.80000019073
1463935027987422444,1111,1463935027597802860,,0.0,4.92000007629
1463935027987785412,1112,1463935027616590592,,0.0,4.92000007629
1463935027988073535,1113,1463935027635038534,,0.0,4.92000007629
1463935027991070866,1114,1463935027655408395,,0.0,4.92000007629
1463935027991438313,1115,1463935027678586213,,0.0,4.92000007629
1463935027991719353,1116,1463935027698764095,,0.0,4.92000007629
1463935027993210649,1117,1463935027719725204,,0.0,4.92000007629
1463935027994823038,1118,1463935027743826559,,0.0,4.80000019073
1463935027997611099,1119,1463935027764602460,,0.0,4.80000019073
1463935027997925316,1120,1463935027784953050,,0.0,4.80000019073
1463935027998212971,1121,1463935027805549264,,0.0,4.92000007629
1463935027998515418,1122,1463935027827246515,,0.0,4.92000007629
1463935028001176865,1123,1463935027846970337,,0.0,4.92000007629
1463935028003652063,1124,1463935027873666368,,0.0,4.92000007629
1463935028003963207,1125,1463935027895108204,,0.0,5.03999996185
1463935028004252008,1126,1463935027915424679,,0.0,4.92000007629
1463935028004525653,1127,1463935027934261734,,0.0,4.92000007629
1463935028004790079,1128,1463935027957259709,,0.0,4.80000019073
1463935028005370857,1129,1463935027980357214,,0.0,4.80000019073
1463935028008402980,1130,1463935028003166127,,0.0,4.92000007629
1463935028944503717,1131,1463935028024839680,,0.0,4.92000007629
1463935028945480067,1132,1463935028046432817,,0.0,4.92000007629
1463935028945657254,1133,1463935028068742461,,0.0,4.92000007629
1463935028946620062,1134,1463935028089887475,,0.0,4.80000019073
1463935028948530367,1135,1463935028112864356,,0.0,4.80000019073
1463935028948589064,1136,1463935028132135524,,0.0,4.92000007629
1463935028948628595,1137,1463935028151707836,,0.0,4.80000019073
1463935028949700518,1138,1463935028173118109,,0.0,4.92000007629
1463935028949772497,1139,1463935028195364785,,0.0,4.92000007629
1463935028949814997,1140,1463935028214870847,,0.0,4.80000019073
1463935028949854111,1141,1463935028239170014,,0.0,4.92000007629
1463935028953442741,1142,1463935028257067750,,0.0,4.92000007629
1463935028954369092,1143,1463935028278701564,,0.0,4.67999982834
1463935028954428414,1144,1463935028300682251,,0.0,4.80000019073
1463935028954470497,1145,1463935028323191582,,0.0,4.80000019073
1463935028954507633,1146,1463935028343601286,,0.0,4.92000007629
1463935028954543883,1147,1463935028367931443,,0.0,4.92000007629
1463935028954578153,1148,1463935028389689631,,0.0,4.92000007629
1463935028954610757,1149,1463935028410742666,,0.0,4.92000007629
1463935028955593201,1150,1463935028431296797,,0.0,4.92000007629
1463935028955897418,1151,1463935028452823163,,0.0,4.92000007629
1463935028956121428,1152,1463935028473234847,,0.0,4.92000007629
1463935028956555020,1153,1463935028494259184,,0.0,4.92000007629
1463935028956602728,1154,1463935028517046326,,0.0,4.92000007629
1463935028956837258,1155,1463935028536552336,,0.0,4.92000007629
1463935028956883716,1156,1463935028558094484,,0.0,4.92000007629
1463935028957258194,1157,1463935028579616579,,0.0,4.92000007629
1463935028958290429,1158,1463935028600247637,,0.0,4.92000007629
1463935028958345481,1159,1463935028621496348,,0.0,4.92000007629
1463935028958385585,1160,1463935028642581570,,0.0,4.92000007629
1463935028958781052,1161,1463935028663828198,,0.0,4.80000019073
1463935028958841677,1162,1463935028686347946,,0.0,4.92000007629
1463935028958885583,1163,1463935028705934373,,0.0,4.80000019073
1463935028959029228,1164,1463935028727056678,,0.0,4.67999982834
1463935028959324748,1165,1463935028748851741,,0.0,4.80000019073
1463935028959544122,1166,1463935028769769673,,0.0,4.92000007629
1463935028959594226,1167,1463935028792054733,,0.0,4.92000007629
1463935028959630736,1168,1463935028816947231,,0.0,4.80000019073
1463935028960185525,1169,1463935028852068019,,0.0,4.92000007629
1463935028960250212,1170,1463935028864908224,,0.0,4.92000007629
1463935028960289483,1171,1463935028895356167,,0.0,4.80000019073
1463935028961595779,1172,1463935028907298772,,0.0,4.80000019073
1463935028961660831,1173,1463935028917555968,,0.0,4.80000019073
1463935029107046981,1174,1463935028946332720,,0.0,4.80000019073
1463935029107108387,1175,1463935028993236842,,0.0,4.92000007629
1463935029107153438,1176,1463935029008364694,,0.0,5.03999996185
1463935029107188490,1177,1463935029038466857,,0.0,5.03999996185
1463935029107224688,1178,1463935029069715942,,0.0,4.92000007629
1463935029124678259,1179,1463935029117128864,,0.0,4.80000019073
1463935029166806256,1180,1463935029160451179,,0.0,4.92000007629
1463935029185951070,1181,1463935029178989798,,0.0,4.92000007629
1463935029226979957,1182,1463935029212230020,,0.0,4.92000007629
1463935029227387143,1183,1463935029219297699,,0.0,4.80000019073
1463935029273674654,1184,1463935029252575785,,0.0,4.92000007629
1463935029323058817,1185,1463935029285218875,,0.0,4.92000007629
1463935029323558815,1186,1463935029311530638,,0.0,4.80000019073
1463935029363326041,1187,1463935029343387324,,0.0,4.92000007629
1463935029646752850,1188,1463935029375312761,,0.0,4.92000007629
1463935029647120505,1189,1463935029396927200,,0.0,4.92000007629
1463935029649038570,1190,1463935029416098159,,0.0,4.92000007629
1463935029649104611,1191,1463935029438183481,,0.0,4.92000007629
1463935029649148152,1192,1463935029457462826,,0.0,4.92000007629
1463935029652301733,1193,1463935029479752522,,0.0,4.92000007629
1463935029652627825,1194,1463935029502660081,,0.0,4.92000007629
1463935029652932042,1195,1463935029526939873,,0.0,4.92000007629
1463935029653228968,1196,1463935029551300289,,0.0,4.55999994278
1463935029656616506,1197,1463935029574732481,,0.0,4.92000007629
1463935029657004369,1198,1463935029598299672,,0.0,4.92000007629
1463935029657303326,1199,1463935029621561604,,0.0,4.92000007629
1463935029657763428,1200,1463935029642719013,,0.0,4.92000007629
1463935029934664484,1201,1463935029666123028,,0.0,4.92000007629
1463935029934723025,1202,1463935029690998338,,0.0,4.92000007629
1463935029934763285,1203,1463935029714360582,,0.0,4.92000007629
1463935029934966201,1204,1463935029738365375,,0.0,4.92000007629
1463935029935028961,1205,1463935029758102114,,0.0,5.03999996185
1463935029936279789,1206,1463935029789059013,,0.0,4.80000019073
1463935029941487892,1207,1463935029815430983,,0.0,4.92000007629
1463935029945804436,1208,1463935029834024497,,0.0,4.92000007629
1463935029945871050,1209,1463935029853742903,,0.0,4.92000007629
1463935029945913759,1210,1463935029875197446,,0.0,4.92000007629
1463935029945950581,1211,1463935029904646383,,0.0,4.92000007629
1463935029945988602,1212,1463935029928022429,,0.0,4.92000007629
1463935030244956230,1213,1463935029952713157,,0.0,4.80000019073
1463935030244991282,1214,1463935029977316541,,0.0,4.80000019073
1463935030245027376,1215,1463935030001495448,,0.0,4.92000007629
1463935030245072532,1216,1463935030027763409,,0.0,4.92000007629
1463935030245108521,1217,1463935030052258096,,0.0,4.92000007629
1463935030245151854,1218,1463935030074653208,,0.0,4.92000007629
1463935030245186073,1219,1463935030094140833,,0.0,4.92000007629
1463935030245219666,1220,1463935030117131256,,0.0,4.92000007629
1463935030245254718,1221,1463935030139334286,,0.0,4.92000007629
1463935030245289145,1222,1463935030160931641,,0.0,4.92000007629
1463935030245321958,1223,1463935030182838996,,0.0,4.80000019073
1463935030245355083,1224,1463935030205166713,,0.0,4.92000007629
1463935030250309384,1225,1463935030228966351,,0.0,4.92000007629
1463935030286337928,1226,1463935030250929798,,0.0,4.80000019073
1463935030286805374,1227,1463935030272855486,,0.0,4.80000019073
1463935030299065270,1228,1463935030295267890,,0.0,4.92000007629
1463935030325794947,1229,1463935030317472014,,0.0,4.92000007629
1463935030343349299,1230,1463935030339886918,,0.0,4.80000019073
1463935030368194349,1231,1463935030365891026,,0.0,4.92000007629
1463935030393196430,1232,1463935030389847225,,0.0,4.92000007629
1463935030416469663,1233,1463935030413839831,,0.0,4.92000007629
1463935030438998630,1234,1463935030436617702,,0.0,4.80000019073
1463935030462443998,1235,1463935030460296768,,0.0,4.92000007629
1463935030502444192,1236,1463935030481421782,,0.0,4.92000007629
1463935030506101572,1237,1463935030503319761,,0.0,4.92000007629
1463935030540766059,1238,1463935030524672795,,0.0,4.92000007629
1463935030552883299,1239,1463935030547820248,,0.0,4.92000007629
1463935030574833049,1240,1463935030572621183,,0.0,4.07999992371
1463935030603019595,1241,1463935030600956843,,0.0,4.92000007629
1463935030627523344,1242,1463935030623995755,,0.0,4.92000007629
1463935030648830128,1243,1463935030646527742,,0.0,4.92000007629
1463935030671619510,1244,1463935030668439732,,0.0,4.80000019073
1463935030697144557,1245,1463935030694598110,,0.0,4.92000007629
1463935030720803727,1246,1463935030717908791,,0.0,4.92000007629
1463935030743628890,1247,1463935030741329837,,0.0,5.03999996185
1463935030773330325,1248,1463935030769778570,,0.0,4.92000007629
1463935030802918220,1249,1463935030798659279,,0.0,4.92000007629
1463935030828502902,1250,1463935030823541673,,0.0,4.92000007629
1463935030850765463,1251,1463935030845609704,,0.0,4.92000007629
1463935030870702721,1252,1463935030867669661,,0.0,4.92000007629
1463935030893415124,1253,1463935030891344925,,0.0,4.80000019073
1463935030916425755,1254,1463935030914106911,,0.0,4.92000007629
1463935030941748147,1255,1463935030939253783,,0.0,4.92000007629
1463935030964856642,1256,1463935030962945400,,0.0,4.92000007629
1463935030991404393,1257,1463935030985151920,,0.0,4.92000007629
1463935031050604817,1258,1463935031006311673,,0.0,4.92000007629
1463935031050646275,1259,1463935031025815600,,0.0,4.92000007629
1463935031060811700,1260,1463935031047725454,,0.0,0.239999994636
1463935031072746962,1261,1463935031070362545,,0.827605366707,5.03999996185
1463935031096883577,1262,1463935031094631764,,0.0,5.03999996185
1463935031130784318,1263,1463935031118211351,,0.0,4.92000007629
1463935031143255567,1264,1463935031141160992,,0.0,4.92000007629
1463935031170900136,1265,1463935031165993386,,0.901719272137,4.92000007629
1463935031202271512,1266,1463935031189798545,,0.901719272137,4.92000007629
1463935031218834879,1267,1463935031212849227,,0.0,4.80000019073
1463935031264738901,1268,1463935031236417408,,0.0,4.92000007629
1463935031265165202,1269,1463935031257446901,,0.0,4.92000007629
1463935031293909193,1270,1463935031280412689,,0.931669652462,4.92000007629
1463935031304497377,1271,1463935031302609937,,0.931669652462,4.80000019073
1463935031330570235,1272,1463935031324919061,,0.0,4.92000007629
1463935031355557524,1273,1463935031346000429,,0.0,4.80000019073
1463935031376107123,1274,1463935031366605393,,0.0,4.92000007629
1463935031400732747,1275,1463935031388001864,,0.0,4.92000007629
1463935031415469403,1276,1463935031409200107,,0.969626545906,4.92000007629
1463935031443506887,1277,1463935031431646834,,0.0,4.92000007629
1463935031456437040,1278,1463935031453768822,,0.0,4.92000007629
1463935031479631785,1279,1463935031474178943,,0.0,4.92000007629
1463935031506148703,1280,1463935031497474365,,0.989165604115,4.92000007629
1463935031521813219,1281,1463935031518790107,,0.0,4.92000007629
1463935031556344842,1282,1463935031539373613,,0.0,4.92000007629
1463935031566328029,1283,1463935031561711486,,0.0,4.92000007629
1463935031590686674,1284,1463935031583252383,,0.0,4.92000007629
1463935031619192907,1285,1463935031604906353,,1.00821244717,4.92000007629
1463935031628424534,1286,1463935031625963711,,0.0,6.23999977112
1463935031651679955,1287,1463935031647106902,,1.00691986084,4.92000007629
1463935031672016535,1288,1463935031669365453,,0.0,3.83999991417
1463935031694483783,1289,1463935031692179991,,1.0293545723,4.92000007629
1463935031720673046,1290,1463935031713638180,,0.0,4.92000007629
1463935031738719479,1291,1463935031736615998,,1.04859483242,4.92000007629
1463935031763048906,1292,1463935031758549811,,0.0,4.92000007629
1463935031782956582,1293,1463935031781095600,,1.0293545723,4.92000007629
1463935031809909435,1294,1463935031803970086,,0.0,4.92000007629
1463935031830681690,1295,1463935031826229834,,1.04719662666,4.92000007629
1463935031908044953,1296,1463935031847014693,,0.0,4.92000007629
1463935031908095734,1297,1463935031866273205,,1.06856799126,4.92000007629
1463935031908495576,1298,1463935031887010720,,0.0,4.92000007629
1463935031946554841,1299,1463935031907591674,,1.06856799126,4.92000007629
1463935031946923485,1300,1463935031929425174,,0.0,4.92000007629
1463935031958340103,1301,1463935031951674662,,0.0,4.55999994278
1463935031983396558,1302,1463935031969221254,,1.07002389431,4.55999994278
1463935032002531841,1303,1463935031999960966,,1.09234702587,5.88000011444
1463935032045105825,1304,1463935032037658566,,0.0,4.80000019073
1463935032109651331,1305,1463935032101404595,,1.09386837482,4.92000007629
1463935032167730562,1306,1463935032163332716,,1.11720836163,4.92000007629
1463935032228845977,1307,1463935032198194077,,1.11720836163,4.92000007629
1463935032261210214,1308,1463935032246559547,,0.0,4.92000007629
1463935032261363703,1309,1463935032258325799,,0.0,4.80000019073
1463935032301548427,1310,1463935032295274704,,0.0,4.92000007629
1463935032331506372,1311,1463935032327334150,,1.14156615734,4.92000007629
1463935032374423584,1312,1463935032364693834,,1.16874623299,4.92000007629
1463935032406169073,1313,1463935032395816253,,0.0,3.83999991417
1463935032417230693,1314,1463935032407942399,,1.14156615734,4.92000007629
1463935032447137909,1315,1463935032442650428,,0.0,6.23999977112
1463935032463071851,1316,1463935032454784699,,1.17048811913,3.48000001907
1463935032478648816,1317,1463935032470750829,,1.17048811913,3.48000001907
1463935032500850804,1318,1463935032496769207,,1.17048811913,4.92000007629
1463935032548657527,1319,1463935032533744309,,1.16874623299,4.92000007629
1463935032565076884,1320,1463935032559878625,,0.0,4.92000007629
1463935032578169848,1321,1463935032576115430,,1.16700971127,4.92000007629
1463935032600382045,1322,1463935032595342796,,0.0,4.92000007629
1463935032628686299,1323,1463935032615084951,,1.19543004036,4.92000007629
1463935032645119093,1324,1463935032637961728,,0.0,4.92000007629
1463935032661750949,1325,1463935032658888305,,1.16700971127,4.80000019073
1463935032686121262,1326,1463935032678048380,,0.0,4.80000019073
1463935032702884628,1327,1463935032697164236,,1.19725227356,4.92000007629
1463935032816262789,1328,1463935032737625208,,1.19543004036,4.92000007629
1463935032817400284,1329,1463935032760776203,,1.19543004036,4.92000007629
1463935032817813980,1330,1463935032782757099,,1.19543004036,4.92000007629
1463935032818293978,1331,1463935032803335396,,1.19543004036,4.80000019073
1463935032834066046,1332,1463935032824269734,,1.22336053848,4.92000007629
1463935032847470364,1333,1463935032844680480,,0.0,4.80000019073
1463935032867973401,1334,1463935032865093986,,1.22910404205,4.80000019073
1463935032887793525,1335,1463935032884295727,,0.0,6.23999977112
1463935032926664400,1336,1463935032905443553,,1.1990801096,4.92000007629
1463935032927207106,1337,1463935032922871552,,1.22910404205,4.92000007629
1463935032955357663,1338,1463935032942945216,,1.22910404205,4.92000007629
1463935032972616235,1339,1463935032961442793,,1.22910404205,4.92000007629
1463935033023692683,1340,1463935032980812242,,1.2271835804,4.80000019073
1463935033024451326,1341,1463935032999574297,,1.2271835804,4.92000007629
1463935033075627617,1342,1463935033024295806,,1.2271835804,4.92000007629
1463935033076160740,1343,1463935033052130426,,0.0,4.92000007629
1463935033092917804,1344,1463935033076663186,,1.22910404205,4.92000007629
1463935033122851686,1345,1463935033105868478,,1.2271835804,4.92000007629
1463935033186729955,1346,1463935033140389580,,1.26067018509,4.92000007629
1463935033198190427,1347,1463935033188204480,,1.25663602352,4.92000007629
1463935033249939112,1348,1463935033245794807,,1.28965103626,4.92000007629
1463935033352881224,1349,1463935033285975520,,1.25462853909,4.92000007629
1463935033352921536,1350,1463935033313454882,,0.0,4.32000017166
1463935033352957786,1351,1463935033336787022,,1.28965103626,4.92000007629
1463935033365608253,1352,1463935033363262325,,1.2854295969,4.92000007629
1463935033397829625,1353,1463935033392443346,,1.2854295969,4.92000007629
1463935033429927457,1354,1463935033425151019,,0.0,4.80000019073
1463935033462231433,1355,1463935033452605537,,1.29177224636,4.92000007629
1463935033483842018,1356,1463935033481625517,,1.28753685951,4.92000007629
1463935033516363598,1357,1463935033513366006,,1.2854295969,4.92000007629
1463935033547167529,1358,1463935033542970932,,0.0,4.92000007629
1463935033593453581,1359,1463935033586662464,,1.32221806049,6.11999988556
1463935033632449247,1360,1463935033622669966,,1.32444775105,4.80000019073
1463935033658143200,1361,1463935033640604837,,1.32444775105,5.88000011444
1463935033658216377,1362,1463935033647521683,,0.0,5.88000011444
1463935033677863793,1363,1463935033666237697,,1.28965103626,4.92000007629
1463935033693974088,1364,1463935033688719788,,1.28965103626,5.88000011444
1463935033713534265,1365,1463935033706228203,,1.32444775105,4.92000007629
1463935033734601102,1366,1463935033726323429,,0.0,5.15999984741
1463935033746906414,1367,1463935033744043926,,1.28965103626,4.67999982834
1463935033766657163,1368,1463935033763221709,,0.0,4.92000007629
1463935033785510989,1369,1463935033783013760,,1.35881924629,5.76000022888
1463935033830298506,1370,1463935033813749722,,1.32221806049,5.76000022888
1463935033839432946,1371,1463935033832660735,,0.0,4.92000007629
1463935033877473564,1372,1463935033847949732,,1.31778109074,4.92000007629
1463935033877933614,1373,1463935033868203708,,1.36117422581,5.76000022888
1463935033914611791,1374,1463935033890223093,,1.36117422581,4.80000019073
1463935033914796217,1375,1463935033903026320,,1.36353731155,4.80000019073
1463935033935700190,1376,1463935033923441336,,1.31337380409,3.96000003815
1463935033962805283,1377,1463935033946887070,,0.0,4.92000007629
1463935033998709660,1378,1463935033966683339,,1.31999576092,5.28000020981
1463935033999170909,1379,1463935033989040743,,1.35881924629,4.92000007629
1463935034016658438,1380,1463935034003324172,,1.35881924629,4.92000007629
1463935034070190449,1381,1463935034032053633,,1.35180294514,4.92000007629
1463935034102120989,1382,1463935034067705980,,1.35881924629,4.92000007629
1463935034116907541,1383,1463935034097653508,,1.35881924629,4.80000019073
1463935034156030082,1384,1463935034139599683,,0.0,4.92000007629
1463935034185063239,1385,1463935034168022843,,1.36353731155,4.92000007629
1463935034215445609,1386,1463935034212725829,,1.35647237301,4.92000007629
1463935034259834065,1387,1463935034255991269,,1.35647237301,5.51999998093
1463935034300915400,1388,1463935034295060321,,0.0,3.59999990463
1463935034341884391,1389,1463935034332113808,,1.35413360596,4.92000007629
1463935034379439387,1390,1463935034365290906,,1.39008402824,4.07999992371
1463935034395644891,1391,1463935034392707663,,1.39008402824,4.92000007629
1463935034422223631,1392,1463935034403343503,,1.39008402824,4.80000019073
1463935034422793785,1393,1463935034415794804,,1.39502215385,4.80000019073
1463935034445632646,1394,1463935034440806520,,1.39502215385,4.92000007629
1463935034490205059,1395,1463935034468029008,,1.35413360596,4.92000007629
1463935034571627524,1396,1463935034490280632,,1.39254879951,4.92000007629
1463935034571939553,1397,1463935034513446054,,1.39254879951,5.15999984741
1463935034572219761,1398,1463935034537093192,,1.39254879951,5.15999984741
1463935034572675696,1399,1463935034561078662,,0.0,4.92000007629
1463935034693740231,1400,1463935034584095856,,1.39502215385,4.80000019073
1463935034694017052,1401,1463935034605354931,,1.39750444889,4.80000019073
1463935034694314082,1402,1463935034630543678,,0.0,6.59999990463
1463935034698049796,1403,1463935034652021451,,1.39254879951,3.96000003815
1463935034698532241,1404,1463935034674763176,,1.39502215385,4.92000007629
1463935035116333059,1405,1463935034700490046,,1.39254879951,4.92000007629
1463935035116697537,1406,1463935034721994745,,1.43059659004,4.80000019073
1463935035118328676,1407,1463935034744359233,,1.39502215385,4.92000007629
1463935035118674924,1408,1463935034766103932,,1.39502215385,4.92000007629
1463935035118957215,1409,1463935034787639933,,1.39502215385,4.92000007629
1463935035120710176,1410,1463935034811142489,,1.39254879951,6.23999977112
1463935035121086268,1411,1463935034832256774,,1.39008402824,4.92000007629
1463935035122805792,1412,1463935034852663509,,1.42799544334,3.24000000954
1463935035123094072,1413,1463935034873937012,,1.42540383339,3.24000000954
1463935035125715207,1414,1463935034895222078,,1.42540383339,4.80000019073
1463935035126104893,1415,1463935034917517347,,1.38762807846,4.92000007629
1463935035126436245,1416,1463935034938138509,,1.39999556541,4.80000019073
1463935035129068734,1417,1463935034960614454,,1.40249550343,4.92000007629
1463935035129407118,1418,1463935034981561292,,1.43059659004,4.92000007629
1463935035129682377,1419,1463935035004280361,,1.43320715427,5.28000020981
1463935035129970813,1420,1463935035027366356,,1.39502215385,4.92000007629
1463935035132593146,1421,1463935035048707880,,1.42799544334,4.92000007629
1463935035132995957,1422,1463935035071131898,,1.42799544334,4.92000007629
1463935035133516423,1423,1463935035093399355,,1.43582725525,4.92000007629
1463935035137214376,1424,1463935035116224570,,1.42282152176,5.15999984741
1463935035747102602,1425,1463935035138816713,,0.0,4.92000007629
1463935035758516303,1426,1463935035159235428,,1.42540383339,4.80000019073
1463935035761213323,1427,1463935035181052783,,1.43320715427,4.07999992371
1463935035761280354,1428,1463935035201686080,,0.0,5.40000009537
1463935035761460978,1429,1463935035232224647,,1.4680327177,4.92000007629
1463935035761539467,1430,1463935035252805549,,1.43059659004,4.92000007629
1463935035761659936,1431,1463935035274055979,,1.43059659004,4.92000007629
1463935035761724727,1432,1463935035295289794,,1.43320715427,4.92000007629
1463935035761759519,1433,1463935035316586578,,1.43059659004,4.92000007629
1463935035761796341,1434,1463935035343137090,,1.43059659004,4.80000019073
1463935035761831758,1435,1463935035364139656,,1.43059659004,4.92000007629
1463935035761866289,1436,1463935035385472325,,1.47354125977,5.63999986649
1463935035761901080,1437,1463935035408097906,,0.0,4.92000007629
1463935035761935820,1438,1463935035432261448,,1.43845701218,4.92000007629
1463935035761969518,1439,1463935035453999480,,1.43320715427,6.84000015259
1463935035762004778,1440,1463935035479482392,,1.43582725525,4.92000007629
1463935035762039153,1441,1463935035506947639,,1.47354125977,4.80000019073
1463935035762073788,1442,1463935035531009411,,1.43845701218,4.92000007629
1463935035774508162,1443,1463935035553888116,,1.43582725525,4.67999982834
1463935035799151077,1444,1463935035576782289,,1.47631108761,4.92000007629
1463935035800788206,1445,1463935035601499787,,1.43320715427,4.67999982834
1463935035800849247,1446,1463935035626174838,,1.51328992844,4.80000019073
1463935035803102988,1447,1463935035649939320,,1.51328992844,4.80000019073
1463935035803180748,1448,1463935035673900415,,1.48188209534,3.83999991417
1463935035803432726,1449,1463935035696483808,,1.48188209534,4.92000007629
1463935035803492621,1450,1463935035724727802,,1.47909128666,4.92000007629
1463935035804416524,1451,1463935035747029061,,1.47909128666,4.92000007629
1463935035804466263,1452,1463935035775893364,,1.43320715427,4.92000007629
1463935035806610212,1453,1463935035799908783,,1.47631108761,3.59999990463
1463935037881364050,1454,1463935035824522427,,1.42799544334,4.92000007629
1463935037881638059,1455,1463935035847441444,,1.42799544334,4.92000007629
1463935037881890454,1456,1463935035871837433,,1.43059659004,4.92000007629
1463935037882147745,1457,1463935035896414099,,1.39502215385,4.92000007629
1463935037882412223,1458,1463935035923645858,,1.43320715427,4.92000007629
1463935037882691440,1459,1463935035946691228,,1.43320715427,4.92000007629
1463935037885689084,1460,1463935035969565245,,1.39254879951,4.92000007629
1463935037886032051,1461,1463935035993602798,,1.39254879951,4.55999994278
1463935037886332727,1462,1463935036018211964,,1.39502215385,4.80000019073
1463935037886659809,1463,1463935036043023576,,1.39502215385,4.67999982834
1463935037886967255,1464,1463935036065549678,,0.0,4.80000019073
1463935037889478078,1465,1463935036091202068,,1.35881924629,4.80000019073
1463935037891143904,1466,1463935036117063520,,1.39750444889,3.83999991417
1463935037891474267,1467,1463935036141628363,,1.35647237301,3.83999991417
1463935037891747912,1468,1463935036165697010,,0.0,3.96000003815
1463935037892053588,1469,1463935036187601500,,1.35881924629,2.40000009537
1463935037892364368,1470,1463935036212100822,,1.35180294514,2.03999996185
1463935037892659887,1471,1463935036247038381,,1.35647237301,-0.0
1463935037895000711,1472,1463935036274284046,,0.0,1.44000005722
1463935037896406382,1473,1463935036297352333,,1.28965103626,-1.32000005245
1463935037896736432,1474,1463935036322153998,,1.32221806049,-2.16000008583
1463935037897015650,1475,1463935036344595725,,1.32221806049,-2.75999999046
1463935037897275440,1476,1463935036372024149,,1.31778109074,-3.24000000954
1463935037897532471,1477,1463935036395103269,,1.28753685951,-4.80000019073
1463935037897796428,1478,1463935036416939582,,1.28753685951,-4.80000019073
1463935037898052104,1479,1463935036439972817,,1.25864982605,-4.80000019073
1463935037898325644,1480,1463935036464009693,,1.25262761116,-4.80000019073
1463935037898585122,1481,1463935036487292458,,1.25063300133,-7.67999982834
1463935037900806988,1482,1463935036512287299,,1.28753685951,-8.15999984741
1463935037901115320,1483,1463935036536575060,,0.0,-8.03999996185
1463935037901356725,1484,1463935036559092099,,1.25462853909,-8.39999961853
1463935037901620422,1485,1463935036587381249,,0.0,-8.15999984741
1463935037903146145,1486,1463935036612236560,,1.22145795822,-9.72000026703
1463935037904702752,1487,1463935036635993333,,1.19180202484,-10.4399995804
1463935037905043689,1488,1463935036659215213,,1.19361317158,-10.4399995804
1463935037905312750,1489,1463935036683084850,,0.0,-11.3999996185
1463935037905577957,1490,1463935036706830738,,1.19361317158,-11.8800001144
1463935037905836758,1491,1463935036732761148,,0.0,-11.8800001144
1463935037906086809,1492,1463935036760979882,,1.16874623299,-12.4799995422
1463935037907543105,1493,1463935036784548167,,0.0,-12.8400001526
1463935037907818885,1494,1463935036809633528,,1.11720836163,-12.8400001526
1463935037908087842,1495,1463935036832226192,,0.0,-13.3199996948
1463935037908350758,1496,1463935036854258754,,0.0,-14.0399999619
1463935037908591850,1497,1463935036878289016,,0.0,-14.3999996185
1463935037908858828,1498,1463935036902457350,,1.07148361206,-14.6400003433
1463935037910578040,1499,1463935036927485889,,1.0280071497,-14.7600002289
1463935037910880226,1500,1463935036954375253,,0.0,-14.8800001144
1463935037911138194,1501,1463935036978049943,,0.0,-15.2399997711
1463935037911394859,1502,1463935037003080566,,1.0293545723,-15.2399997711
1463935037911654910,1503,1463935037024714484,,0.0,-17.0400009155
1463935037913074488,1504,1463935037048093238,,0.986680269241,-15.8400001526
1463935037913423705,1505,1463935037072438030,,0.0,-17.3999996185
1463935037913748599,1506,1463935037095984439,,0.0,-15.720000267
1463935037914056671,1507,1463935037122449482,,0.0,-15.9600000381
1463935037915734893,1508,1463935037147742499,,0.0,-16.2000007629
1463935037916034371,1509,1463935037168879492,,0.0,-16.2000007629
1463935037916311401,1510,1463935037193021576,,0.915381729603,-16.2000007629
1463935037917915925,1511,1463935037215899656,,0.0,-16.6800003052
1463935037918250247,1512,1463935037243191987,,0.0,-16.6800003052
1463935037919756074,1513,1463935037265627308,,0.0,-16.6800003052
1463935037920409248,1514,1463935037292307454,,0.0,-16.4400005341
1463935037920752163,1515,1463935037318232812,,0.0,-17.2800006866
1463935037921024610,1516,1463935037342654895,,0.0,-17.5200004578
1463935037921281588,1517,1463935037366826406,,0.0,-17.1599998474
1463935037921534399,1518,1463935037388921728,,0.0,-15.3599996567
1463935037921804971,1519,1463935037415323699,,0.0,-18.1200008392
1463935037922071637,1520,1463935037445705652,,0.0,-17.6399993896
1463935037922379500,1521,1463935037469992059,,0.852766036987,-18.7199993134
1463935037922683717,1522,1463935037496607310,,0.0,-18.7199993134
1463935037922970226,1523,1463935037519659347,,0.0,-19.2000007629
1463935037923248246,1524,1463935037546305118,,0.0,-19.0799999237
1463935037923530172,1525,1463935037569756424,,0.0,-19.2000007629
1463935037923810744,1526,1463935037593269605,,0.0,-19.4400005341
1463935037926624117,1527,1463935037615885133,,0.780713200569,-19.5599994659
1463935037928321089,1528,1463935037639544094,,0.0,-19.6800003052
1463935037930034988,1529,1463935037666244605,,0.0,-19.6800003052
1463935037930454465,1530,1463935037689819088,,0.0,-19.5599994659
1463935037930753422,1531,1463935037713577528,,0.779937922955,-19.6800003052
1463935037932280812,1532,1463935037736985657,,0.0,-19.6800003052
1463935037932547373,1533,1463935037764442415,,0.0,-19.5599994659
1463935037932805757,1534,1463935037787148724,,0.0,-20.1599998474
1463935037933047683,1535,1463935037812144554,,0.779937922955,-20.5200004578
1463935037933296641,1536,1463935037846531126,,0.0,-20.5200004578
1463935037933581848,1537,1463935037874445694,,0.779937922955,-20.7600002289
1463935037936604491,1538,1463935037905823477,,0.0,-21.4799995422
1463935039509280528,1539,1463935037937301676,,0.0,-21.4799995422
1463935039509649953,1540,1463935037968496907,,0.0,-21.4799995422
1463935039509914692,1541,1463935037998765788,,0.0,-21.0
1463935039511953173,1542,1463935038031045494,,0.0,-21.4799995422
1463935039525464156,1543,1463935038064668735,,0.0,-21.4799995422
1463935039527125660,1544,1463935038093033562,,0.0,-21.4799995422
1463935039527181857,1545,1463935038124498636,,0.0,-21.4799995422
1463935039528879819,1546,1463935038156066313,,0.0,-21.4799995422
1463935039529216640,1547,1463935038190000595,,0.0,-21.4799995422
1463935039530729186,1548,1463935038227828663,,0.0,-21.4799995422
1463935039531213663,1549,1463935038258696135,,0.0,-21.3600006104
1463935039531264184,1550,1463935038288257206,,0.0,-21.4799995422
1463935039531359444,1551,1463935038317483904,,0.0,-21.4799995422
1463935039531411162,1552,1463935038349669861,,0.0,-21.3600006104
1463935039531462360,1553,1463935038378720726,,0.0,-21.3600006104
1463935039531514235,1554,1463935038414814842,,0.0,-21.6000003815
1463935039535577342,1555,1463935038446451947,,0.0,-21.3600006104
1463935039535967653,1556,1463935038479118890,,0.0,-21.0
1463935039536243069,1557,1463935038510389903,,0.0,-21.1200008392
1463935039536574474,1558,1463935038547016100,,0.0,-21.1200008392
1463935039536623536,1559,1463935038577905603,,0.0,-21.0
1463935039538400664,1560,1463935038612226915,,0.0,4.80000019073
1463935039538458424,1561,1463935038647332755,,0.0,4.80000019073
1463935039545184905,1562,1463935038678005957,,0.0,4.80000019073
1463935039545244801,1563,1463935038713637784,,0.0,4.80000019073
1463935039548325100,1564,1463935038744640620,,0.0,4.80000019073
1463935039548385777,1565,1463935038777132877,,0.0,4.92000007629
1463935039548728692,1566,1463935038806218429,,0.0,4.80000019073
1463935039548972285,1567,1463935038839749224,,0.0,4.80000019073
1463935039549216086,1568,1463935038872150439,,0.0,4.80000019073
1463935039549437544,1569,1463935038904371760,,0.0,4.80000019073
1463935039552113678,1570,1463935038936169020,,0.0,4.80000019073
1463935039552397479,1571,1463935038966867690,,0.0,4.92000007629
1463935039552667582,1572,1463935038997530424,,0.0,4.80000019073
1463935039552945706,1573,1463935039032756940,,0.0,4.92000007629
1463935039553262527,1574,1463935039064569304,,0.0,4.80000019073
1463935039553546641,1575,1463935039096297085,,0.0,4.80000019073
1463935039553812160,1576,1463935039128489604,,0.0,4.80000019073
1463935039554077367,1577,1463935039163283778,,0.0,4.92000007629
1463935039556546888,1578,1463935039195594317,,0.0,4.80000019073
1463935039556595534,1579,1463935039236406017,,0.0,4.92000007629
1463935039556781158,1580,1463935039265800579,,0.0,4.92000007629
1463935039557093969,1581,1463935039295776180,,0.0,4.80000019073
1463935039558685889,1582,1463935039325824750,,0.0,4.80000019073
1463935039559043180,1583,1463935039358822629,,0.0,4.92000007629
1463935039559355574,1584,1463935039394392633,,0.0,4.92000007629
1463935039559625469,1585,1463935039427227910,,0.0,4.80000019073
1463935039559877447,1586,1463935039459669854,,0.0,4.80000019073
1463935039560444371,1587,1463935039489192645,,0.0,4.80000019073
1463935039562765559,1588,1463935039520390428,,0.0,4.80000019073
1463935039563375869,1589,1463935039553683411,,0.0,5.15999984741
1463935040393088572,1590,1463935039579917778,,0.0,4.92000007629
1463935040393140603,1591,1463935039602103673,,0.0,4.92000007629
1463935040393430498,1592,1463935039626723776,,0.0,4.80000019073
1463935040393694976,1593,1463935039653578505,,0.0,4.92000007629
1463935040393933204,1594,1463935039676948300,,0.0,4.92000007629
1463935040394206015,1595,1463935039699619870,,0.0,4.80000019073
1463935040394471743,1596,1463935039723767163,,0.0,4.92000007629
1463935040394719555,1597,1463935039747800081,,0.0,4.92000007629
1463935040394950699,1598,1463935039778120107,,0.0,4.80000019073
1463935040395191376,1599,1463935039806325508,,0.0,4.80000019073
1463935040395438041,1600,1463935039835370175,,0.0,4.80000019073
1463935040395485853,1601,1463935039864976924,,0.0,4.92000007629
1463935040395740436,1602,1463935039896963558,,0.0,4.80000019073
1463935040396007101,1603,1463935039925882705,,0.0,4.92000007629
1463935040396284340,1604,1463935039961507761,,0.0,4.80000019073
1463935040396581786,1605,1463935039992798565,,0.0,4.80000019073
1463935040396883660,1606,1463935040023598798,,0.0,4.92000007629
1463935040397177200,1607,1463935040051050086,,0.0,5.03999996185
1463935040397478345,1608,1463935040078838197,,0.0,4.80000019073
1463935040397760323,1609,1463935040113455184,,0.0,4.92000007629
1463935040398081051,1610,1463935040146561918,,0.0,4.80000019073
1463935040398125998,1611,1463935040185508626,,0.0,4.92000007629
1463935040398393289,1612,1463935040226986938,,0.0,4.80000019073
1463935040398667611,1613,1463935040259855548,,0.0,4.80000019073
1463935040398961307,1614,1463935040294795138,,0.0,4.92000007629
1463935040399256462,1615,1463935040326115473,,0.0,4.92000007629
1463935040410330217,1616,1463935040363678229,,0.0,4.92000007629
1463935040411026829,1617,1463935040396502932,,0.0,4.80000019073
1463935040535400411,1618,1463935040444193406,,0.0,4.92000007629
1463935040535667337,1619,1463935040492574397,,0.0,4.92000007629
1463935040559244841,1620,1463935040534265052,,0.0,4.80000019073
1463935040595218072,1621,1463935040579613347,,0.0,4.92000007629
1463935040653177825,1622,1463935040596644993,,0.0,4.80000019073
1463935040653349491,1623,1463935040632485621,,0.0,4.92000007629
1463935040690967663,1624,1463935040662300806,,0.0,4.80000019073
1463935040710905338,1625,1463935040684509253,,0.0,4.92000007629
1463935040747796326,1626,1463935040707094677,,0.0,4.80000019073
1463935040748245022,1627,1463935040723120807,,0.0,5.15999984741
1463935040763686467,1628,1463935040741562655,,0.0,4.92000007629
1463935040773396790,1629,1463935040761555799,,0.0,4.80000019073
1463935040796703982,1630,1463935040793454256,,0.0,4.92000007629
1463935040852193328,1631,1463935040819599926,,0.0,4.80000019073
1463935040852708065,1632,1463935040845512159,,0.0,4.92000007629
1463935040895681788,1633,1463935040871180643,,0.0,4.80000019073
1463935040896001370,1634,1463935040886782555,,0.0,4.80000019073
1463935040918591429,1635,1463935040913249786,,0.0,4.92000007629
1463935040926347230,1636,1463935040924632654,,0.0,4.80000019073
1463935040954681744,1637,1463935040945449179,,0.0,4.80000019073
1463935040986668847,1638,1463935040979974813,,0.0,4.80000019073
1463935041034414632,1639,1463935041005531214,,0.0,4.92000007629
1463935041035007598,1640,1463935041027924191,,0.0,4.80000019073
1463935041057901719,1641,1463935041055810739,,0.0,4.92000007629
1463935041100323934,1642,1463935041091323295,,0.0,4.80000019073
1463935041133013273,1643,1463935041129635944,,0.0,4.80000019073
1463935041176168557,1644,1463935041168475101,,0.0,4.80000019073
1463935041206627750,1645,1463935041198658774,,0.0,4.92000007629
1463935041259414712,1646,1463935041250664124,,0.0,4.80000019073
1463935041294370760,1647,1463935041286525794,,0.0,4.92000007629
1463935041349520577,1648,1463935041323274595,,0.0,4.80000019073
1463935041350347136,1649,1463935041335598397,,0.0,4.80000019073
1463935041367414198,1650,1463935041354068943,,0.0,4.80000019073
1463935041400194475,1651,1463935041378945815,,0.0,4.80000019073
1463935041401317022,1652,1463935041394799550,,0.0,4.92000007629
1463935041450764363,1653,1463935041440699197,,0.0,4.92000007629
1463935041487780142,1654,1463935041468451735,,0.0,4.92000007629
1463935041537369253,1655,1463935041517787409,,0.0,4.92000007629
1463935041537423419,1656,1463935041526072791,,0.0,4.80000019073
1463935041564218357,1657,1463935041559450408,,0.0,4.92000007629
1463935041574526594,1658,1463935041568504380,,0.0,4.80000019073
1463935041614024185,1659,1463935041587829714,,0.0,4.80000019073
1463935041614583610,1660,1463935041607899941,,0.0,4.92000007629
1463935041634227849,1661,1463935041626908557,,0.0,4.92000007629
1463935041648031644,1662,1463935041643581246,,0.0,4.80000019073
1463935041669829780,1663,1463935041664479959,,0.0,4.80000019073
1463935041685485963,1664,1463935041683763783,,0.0,4.92000007629
1463935041709149404,1665,1463935041704194060,,0.0,4.92000007629
1463935041729100360,1666,1463935041726438444,,0.0,4.80000019073
1463935041749945792,1667,1463935041744678523,,0.0,4.80000019073
1463935041812192974,1668,1463935041764778749,,0.0,4.92000007629
1463935041826261924,1669,1463935041823625216,,0.0,4.92000007629
1463935041884502769,1670,1463935041871537772,,0.0,4.80000019073
1463935041926371027,1671,1463935041923765153,,0.0,4.92000007629
1463935041971712500,1672,1463935041968999334,,0.0,4.80000019073
1463935042012785137,1673,1463935042008188281,,0.0,4.80000019073
1463935042041608607,1674,1463935042035362488,,0.0,4.92000007629
1463935042078000066,1675,1463935042076236480,,0.0,4.80000019073
1463935042138899858,1676,1463935042135336227,,0.0,4.92000007629
1463935042201540788,1677,1463935042198374291,,0.0,4.80000019073
1463935042219636284,1678,1463935042213295634,,0.0,4.92000007629
1463935042246599606,1679,1463935042234008149,,0.0,4.92000007629
1463935042260664546,1680,1463935042256100919,,0.0,4.92000007629
1463935042278923270,1681,1463935042274057353,,0.0,4.80000019073
1463935042332484916,1682,1463935042307796636,,0.0,4.67999982834
1463935042372394224,1683,1463935042340210560,,0.0,4.92000007629
1463935042372492661,1684,1463935042366028991,,0.0,4.92000007629
1463935042400256761,1685,1463935042396815057,,0.0,4.92000007629
1463935042435824422,1686,1463935042426078786,,0.0,4.92000007629
1463935042471715675,1687,1463935042453017213,,0.0,4.80000019073
1463935042492120014,1688,1463935042485049941,,0.0,4.92000007629
1463935042523411079,1689,1463935042514307055,,0.0,4.80000019073
1463935042554475842,1690,1463935042543507816,,0.0,4.80000019073
1463935042595677228,1691,1463935042573613051,,0.0,4.80000019073
1463935042613856317,1692,1463935042599863200,,0.0,4.92000007629
1463935042640737035,1693,1463935042628370369,,0.0,4.92000007629
1463935042665818491,1694,1463935042657816025,,0.0,4.92000007629
1463935042695147896,1695,1463935042684949450,,0.0,4.80000019073
1463935042713110163,1696,1463935042708824557,,0.0,4.92000007629
1463935042739107552,1697,1463935042735966316,,0.0,4.92000007629
1463935042798680058,1698,1463935042765087129,,0.0,4.80000019073
1463935042799062921,1699,1463935042787424169,,0.0,4.92000007629
1463935042844122572,1700,1463935042811788648,,0.0,4.80000019073
1463935042844534029,1701,1463935042834244229,,0.0,5.15999984741
1463935043035356754,1702,1463935042856595019,,0.0,4.80000019073
1463935043035435400,1703,1463935042883168759,,0.0,4.92000007629
1463935043039352831,1704,1463935042906777304,,0.0,4.80000019073
1463935043039482101,1705,1463935042934263124,,0.0,4.92000007629
1463935043039531320,1706,1463935042963607113,,0.0,4.80000019073
1463935043039683819,1707,1463935042996044735,,0.0,4.80000019073
1463935043041697404,1708,1463935043029746258,,0.0,4.92000007629
1463935043136192886,1709,1463935043067327555,,0.0,4.80000019073
1463935043136732363,1710,1463935043098214298,,0.0,4.80000019073
1463935043136806842,1711,1463935043132826025,,0.0,4.92000007629
1463935043209009502,1712,1463935043167909313,,0.0,4.92000007629
1463935043209629239,1713,1463935043198989336,,0.0,4.80000019073
1463935043252895668,1714,1463935043228730251,,0.0,4.92000007629
1463935043278426392,1715,1463935043254574880,,0.0,4.92000007629
1463935043316698520,1716,1463935043285058083,,0.0,4.92000007629
1463935043316801072,1717,1463935043312917287,,0.0,4.80000019073
1463935043380190905,1718,1463935043347815314,,0.0,4.80000019073
1463935043454142568,1719,1463935043369249233,,0.0,4.92000007629
1463935043454183818,1720,1463935043395830265,,0.0,4.92000007629
1463935043454226734,1721,1463935043413932896,,0.0,4.92000007629
1463935043502718506,1722,1463935043457877344,,0.0,4.80000019073
1463935043504092302,1723,1463935043495787025,,0.0,4.80000019073
1463935043526740643,1724,1463935043516186470,,0.0,4.92000007629
1463935043555915571,1725,1463935043548812320,,0.0,4.92000007629
1463935043609820965,1726,1463935043583118735,,0.0,4.80000019073
1463935043612305329,1727,1463935043594154990,,0.0,4.92000007629
1463935043644884096,1728,1463935043603400524,,0.0,4.92000007629
1463935043645748155,1729,1463935043622690025,,0.0,4.92000007629
1463935043681460502,1730,1463935043663018081,,0.0,4.92000007629
1463935043711206782,1731,1463935043703630199,,0.0,4.92000007629
1463935043747860427,1732,1463935043727979679,,0.0,4.80000019073
1463935043766860137,1733,1463935043752037284,,0.0,4.92000007629
1463935043781518981,1734,1463935043775078175,,0.0,4.92000007629
1463935043799853694,1735,1463935043791428366,,0.0,4.80000019073
1463935043812500046,1736,1463935043807744338,,0.0,4.92000007629
1463935043858252038,1737,1463935043852531282,,0.0,4.80000019073
1463935043887003842,1738,1463935043876180607,,0.0,4.92000007629
1463935043907778649,1739,1463935043899060666,,0.0,4.80000019073
1463935043961515451,1740,1463935043934703951,,0.0,4.92000007629
1463935043990851055,1741,1463935043962302062,,0.0,4.92000007629
1463935044003705739,1742,1463935043990312255,,0.0,5.03999996185
1463935044049249711,1743,1463935044026452621,,0.0,4.92000007629
1463935044102824899,1744,1463935044053947347,,0.0,4.92000007629
1463935044102866461,1745,1463935044066933282,,0.0,4.80000019073
1463935044103034533,1746,1463935044083648783,,0.0,4.80000019073
1463935044103221251,1747,1463935044094735194,,0.0,4.92000007629
1463935044128983693,1748,1463935044114676463,,0.0,4.92000007629
1463935044161868709,1749,1463935044155175821,,0.0,4.80000019073
1463935044238740359,1750,1463935044193517584,,0.0,4.80000019073
1463935044239228847,1751,1463935044227551501,,0.0,4.92000007629
1463935044442870216,1752,1463935044245556528,,0.0,4.80000019073
1463935044443119434,1753,1463935044265201132,,0.0,4.80000019073
1463935044443394276,1754,1463935044285797398,,0.0,4.92000007629
1463935044443637921,1755,1463935044304552526,,0.0,4.92000007629
1463935044443871097,1756,1463935044322708594,,0.0,4.92000007629
1463935044444170002,1757,1463935044342715852,,0.0,4.80000019073
1463935044444438282,1758,1463935044367353872,,0.0,4.92000007629
1463935044461542376,1759,1463935044388839614,,0.0,4.80000019073
1463935044461957061,1760,1463935044409233589,,0.0,4.92000007629
1463935044462587267,1761,1463935044429572096,,0.0,4.80000019073
1463935044463014453,1762,1463935044445344216,,0.0,4.80000019073
1463935044640147602,1763,1463935044463407368,,0.0,4.92000007629
1463935044640207393,1764,1463935044484585090,,0.0,4.80000019073
1463935044640247393,1765,1463935044503963705,,0.0,4.80000019073
1463935044640741349,1766,1463935044525635956,,0.0,4.80000019073
1463935044640945098,1767,1463935044543716660,,0.0,4.80000019073
1463935044640980984,1768,1463935044565756097,,0.0,4.92000007629
1463935044641018744,1769,1463935044586005229,,0.0,4.80000019073
1463935044641069941,1770,1463935044607178524,,0.0,4.92000007629
1463935044653028380,1771,1463935044630616653,,0.0,4.92000007629
