%time,field.header.seq,field.header.stamp,field.header.frame_id,field.temperature,field.variance
1463935008218834463,315,1463935008028762671,,1494.0,1493.0
1463935008218910036,316,1463935008046229003,,1494.0,1502.0
1463935008218985816,317,1463935008053476316,,1494.0,1502.0
1463935008219104045,318,1463935008073903885,,1494.0,1496.0
1463935008219173732,319,1463935008092213233,,1494.0,1495.0
1463935008219548783,320,1463935008128495578,,1494.0,1494.0
1463935008220342373,321,1463935008183128678,,1493.0,1487.0
1463935008236794178,322,1463935008231957271,,1494.0,1485.0
1463935008273929748,323,1463935008264524163,,1494.0,1480.0
1463935008274666360,324,1463935008272301578,,1494.0,1487.0
1463935008302142023,325,1463935008288746299,,1494.0,1491.0
1463935008322625634,326,1463935008308334289,,1494.0,1487.0
1463935008342200863,327,1463935008329191179,,1494.0,1486.0
1463935008356672363,328,1463935008348659793,,1493.0,1485.0
1463935008411505202,329,1463935008368405438,,1493.0,1485.0
1463935008411844106,330,1463935008401442380,,1494.0,1484.0
1463935008431861260,331,1463935008428924450,,1493.0,1484.0
1463935008479307985,332,1463935008459494163,,1494.0,1478.0
1463935008515948453,333,1463935008491890639,,1494.0,1481.0
1463935008524086022,334,1463935008514560282,,1494.0,1475.0
1463935008541793290,335,1463935008531821250,,1493.0,1479.0
1463935008560736855,336,1463935008552056684,,1493.0,1482.0
1463935008580413646,337,1463935008572699825,,1494.0,1479.0
1463935008603836775,338,1463935008592778177,,1494.0,1478.0
1463935008618454734,339,1463935008613165746,,1493.0,1475.0
1463935008638366836,340,1463935008632764985,,1493.0,1477.0
1463935008666077551,341,1463935008651093657,,1494.0,1479.0
1463935008673589237,342,1463935008671002946,,1494.0,1477.0
1463935008699011941,343,1463935008694028733,,1493.0,1476.0
1463935008745810022,344,1463935008714243595,,1493.0,1476.0
1463935008745973251,345,1463935008733322940,,1493.0,1475.0
1463935008759563453,346,1463935008751643383,,1493.0,1475.0
1463935008774446619,347,1463935008771363767,,1494.0,1474.0
1463935008804319876,348,1463935008793599037,,1493.0,1473.0
1463935008839274623,349,1463935008824769424,,1494.0,1472.0
1463935008869885169,350,1463935008855336690,,1494.0,1472.0
1463935008901404930,351,1463935008893425016,,1494.0,1469.0
1463935008919065167,352,1463935008916414449,,1492.0,1471.0
1463935008948222959,353,1463935008943423865,,1494.0,1472.0
1463935008966590589,354,1463935008964096693,,1494.0,1435.0
1463935008997093115,355,1463935008992093501,,1494.0,1498.0
1463935009013052265,356,1463935009009122438,,1494.0,1470.0
1463935009045324836,357,1463935009030513180,,1494.0,1471.0
1463935009045439002,358,1463935009039173612,,1494.0,1469.0
1463935009067632501,359,1463935009059960554,,1495.0,1471.0
1463935009093791816,360,1463935009085630809,,1494.0,1468.0
1463935009126903445,361,1463935009107712642,,1494.0,1467.0
1463935009127605682,362,1463935009121965133,,1494.0,1467.0
1463935009149656160,363,1463935009143232855,,1494.0,1467.0
1463935009174004442,364,1463935009171660702,,1494.0,1467.0
1463935009246754652,365,1463935009192081760,,1494.0,1467.0
1463935009247459076,366,1463935009213030681,,1494.0,1466.0
1463935009248096104,367,1463935009234292413,,1493.0,1467.0
1463935009335139638,368,1463935009255071074,,1494.0,1466.0
1463935009335176357,369,1463935009276209265,,1494.0,1466.0
1463935009335214482,370,1463935009297196571,,1494.0,1466.0
1463935009335409845,371,1463935009315931543,,1494.0,1466.0
1463935009415695075,372,1463935009335766875,,1494.0,1465.0
1463935009415974761,373,1463935009356540276,,1494.0,1465.0
1463935009416209604,374,1463935009377565134,,1494.0,1464.0
1463935009416401947,375,1463935009398468638,,1493.0,1464.0
1463935009457095888,376,1463935009428594707,,1494.0,1464.0
1463935009477844861,377,1463935009461820555,,1494.0,1463.0
1463935009529853649,378,1463935009501644083,,1493.0,1462.0
1463935009529893128,379,1463935009513151377,,1493.0,1463.0
1463935009585111382,380,1463935009537656845,,1493.0,1463.0
1463935009598071118,381,1463935009559502533,,1494.0,1463.0
1463935009603068545,382,1463935009577184385,,1494.0,1463.0
1463935009627100421,383,1463935009613275428,,1494.0,1463.0
1463935009653243799,384,1463935009649533659,,1493.0,1462.0
1463935009705659460,385,1463935009694607216,,1493.0,1455.0
1463935009749835001,386,1463935009739187338,,1493.0,1459.0
1463935009794430227,387,1463935009778118734,,1494.0,1460.0
1463935009820927249,388,1463935009800675304,,1494.0,1460.0
1463935009820970061,389,1463935009811938693,,1494.0,1461.0
1463935009842844238,390,1463935009826137226,,1493.0,1441.0
1463935009881913603,391,1463935009869168136,,1493.0,1477.0
1463935009900007952,392,1463935009897287651,,1494.0,1459.0
1463935009939321586,393,1463935009926800859,,1494.0,1460.0
1463935009962737007,394,1463935009956490628,,1494.0,1459.0
1463935009982264424,395,1463935009976329970,,1494.0,1458.0
1463935010033387590,396,1463935010008083844,,1493.0,1458.0
1463935010033451913,397,1463935010014402932,,1493.0,1459.0
1463935010035077010,398,1463935010026411787,,1494.0,1459.0
1463935010058232536,399,1463935010046575763,,1494.0,1456.0
1463935010090481305,400,1463935010075016944,,1494.0,1476.0
1463935010143382797,401,1463935010097689816,,1494.0,1458.0
1463935010148914492,402,1463935010119059568,,1494.0,1458.0
1463935010149396209,403,1463935010139721146,,1493.0,1458.0
1463935010301615819,404,1463935010163401462,,1494.0,1458.0
1463935010303268884,405,1463935010182671744,,1493.0,1458.0
1463935010304935909,406,1463935010194907056,,1493.0,1457.0
1463935010307902302,407,1463935010224694533,,1495.0,1458.0
1463935010309708440,408,1463935010254767790,,1494.0,1457.0
1463935010313727017,409,1463935010295063555,,1494.0,1456.0
1463935010358545002,410,1463935010324138274,,1494.0,1456.0
1463935010358905470,411,1463935010351134513,,1494.0,1457.0
1463935010450724973,412,1463935010384890567,,1494.0,1457.0
1463935010451563563,413,1463935010407842031,,1493.0,1457.0
1463935010452296685,414,1463935010427318823,,1494.0,1457.0
1463935010543360618,415,1463935010451174085,,1494.0,1457.0
1463935010543413014,416,1463935010476029604,,1494.0,1456.0
1463935010543763169,417,1463935010506862337,,1494.0,1456.0
1463935010543893429,418,1463935010532550925,,1493.0,1456.0
1463935010659184238,419,1463935010555821190,,1494.0,1455.0
1463935010660635534,420,1463935010586572725,,1495.0,1436.0
1463935010660710638,421,1463935010598610747,,1495.0,1452.0
1463935010660767981,422,1463935010627021875,,1494.0,1452.0
1463935010660822877,423,1463935010646153304,,1493.0,1472.0
1463935010661014595,424,1463935010655839617,,1493.0,1456.0
1463935010705905809,425,1463935010670533460,,1493.0,1456.0
1463935010707681426,426,1463935010695780123,,1493.0,1456.0
1463935010764847119,427,1463935010739578894,,1493.0,1456.0
1463935010768493302,428,1463935010753198680,,1494.0,1455.0
1463935010786299736,429,1463935010773541301,,1494.0,1456.0
1463935010925809869,430,1463935010806006162,,1493.0,1455.0
1463935010925847733,431,1463935010834861403,,1494.0,1455.0
1463935010925918618,432,1463935010862966960,,1494.0,1455.0
1463935010925948358,433,1463935010890649238,,1493.0,1455.0
1463935010961360915,434,1463935010926766375,,1494.0,1454.0
1463935010974187735,435,1463935010968408853,,1494.0,1455.0
1463935011020483631,436,1463935011015479433,,1494.0,1458.0
1463935011075985581,437,1463935011067288587,,1494.0,1457.0
1463935011113394015,438,1463935011107079615,,1493.0,1453.0
1463935011151518435,439,1463935011137800108,,1495.0,1438.0
1463935011158125282,440,1463935011149134747,,1495.0,1447.0
1463935011194279033,441,1463935011182415907,,1495.0,1451.0
1463935011267124139,442,1463935011215453891,,1493.0,1466.0
1463935011274095619,443,1463935011253608780,,1494.0,1452.0
1463935011307155165,444,1463935011299288012,,1493.0,1452.0
1463935011331057824,445,1463935011323726292,,1493.0,1453.0
1463935011384232648,446,1463935011345681824,,1493.0,1453.0
1463935011385355456,447,1463935011364946533,,1494.0,1453.0
1463935011437024246,448,1463935011386992480,,1494.0,1453.0
1463935011437086745,449,1463935011405107247,,1493.0,1453.0
1463935011451638871,450,1463935011438068564,,1494.0,1454.0
1463935011506429991,451,1463935011457560199,,1493.0,1453.0
1463935011510737941,452,1463935011474220805,,1493.0,1453.0
1463935011510800441,453,1463935011486789606,,1493.0,1453.0
1463935011521022064,454,1463935011514144958,,1493.0,1453.0
1463935011568861338,455,1463935011559390754,,1494.0,1444.0
1463935011616502749,456,1463935011611216365,,1494.0,1443.0
1463935011645196272,457,1463935011638121459,,1494.0,1439.0
1463935011663441246,458,1463935011659229754,,1494.0,1446.0
1463935011685015894,459,1463935011679434720,,1494.0,1439.0
1463935011705976533,460,1463935011700445203,,1494.0,1439.0
1463935011724786557,461,1463935011722002923,,1493.0,1439.0
1463935011790396954,462,1463935011741688360,,1493.0,1436.0
1463935011791541324,463,1463935011760912757,,1494.0,1436.0
1463935011792299341,464,1463935011780704912,,1494.0,1437.0
1463935011889837310,465,1463935011801328990,,1494.0,1438.0
1463935011890331318,466,1463935011826613934,,1493.0,1438.0
1463935011891265845,467,1463935011852141794,,1494.0,1437.0
1463935011892103915,468,1463935011878622358,,1493.0,1436.0
1463935011959519980,469,1463935011917969637,,1494.0,1430.0
1463935011959837323,470,1463935011926446789,,1493.0,1434.0
1463935011960712267,471,1463935011942129065,,1493.0,1437.0
1463935011961433358,472,1463935011953028394,,1493.0,1435.0
1463935011988809334,473,1463935011981347023,,1493.0,1436.0
1463935012010542054,474,1463935012002191256,,1494.0,1436.0
1463935012097165746,475,1463935012038314644,,1494.0,1436.0
1463935012097867983,476,1463935012082317476,,1493.0,1433.0
1463935012132655542,477,1463935012112637503,,1493.0,1432.0
1463935012161625627,478,1463935012128699518,,1493.0,1432.0
1463935012161947396,479,1463935012140272645,,1493.0,1434.0
1463935012162450311,480,1463935012158283297,,1494.0,1433.0
1463935012188347856,481,1463935012181016117,,1493.0,1433.0
1463935012209204798,482,1463935012198786145,,1493.0,1434.0
1463935012234399170,483,1463935012218125489,,1494.0,1434.0
1463935012255610485,484,1463935012250904776,,1494.0,1435.0
1463935012275859930,485,1463935012267359550,,1494.0,1434.0
1463935012313375186,486,1463935012304100174,,1493.0,1435.0
1463935012328078926,487,1463935012323046812,,1493.0,1417.0
1463935012348732327,488,1463935012345302758,,1493.0,1452.0
1463935012394864369,489,1463935012364259969,,1493.0,1435.0
1463935012394900619,490,1463935012377032206,,1493.0,1435.0
1463935012395570460,491,1463935012392108287,,1493.0,1435.0
1463935012502109223,492,1463935012414823242,,1494.0,1435.0
1463935012502401566,493,1463935012447753466,,1494.0,1415.0
1463935012503710883,494,1463935012466741979,,1494.0,1450.0
1463935012531350036,495,1463935012520760602,,1494.0,1434.0
1463935012588441302,496,1463935012549590218,,1493.0,1434.0
1463935012589166038,497,1463935012570531326,,1494.0,1433.0
1463935012697035109,498,1463935012589958743,,1494.0,1432.0
1463935012699746868,499,1463935012609984699,,1494.0,1432.0
1463935012700040252,500,1463935012631245546,,1494.0,1432.0
1463935012701486860,501,1463935012652373268,,1494.0,1432.0
1463935012701543735,502,1463935012671930997,,1494.0,1433.0
1463935012703801330,503,1463935012689520557,,1495.0,1432.0
1463935012854446206,504,1463935012709366306,,1495.0,1432.0
1463935012854741466,505,1463935012729919916,,1493.0,1434.0
1463935012855016152,506,1463935012751153940,,1494.0,1433.0
1463935012860388525,507,1463935012771254895,,1493.0,1433.0
1463935012860770086,508,1463935012791552829,,1494.0,1433.0
1463935012861308625,509,1463935012815203718,,1493.0,1433.0
1463935012861631436,510,1463935012834665562,,1494.0,1432.0
1463935012862200652,511,1463935012851582208,,1494.0,1432.0
1463935012888974548,512,1463935012870279472,,1494.0,1433.0
1463935012911615910,513,1463935012900856581,,1494.0,1433.0
1463935012938584961,514,1463935012929168804,,1494.0,1432.0
1463935012971109718,515,1463935012966090677,,1494.0,1432.0
1463935013007715447,516,1463935012973551114,,1493.0,1433.0
1463935013016759106,517,1463935013013587974,,1493.0,1433.0
1463935013068123782,518,1463935013053370773,,1494.0,1433.0
1463935013104176597,519,1463935013070884656,,1493.0,1434.0
1463935013104219982,520,1463935013084477150,,1493.0,1433.0
1463935013104411596,521,1463935013094394347,,1493.0,1433.0
1463935013128162432,522,1463935013111873752,,1493.0,1433.0
1463935013199808740,523,1463935013143997208,,1493.0,1436.0
1463935013203876223,524,1463935013151734675,,1493.0,1436.0
1463935013204447783,525,1463935013173712237,,1493.0,1437.0
1463935013204892833,526,1463935013196405630,,1494.0,1435.0
1463935013396562587,527,1463935013225518995,,1493.0,1434.0
1463935013396841700,528,1463935013246839945,,1494.0,1431.0
1463935013397116074,529,1463935013265041847,,1493.0,1433.0
1463935013397419145,530,1463935013284059109,,1494.0,1433.0
1463935013397693155,531,1463935013304559438,,1494.0,1432.0
1463935013397934560,532,1463935013327116165,,1494.0,1432.0
1463935013399526272,533,1463935013345993480,,1494.0,1432.0
1463935013400282362,534,1463935013366687714,,1494.0,1432.0
1463935013400781631,535,1463935013377892302,,1494.0,1432.0
1463935013401211473,536,1463935013396897741,,1494.0,1433.0
1463935013524934902,537,1463935013443361397,,1494.0,1432.0
1463935013525643701,538,1463935013454069164,,1494.0,1434.0
1463935013525697659,539,1463935013468838788,,1494.0,1433.0
1463935013527779526,540,1463935013510903608,,1493.0,1434.0
1463935013611856041,541,1463935013549976931,,1494.0,1435.0
1463935013613158900,542,1463935013584926469,,1493.0,1434.0
1463935013614223427,543,1463935013605000654,,1494.0,1433.0
1463935013647199119,544,1463935013626517176,,1493.0,1433.0
1463935013813288722,545,1463935013646519799,,1493.0,1432.0
1463935013814687778,546,1463935013668763871,,1494.0,1432.0
1463935013814757205,547,1463935013689168471,,1494.0,1432.0
1463935013815420483,548,1463935013712378528,,1494.0,1433.0
1463935013816317615,549,1463935013733091460,,1494.0,1433.0
1463935013817903754,550,1463935013753668456,,1494.0,1433.0
1463935013820022182,551,1463935013768823235,,1494.0,1434.0
1463935013820076609,552,1463935013790729755,,1494.0,1434.0
1463935014397951430,553,1463935013811645291,,1493.0,1434.0
1463935014398251689,554,1463935013827353297,,1493.0,1433.0
1463935014398544761,555,1463935013851502829,,1493.0,1434.0
1463935014398840489,556,1463935013875071843,,1494.0,1433.0
1463935014399112311,557,1463935013894193376,,1494.0,1433.0
1463935014399448663,558,1463935013916004012,,1494.0,1432.0
1463935014399499236,559,1463935013936522465,,1494.0,1432.0
1463935014399719443,560,1463935013957200554,,1494.0,1432.0
1463935014399969494,561,1463935013976901876,,1494.0,1431.0
1463935014400306785,562,1463935013998946469,,1494.0,1432.0
1463935014400572096,563,1463935014022086579,,1494.0,1432.0
1463935014400828137,564,1463935014044905440,,1494.0,1432.0
1463935014401100063,565,1463935014067132220,,1494.0,1433.0
1463935014401366103,566,1463935014086500991,,1494.0,1433.0
1463935014401633550,567,1463935014108178607,,1494.0,1433.0
1463935014401887299,568,1463935014132725116,,1493.0,1433.0
1463935014402185110,569,1463935014153449715,,1494.0,1433.0
1463935014402227610,570,1463935014174111710,,1494.0,1433.0
1463935014402473911,571,1463935014197289319,,1494.0,1433.0
1463935014402749170,572,1463935014218844904,,1494.0,1433.0
1463935014403027086,573,1463935014246536869,,1493.0,1433.0
1463935014403331147,574,1463935014270059269,,1493.0,1433.0
1463935014403613750,575,1463935014297603786,,1493.0,1433.0
1463935014407706232,576,1463935014308273428,,1494.0,1433.0
1463935014408142845,577,1463935014315452772,,1494.0,1433.0
1463935014408442740,578,1463935014328971100,,1493.0,1433.0
1463935014409107528,579,1463935014349793615,,1493.0,1433.0
1463935014409180288,580,1463935014371916229,,1494.0,1433.0
1463935014409587110,581,1463935014392163174,,1494.0,1433.0
1463935014596888028,582,1463935014412375639,,1494.0,1433.0
1463935014597096464,583,1463935014430712019,,1494.0,1433.0
1463935014597299328,584,1463935014451602555,,1494.0,1432.0
1463935014597524535,585,1463935014471727417,,1494.0,1432.0
1463935014597742764,586,1463935014487813286,,1493.0,1432.0
1463935014597955783,587,1463935014507542316,,1494.0,1432.0
1463935014598147241,588,1463935014527666917,,1494.0,1432.0
1463935014598182657,589,1463935014547394958,,1493.0,1433.0
1463935014598663072,590,1463935014567708465,,1494.0,1433.0
1463935014598953435,591,1463935014587565463,,1494.0,1433.0
1463935014658735628,592,1463935014607292983,,1494.0,1432.0
1463935014659031720,593,1463935014627620917,,1494.0,1433.0
1463935014659342396,594,1463935014647823851,,1494.0,1433.0
1463935014704123402,595,1463935014667601684,,1494.0,1433.0
1463935014704815014,596,1463935014687446338,,1494.0,1433.0
1463935014733231715,597,1463935014710423167,,1494.0,1433.0
1463935014733430517,598,1463935014727826530,,1494.0,1433.0
1463935014756112191,599,1463935014750957056,,1494.0,1433.0
1463935014782681973,600,1463935014767548860,,1494.0,1433.0
1463935014793805675,601,1463935014787692003,,1494.0,1433.0
1463935014820637592,602,1463935014807729209,,1493.0,1432.0
1463935014836932470,603,1463935014828767765,,1494.0,1432.0
1463935014894873212,604,1463935014849951060,,1494.0,1432.0
1463935014895409408,605,1463935014883246178,,1494.0,1432.0
1463935014986094332,606,1463935014913978547,,1494.0,1433.0
1463935014986649122,607,1463935014938160318,,1494.0,1433.0
1463935014987056412,608,1463935014964446248,,1494.0,1433.0
1463935015038379734,609,1463935014989327496,,1494.0,1433.0
1463935015042948412,610,1463935015017573521,,1494.0,1433.0
1463935015124411553,611,1463935015044039762,,1493.0,1433.0
1463935015126495451,612,1463935015074550048,,1493.0,1433.0
1463935015127026438,613,1463935015114042483,,1494.0,1432.0
1463935015174111237,614,1463935015159527966,,1494.0,1432.0
1463935015215709757,615,1463935015201288100,,1495.0,1433.0
1463935015272532899,616,1463935015231864063,,1494.0,1433.0
1463935015316845835,617,1463935015257376975,,1494.0,1434.0
1463935015317259062,618,1463935015301255954,,1494.0,1434.0
1463935015326555116,619,1463935015312212573,,1494.0,1433.0
1463935015356471707,620,1463935015349711996,,1494.0,1433.0
1463935015398991317,621,1463935015388307717,,1494.0,1433.0
1463935015423957929,622,1463935015416151764,,1494.0,1433.0
1463935015494843668,623,1463935015454197904,,1494.0,1432.0
1463935015494894709,624,1463935015472743606,,1493.0,1433.0
1463935015535856044,625,1463935015492151127,,1493.0,1433.0
1463935015537942181,626,1463935015518187422,,1494.0,1433.0
1463935015719477343,627,1463935015547071778,,1494.0,1433.0
1463935015719853122,628,1463935015573837705,,1493.0,1433.0
1463935015720569161,629,1463935015597228803,,1494.0,1433.0
1463935015720626244,630,1463935015619414385,,1493.0,1433.0
1463935015720661192,631,1463935015643247877,,1493.0,1433.0
1463935015721531813,632,1463935015673800923,,1493.0,1433.0
1463935015809000918,633,1463935015722107019,,1494.0,1433.0
1463935015809044095,634,1463935015727979233,,1493.0,1433.0
1463935015809785811,635,1463935015737312475,,1494.0,1433.0
1463935015810858567,636,1463935015754138340,,1494.0,1433.0
1463935015811850541,637,1463935015785057271,,1494.0,1433.0
1463935015882350865,638,1463935015836037782,,1494.0,1433.0
1463935015883020341,639,1463935015879389576,,1493.0,1433.0
1463935015906027795,640,1463935015900819015,,1494.0,1433.0
1463935015945078878,641,1463935015925963074,,1493.0,1433.0
1463935015966284985,642,1463935015952734939,,1494.0,1433.0
1463935016008050119,643,1463935015986975939,,1494.0,1433.0
1463935016083420110,644,1463935016012890515,,1494.0,1433.0
1463935016085356091,645,1463935016035807709,,1494.0,1433.0
1463935016087183062,646,1463935016060033647,,1494.0,1433.0
1463935016088064725,647,1463935016077614614,,1494.0,1433.0
1463935016159552336,648,1463935016095815786,,1494.0,1433.0
1463935016159974105,649,1463935016140881895,,1494.0,1433.0
1463935016198546909,650,1463935016191985322,,1494.0,1433.0
1463935016254816408,651,1463935016245935300,,1493.0,1432.0
1463935016332186077,652,1463935016261033673,,1493.0,1433.0
1463935016332437118,653,1463935016280323226,,1493.0,1433.0
1463935016332989095,654,1463935016298573356,,1494.0,1433.0
1463935016333370916,655,1463935016319509673,,1494.0,1433.0
1463935016382265499,656,1463935016334116381,,1494.0,1433.0
1463935016382732528,657,1463935016354690981,,1492.0,1433.0
1463935016383148047,658,1463935016374621365,,1494.0,1433.0
1463935016454549408,659,1463935016393500971,,1494.0,1433.0
1463935016455074354,660,1463935016416708580,,1494.0,1433.0
1463935016455513310,661,1463935016439430410,,1494.0,1433.0
1463935016515485866,662,1463935016460952766,,1494.0,1433.0
1463935016516016750,663,1463935016479895967,,1494.0,1432.0
1463935016516509300,664,1463935016505042369,,1494.0,1433.0
1463935016566662731,665,1463935016528818362,,1494.0,1433.0
1463935016566706533,666,1463935016552418209,,1493.0,1433.0
1463935016585229579,667,1463935016578076693,,1493.0,1433.0
1463935016613371021,668,1463935016598757177,,1493.0,1433.0
1463935016905842479,669,1463935016622513690,,1494.0,1433.0
1463935016911197456,670,1463935016642267147,,1494.0,1433.0
1463935016911259331,671,1463935016659317752,,1493.0,1433.0
1463935016911301310,672,1463935016680795056,,1494.0,1433.0
1463935016919296640,673,1463935016701843872,,1494.0,1433.0
1463935016924393129,674,1463935016722686126,,1494.0,1433.0
1463935016927404001,675,1463935016744677126,,1494.0,1433.0
1463935016929043421,676,1463935016763806211,,1494.0,1433.0
1463935016929097484,677,1463935016784500393,,1494.0,1413.0
1463935016929127015,678,1463935016808499822,,1493.0,1449.0
1463935016929265556,679,1463935016829178588,,1494.0,1433.0
1463935016929365087,680,1463935016848087205,,1493.0,1433.0
1463935016929399097,681,1463935016869726331,,1494.0,1434.0
1463935016929431180,682,1463935016899965785,,1493.0,1433.0
1463935017498603226,683,1463935016921675484,,1494.0,1433.0
1463935017498932339,684,1463935016944497522,,1493.0,1433.0
1463935017499339889,685,1463935016966623052,,1494.0,1432.0
1463935017499873897,686,1463935016987372755,,1494.0,1432.0
1463935017510944996,687,1463935017008737976,,1493.0,1432.0
1463935017511349265,688,1463935017031396682,,1494.0,1433.0
1463935017511720097,689,1463935017052443831,,1494.0,1432.0
1463935017511978117,690,1463935017071985414,,1494.0,1433.0
1463935017512247022,691,1463935017087178683,,1494.0,1433.0
1463935017512565301,692,1463935017108545206,,1493.0,1433.0
1463935017513007487,693,1463935017128642985,,1493.0,1433.0
1463935017513277538,694,1463935017146988010,,1493.0,1433.0
1463935017513537068,695,1463935017166620739,,1494.0,1433.0
1463935017513886806,696,1463935017188011637,,1494.0,1433.0
1463935017514202638,697,1463935017206982858,,1494.0,1432.0
1463935017514592845,698,1463935017235386278,,1494.0,1433.0
1463935017514988260,699,1463935017256211866,,1494.0,1432.0
1463935017515293206,700,1463935017281804778,,1494.0,1413.0
1463935017515545028,701,1463935017302474429,,1493.0,1449.0
1463935017515892891,702,1463935017323960639,,1493.0,1432.0
1463935017516271952,703,1463935017346952780,,1494.0,1432.0
1463935017516534295,704,1463935017370840855,,1493.0,1433.0
1463935017516793981,705,1463935017392420138,,1494.0,1433.0
1463935017517069084,706,1463935017420617882,,1494.0,1433.0
1463935017517309083,707,1463935017438003068,,1493.0,1433.0
1463935017517563718,708,1463935017457065955,,1494.0,1433.0
1463935017518187309,709,1463935017477940502,,1494.0,1433.0
1463935017518653609,710,1463935017501557849,,1494.0,1432.0
1463935018137265704,711,1463935017521551721,,1493.0,1433.0
1463935018137574192,712,1463935017549621497,,1494.0,1432.0
1463935018137837159,713,1463935017575484407,,1494.0,1433.0
1463935018138108200,714,1463935017594841773,,1494.0,1433.0
1463935018138382261,715,1463935017614130388,,1494.0,1433.0
1463935018138622781,716,1463935017634196604,,1494.0,1433.0
1463935018139223872,717,1463935017652498297,,1494.0,1433.0
1463935018139757360,718,1463935017676067675,,1493.0,1433.0
1463935018140077514,719,1463935017697217897,,1494.0,1433.0
1463935018141052042,720,1463935017718504161,,1494.0,1433.0
1463935018141333082,721,1463935017736942728,,1494.0,1433.0
1463935018141837924,722,1463935017757230974,,1494.0,1433.0
1463935018143174428,723,1463935017777274118,,1494.0,1433.0
1463935018144590933,724,1463935017799016056,,1493.0,1433.0
1463935018144931660,725,1463935017819333938,,1494.0,1433.0
1463935018145193482,726,1463935017842975712,,1493.0,1433.0
1463935018145448898,727,1463935017861899329,,1493.0,1433.0
1463935018145768636,728,1463935017883231894,,1493.0,1433.0
1463935018146035093,729,1463935017903597015,,1494.0,1433.0
1463935018146272123,730,1463935017923882293,,1493.0,1433.0
1463935018146513424,731,1463935017936570676,,1494.0,1433.0
1463935018147351806,732,1463935017948854322,,1494.0,1433.0
1463935018147622795,733,1463935017997222500,,1494.0,1433.0
1463935018147948575,734,1463935018045814688,,1494.0,1433.0
1463935018148214146,735,1463935018071691296,,1494.0,1433.0
1463935018148485031,736,1463935018089900854,,1494.0,1433.0
1463935018149042268,737,1463935018109894050,,1493.0,1433.0
1463935018151839704,738,1463935018128558866,,1493.0,1433.0
1463935018152655534,739,1463935018149469453,,1494.0,1433.0
1463935018336479487,740,1463935018174539555,,1494.0,1433.0
1463935018336769746,741,1463935018204948591,,1493.0,1433.0
1463935018337026777,742,1463935018234513777,,1494.0,1433.0
1463935018337643076,743,1463935018262877146,,1493.0,1433.0
1463935018338400208,744,1463935018291990407,,1495.0,1432.0
1463935018338893696,745,1463935018318780500,,1494.0,1433.0
1463935018517008507,746,1463935018347649335,,1494.0,1433.0
1463935018518003920,747,1463935018374988281,,1494.0,1433.0
1463935018518267460,748,1463935018398801617,,1494.0,1433.0
1463935018518584855,749,1463935018438460353,,1494.0,1433.0
1463935018518838812,750,1463935018472155678,,1493.0,1433.0
1463935018519199696,751,1463935018494428083,,1494.0,1433.0
1463935018680824994,752,1463935018516063928,,1494.0,1433.0
1463935018681121035,753,1463935018535485199,,1494.0,1433.0
1463935018681376034,754,1463935018545462500,,1494.0,1433.0
1463935018681609418,755,1463935018565432102,,1494.0,1433.0
1463935018682075614,756,1463935018582552706,,1494.0,1433.0
1463935018684230969,757,1463935018612362943,,1493.0,1433.0
1463935018688843397,758,1463935018645623634,,1494.0,1433.0
1463935018798158607,759,1463935018693112806,,1494.0,1433.0
1463935018798502199,760,1463935018736375694,,1494.0,1433.0
1463935018799013499,761,1463935018788971771,,1493.0,1433.0
1463935018844359399,762,1463935018842251127,,1494.0,1413.0
1463935018861420524,763,1463935018856038047,,1494.0,1450.0
1463935018899715829,764,1463935018891854613,,1494.0,1433.0
1463935019032969947,765,1463935018919851316,,1493.0,1434.0
1463935019033284164,766,1463935018934766513,,1493.0,1433.0
1463935019033968224,767,1463935018947887863,,1493.0,1433.0
1463935019034023953,768,1463935018991006481,,1494.0,1433.0
1463935019034480045,769,1463935019022582960,,1494.0,1433.0
1463935019062236436,770,1463935019048881025,,1494.0,1433.0
1463935019077243508,771,1463935019063708930,,1494.0,1433.0
1463935019088509293,772,1463935019077224393,,1494.0,1433.0
1463935019097627014,773,1463935019094931036,,1494.0,1433.0
1463935019120683634,774,1463935019113218510,,1494.0,1433.0
1463935019148808045,775,1463935019129198754,,1494.0,1432.0
1463935019155445309,776,1463935019146914720,,1493.0,1432.0
1463935019174560227,777,1463935019168829366,,1493.0,1429.0
1463935019196129510,778,1463935019186805071,,1493.0,1429.0
1463935019220403625,779,1463935019217847177,,1494.0,1426.0
1463935019248821472,780,1463935019241570149,,1494.0,1426.0
1463935019272508350,781,1463935019257330863,,1494.0,1434.0
1463935019280269254,782,1463935019274290322,,1494.0,1441.0
1463935019302139369,783,1463935019291394728,,1494.0,1442.0
1463935019315750405,784,1463935019307516169,,1494.0,1442.0
1463935019345164498,785,1463935019335137301,,1493.0,1435.0
1463935019380797002,786,1463935019376468322,,1494.0,1462.0
1463935019402491180,787,1463935019398384010,,1494.0,1451.0
1463935019432269125,788,1463935019426621597,,1494.0,1457.0
1463935019459808226,789,1463935019449947956,,1493.0,1475.0
1463935019474182436,790,1463935019465449713,,1494.0,1464.0
1463935019512982218,791,1463935019507451200,,1494.0,1467.0
1463935019540302674,792,1463935019536876074,,1493.0,1463.0
1463935019579078654,793,1463935019563607626,,1494.0,1457.0
1463935019593011771,794,1463935019589444182,,1494.0,1458.0
1463935019627427510,795,1463935019620236082,,1493.0,1459.0
1463935019653973490,796,1463935019647157738,,1494.0,1455.0
1463935019696189976,797,1463935019673565437,,1493.0,1452.0
1463935019706580869,798,1463935019701609380,,1493.0,1446.0
1463935019769192841,799,1463935019729615198,,1493.0,1449.0
1463935019770498669,800,1463935019751601614,,1494.0,1449.0
1463935019809445586,801,1463935019768682843,,1493.0,1447.0
1463935019809956677,802,1463935019785481469,,1493.0,1444.0
1463935019837043020,803,1463935019807813353,,1494.0,1450.0
1463935019840060715,804,1463935019822795789,,1494.0,1442.0
1463935019855123619,805,1463935019840903003,,1493.0,1449.0
1463935020095661081,806,1463935019871150843,,1493.0,1434.0
1463935020096039829,807,1463935019897154950,,1494.0,1423.0
1463935020096356078,808,1463935019917821216,,1494.0,1432.0
1463935020100675434,809,1463935019938362795,,1494.0,1430.0
1463935020101129443,810,1463935019960246660,,1493.0,1432.0
1463935020101493347,811,1463935019982774480,,1493.0,1432.0
1463935020101797148,812,1463935020002122262,,1494.0,1432.0
1463935020102949747,813,1463935020027218040,,1494.0,1434.0
1463935020105574424,814,1463935020048977374,,1494.0,1436.0
1463935020105953276,815,1463935020070783583,,1494.0,1437.0
1463935020106422076,816,1463935020092377188,,1494.0,1438.0
1463935020451089353,817,1463935020114196574,,1494.0,1439.0
1463935020451195029,818,1463935020134848726,,1494.0,1436.0
1463935020451265914,819,1463935020157546129,,1494.0,1432.0
1463935020451309873,820,1463935020178793902,,1493.0,1432.0
1463935020451366904,821,1463935020199372929,,1493.0,1435.0
1463935020451432008,822,1463935020226859530,,1494.0,1434.0
1463935020451477111,823,1463935020249629120,,1494.0,1432.0
1463935020451527632,824,1463935020268320134,,1493.0,1431.0
1463935020451562424,825,1463935020297685113,,1494.0,1431.0
1463935020451611434,826,1463935020322150425,,1493.0,1433.0
1463935020451653465,827,1463935020354838045,,1493.0,1432.0
1463935020451720496,828,1463935020373061145,,1494.0,1429.0
1463935020451764506,829,1463935020396309431,,1494.0,1430.0
1463935020451833100,830,1463935020418369649,,1494.0,1428.0
1463935020834901149,831,1463935020450174044,,1494.0,1429.0
1463935020834979378,832,1463935020473447590,,1494.0,1430.0
1463935020835025472,833,1463935020491021578,,1494.0,1431.0
1463935020835110159,834,1463935020513336326,,1494.0,1428.0
1463935020838876236,835,1463935020534441392,,1494.0,1427.0
1463935020838989309,836,1463935020555755572,,1494.0,1426.0
1463935020839069777,837,1463935020577022512,,1493.0,1424.0
1463935020839173475,838,1463935020597588622,,1494.0,1422.0
1463935020839218370,839,1463935020618914989,,1493.0,1418.0
1463935020839255297,840,1463935020636488039,,1492.0,1418.0
1463935020839290401,841,1463935020658327581,,1494.0,1417.0
1463935020839330401,842,1463935020683673515,,1494.0,1395.0
1463935020839364464,843,1463935020713204013,,1493.0,1433.0
1463935020839397588,844,1463935020743579300,,1494.0,1414.0
1463935020839431859,845,1463935020769136326,,1493.0,1415.0
1463935020839469359,846,1463935020797815266,,1493.0,1415.0
1463935020839513890,847,1463935020826571549,,1494.0,1412.0
1463935021528625110,848,1463935020851718213,,1494.0,1417.0
1463935021528872609,849,1463935020879169033,,1493.0,1419.0
1463935021529100525,850,1463935020903254503,,1494.0,1421.0
1463935021529338805,851,1463935020933858903,,1494.0,1427.0
1463935021529594533,852,1463935020956216412,,1494.0,1426.0
1463935021529837084,853,1463935020981395940,,1494.0,1429.0
1463935021530064583,854,1463935021005848387,,1494.0,1432.0
1463935021530625727,855,1463935021031470882,,1494.0,1435.0
1463935021530893122,856,1463935021064200534,,1494.0,1445.0
1463935021531155308,857,1463935021095900138,,1493.0,1435.0
1463935021531428640,858,1463935021125559125,,1494.0,1434.0
1463935021531707545,859,1463935021152750572,,1494.0,1430.0
1463935021532012544,860,1463935021179359677,,1493.0,1428.0
1463935021532314886,861,1463935021206054042,,1493.0,1427.0
1463935021532582229,862,1463935021238029634,,1494.0,1420.0
1463935021532855197,863,1463935021264154470,,1494.0,1422.0
1463935021533119102,864,1463935021288256919,,1494.0,1423.0
1463935021533369778,865,1463935021319173141,,1494.0,1426.0
1463935021533639985,866,1463935021345408185,,1494.0,1429.0
1463935021533951546,867,1463935021369444228,,1493.0,1433.0
1463935021534256024,868,1463935021400404044,,1494.0,1444.0
1463935021534590345,869,1463935021424880346,,1493.0,1435.0
1463935021534861959,870,1463935021448352797,,1494.0,1432.0
1463935021535139197,871,1463935021462054249,,1494.0,1429.0
1463935021535768986,872,1463935021491743966,,1494.0,1431.0
1463935021536246328,873,1463935021532245460,,1494.0,1436.0
1463935021673231367,874,1463935021567505153,,1494.0,1432.0
1463935021673501939,875,1463935021579994630,,1494.0,1462.0
1463935021673769542,876,1463935021594406756,,1493.0,1449.0
1463935021674349175,877,1463935021628223799,,1494.0,1454.0
1463935021674844433,878,1463935021656143107,,1493.0,1457.0
1463935021708253561,879,1463935021687704639,,1493.0,1482.0
1463935021717097898,880,1463935021712894635,,1494.0,1468.0
1463935021757356060,881,1463935021744995487,,1494.0,1473.0
1463935021814975605,882,1463935021803977475,,1494.0,1498.0
1463935021847558539,883,1463935021840454298,,1494.0,1479.0
1463935021909047494,884,1463935021859217968,,1494.0,1515.0
1463935021910677279,885,1463935021877975179,,1494.0,1486.0
1463935021912101596,886,1463935021897530512,,1494.0,1483.0
1463935022035182268,887,1463935021916018819,,1494.0,1481.0
1463935022035229403,888,1463935021932997444,,1494.0,1479.0
1463935022035291382,889,1463935021952703401,,1494.0,1479.0
1463935022035783932,890,1463935021972933419,,1494.0,1481.0
1463935022035883410,891,1463935021993769893,,1494.0,1479.0
1463935022036066326,892,1463935022011662629,,1494.0,1478.0
1463935022036185128,893,1463935022032940298,,1494.0,1477.0
1463935022087236941,894,1463935022069920557,,1493.0,1477.0
1463935022246941466,895,1463935022090925102,,1494.0,1459.0
1463935022246974070,896,1463935022114456877,,1494.0,1463.0
1463935022247205892,897,1463935022136411574,,1494.0,1462.0
1463935022249532185,898,1463935022158999186,,1493.0,1461.0
1463935022250798950,899,1463935022182742887,,1494.0,1466.0
1463935022252443370,900,1463935022204769095,,1493.0,1469.0
1463935022253000138,901,1463935022235404693,,1493.0,1470.0
1463935022453698082,902,1463935022263000877,,1493.0,1472.0
1463935022454057404,903,1463935022288682798,,1494.0,1466.0
1463935022454384902,904,1463935022315598100,,1494.0,1460.0
1463935022454673287,905,1463935022337662068,,1494.0,1460.0
1463935022456865621,906,1463935022363306125,,1494.0,1456.0
1463935022457158641,907,1463935022384099838,,1494.0,1451.0
1463935022457665409,908,1463935022406155786,,1494.0,1450.0
1463935022457964731,909,1463935022428730377,,1494.0,1446.0
1463935022461180811,910,1463935022451079760,,1494.0,1446.0
1463935022577423491,911,1463935022471781338,,1494.0,1446.0
1463935022580737383,912,1463935022503138340,,1494.0,1453.0
1463935022582472584,913,1463935022534468987,,1493.0,1447.0
1463935022582980238,914,1463935022563162250,,1493.0,1455.0
1463935022707757569,915,1463935022599856208,,1493.0,1461.0
1463935022707803923,916,1463935022619894664,,1494.0,1464.0
1463935022708062047,917,1463935022641094313,,1494.0,1465.0
1463935022708557930,918,1463935022661717870,,1493.0,1465.0
1463935022708967304,919,1463935022695633402,,1494.0,1465.0
1463935022740627689,920,1463935022700068435,,1493.0,1467.0
1463935022796672293,921,1463935022753023938,,1493.0,1470.0
1463935022799911967,922,1463935022774888740,,1494.0,1486.0
1463935022904285739,923,1463935022807836568,,1493.0,1460.0
1463935022904565217,924,1463935022839128414,,1493.0,1506.0
1463935022906109794,925,1463935022860972122,,1494.0,1476.0
1463935022907744839,926,1463935022882306823,,1494.0,1473.0
1463935022911172585,927,1463935022903103661,,1494.0,1472.0
1463935023152529105,928,1463935022924311539,,1493.0,1465.0
1463935023154559253,929,1463935022945634885,,1494.0,1452.0
1463935023154895241,930,1463935022968049269,,1494.0,1448.0
1463935023157517053,931,1463935022991381096,,1493.0,1440.0
1463935023157581740,932,1463935023014620216,,1493.0,1431.0
1463935023161058808,933,1463935023039324225,,1494.0,1418.0
1463935023162802082,934,1463935023063157039,,1494.0,1441.0
1463935023164526658,935,1463935023084509344,,1494.0,1395.0
1463935023166167693,936,1463935023105001548,,1494.0,1386.0
1463935023166779357,937,1463935023128327125,,1492.0,1383.0
1463935023166837846,938,1463935023153614673,,1493.0,1379.0
1463935023404651308,939,1463935023173596098,,1494.0,1379.0
1463935023407196454,940,1463935023199101302,,1494.0,1371.0
1463935023407585463,941,1463935023222986929,,1494.0,1392.0
1463935023407949784,942,1463935023248462445,,1494.0,1398.0
1463935023408006971,943,1463935023271486253,,1493.0,1405.0
1463935023408246449,944,1463935023291690698,,1493.0,1410.0
1463935023408302907,945,1463935023315744084,,1494.0,1414.0
1463935023408683843,946,1463935023341459183,,1494.0,1424.0
1463935023411383571,947,1463935023370802911,,1493.0,1432.0
1463935023411884715,948,1463935023396664884,,1494.0,1440.0
1463935023709362349,949,1463935023420924937,,1494.0,1442.0
1463935023709402453,950,1463935023444294889,,1494.0,1450.0
1463935023709439953,951,1463935023469719936,,1494.0,1455.0
1463935023709476984,952,1463935023491149741,,1494.0,1466.0
1463935023709512036,953,1463935023513051366,,1494.0,1456.0
1463935023709545474,954,1463935023525622406,,1494.0,1453.0
1463935023709580734,955,1463935023567986079,,1494.0,1444.0
1463935023709616723,956,1463935023589019895,,1494.0,1463.0
1463935023709651046,957,1463935023611573861,,1494.0,1453.0
1463935023732230325,958,1463935023618862788,,1493.0,1453.0
1463935023732348657,959,1463935023638868067,,1493.0,1449.0
1463935023732458136,960,1463935023660407871,,1493.0,1451.0
1463935023736040621,961,1463935023707307306,,1494.0,1451.0
1463935023994845452,962,1463935023733322559,,1493.0,1434.0
1463935023995097274,963,1463935023755260434,,1494.0,1440.0
1463935023995370814,964,1463935023766122107,,1493.0,1419.0
1463935023995596126,965,1463935023784084999,,1494.0,1461.0
1463935023995811750,966,1463935023809370828,,1494.0,1438.0
1463935023996034509,967,1463935023837906071,,1494.0,1420.0
1463935023996277477,968,1463935023850241070,,1494.0,1437.0
1463935023996314768,969,1463935023866240168,,1494.0,1460.0
1463935023996379299,970,1463935023889370226,,1494.0,1439.0
1463935023996417737,971,1463935023912571376,,1494.0,1439.0
1463935023996450393,972,1463935023943921867,,1494.0,1440.0
1463935023997101119,973,1463935023954977133,,1494.0,1438.0
1463935023997354243,974,1463935023970732586,,1494.0,1440.0
1463935023997766168,975,1463935023987532150,,1494.0,1440.0
1463935024184023914,976,1463935024002458700,,1494.0,1443.0
1463935024184286673,977,1463935024032405135,,1494.0,1441.0
1463935024184332037,978,1463935024047677778,,1494.0,1423.0
1463935024184576880,979,1463935024063233701,,1494.0,1457.0
1463935024184852764,980,1463935024106375548,,1495.0,1425.0
1463935024188773112,981,1463935024135638704,,1494.0,1462.0
1463935024188843477,982,1463935024162728067,,1494.0,1425.0
1463935024190706698,983,1463935024174618589,,1494.0,1462.0
1463935024277044349,984,1463935024202802167,,1493.0,1445.0
1463935024277597472,985,1463935024226757012,,1494.0,1446.0
1463935024407928634,986,1463935024271623956,,1494.0,1452.0
1463935024407974988,987,1463935024297744521,,1493.0,1445.0
1463935024408018529,988,1463935024324803051,,1494.0,1445.0
1463935024408074727,989,1463935024353240169,,1494.0,1440.0
1463935024408116602,990,1463935024366160583,,1494.0,1437.0
1463935024408670141,991,1463935024369885880,,1494.0,1443.0
1463935024439940007,992,1463935024418109736,,1494.0,1439.0
1463935024478661612,993,1463935024446018575,,1493.0,1438.0
1463935024498405382,994,1463935024466827809,,1493.0,1442.0
1463935024498941109,995,1463935024491178746,,1493.0,1440.0
1463935024544581383,996,1463935024525586360,,1494.0,1443.0
1463935024545019141,997,1463935024533878668,,1494.0,1442.0
1463935024579002590,998,1463935024557156277,,1494.0,1440.0
1463935024598479486,999,1463935024595454863,,1494.0,1438.0
1463935024672076567,1000,1463935024647375735,,1493.0,1432.0
1463935024672185420,1001,1463935024666990182,,1494.0,1430.0
1463935024699822802,1002,1463935024692956842,,1494.0,1434.0
1463935024728343878,1003,1463935024705435174,,1493.0,1434.0
1463935024728665960,1004,1463935024724396864,,1493.0,1434.0
1463935024746402655,1005,1463935024741928039,,1494.0,1436.0
1463935024771123747,1006,1463935024761289883,,1494.0,1434.0
1463935024808490463,1007,1463935024782708802,,1494.0,1434.0
1463935024903643806,1008,1463935024835677169,,1494.0,1437.0
1463935024904093856,1009,1463935024865907248,,1494.0,1436.0
1463935024904332397,1010,1463935024883644412,,1493.0,1437.0
1463935024904609531,1011,1463935024895887172,,1493.0,1437.0
1463935024928913802,1012,1463935024911328669,,1494.0,1436.0
1463935024956046967,1013,1463935024940476773,,1493.0,1436.0
1463935025010428349,1014,1463935024989703178,,1494.0,1435.0
1463935025057384034,1015,1463935025018650450,,1493.0,1422.0
1463935025105674244,1016,1463935025041988214,,1494.0,1433.0
1463935025105725286,1017,1463935025049187767,,1494.0,1431.0
1463935025105763827,1018,1463935025079188160,,1494.0,1431.0
1463935025105807473,1019,1463935025094739708,,1493.0,1424.0
1463935025195434017,1020,1463935025146648184,,1494.0,1433.0
1463935025203802783,1021,1463935025177809717,,1494.0,1437.0
1463935025257310783,1022,1463935025207445684,,1494.0,1437.0
1463935025257359064,1023,1463935025248812174,,1494.0,1435.0
1463935025306654062,1024,1463935025297445351,,1493.0,1437.0
1463935025399053771,1025,1463935025342335055,,1494.0,1433.0
1463935025399495801,1026,1463935025386570387,,1493.0,1429.0
1463935025443673945,1027,1463935025420970552,,1493.0,1425.0
1463935025444047329,1028,1463935025430769208,,1494.0,1428.0
1463935025457996384,1029,1463935025451602713,,1494.0,1431.0
1463935025477888017,1030,1463935025468745817,,1494.0,1426.0
1463935025492013842,1031,1463935025490208538,,1494.0,1430.0
1463935025529133840,1032,1463935025519955390,,1494.0,1426.0
1463935025564982593,1033,1463935025548604903,,1494.0,1424.0
1463935025576019056,1034,1463935025572812716,,1495.0,1402.0
1463935025595984023,1035,1463935025594022469,,1494.0,1446.0
1463935025624785410,1036,1463935025617713253,,1493.0,1432.0
1463935025658127507,1037,1463935025636659422,,1494.0,1436.0
1463935025678740023,1038,1463935025666408461,,1494.0,1439.0
1463935025706601310,1039,1463935025689776903,,1494.0,1440.0
1463935025717546889,1040,1463935025711778997,,1494.0,1442.0
1463935025750739820,1041,1463935025738452216,,1493.0,1453.0
1463935025763659660,1042,1463935025761260243,,1494.0,1445.0
1463935025792563130,1043,1463935025787558568,,1493.0,1447.0
1463935025827523450,1044,1463935025816190477,,1493.0,1448.0
1463935025874023511,1045,1463935025851439129,,1494.0,1454.0
1463935025887575068,1046,1463935025880840357,,1494.0,1449.0
1463935025930892279,1047,1463935025913571103,,1494.0,1453.0
1463935025946835127,1048,1463935025939122816,,1494.0,1449.0
1463935025981082481,1049,1463935025967867954,,1494.0,1451.0
1463935026011625944,1050,1463935025999120268,,1494.0,1455.0
1463935026042865289,1051,1463935026026358745,,1494.0,1451.0
1463935026066253939,1052,1463935026054281439,,1494.0,1453.0
1463935026118024343,1053,1463935026083303450,,1494.0,1450.0
1463935026118441737,1054,1463935026108268968,,1494.0,1430.0
1463935026145602090,1055,1463935026129277472,,1493.0,1465.0
1463935026151985344,1056,1463935026145158185,,1494.0,1444.0
1463935026170524171,1057,1463935026151566439,,1494.0,1448.0
1463935026194694953,1058,1463935026177885181,,1493.0,1445.0
1463935026220268958,1059,1463935026201649246,,1493.0,1444.0
1463935026220307187,1060,1463935026208829424,,1493.0,1445.0
1463935026254757769,1061,1463935026228926317,,1494.0,1447.0
1463935026283550562,1062,1463935026269528539,,1494.0,1445.0
1463935026299305964,1063,1463935026294009997,,1494.0,1446.0
1463935026340183810,1064,1463935026325576945,,1494.0,1445.0
1463935026340615371,1065,1463935026335717110,,1493.0,1445.0
1463935026373121430,1066,1463935026365878440,,1493.0,1446.0
1463935026568536948,1067,1463935026390935468,,1493.0,1446.0
1463935026568591427,1068,1463935026415911403,,1493.0,1446.0
1463935026568629396,1069,1463935026445118465,,1494.0,1445.0
1463935026568956530,1070,1463935026469202008,,1494.0,1444.0
1463935026571889642,1071,1463935026499144485,,1494.0,1443.0
1463935026572510160,1072,1463935026530080342,,1493.0,1441.0
1463935026573110939,1073,1463935026558955843,,1493.0,1444.0
1463935026810750236,1074,1463935026591500704,,1494.0,1447.0
1463935026811022943,1075,1463935026618587203,,1494.0,1447.0
1463935026815837662,1076,1463935026644041730,,1494.0,1448.0
1463935026816149952,1077,1463935026678502259,,1494.0,1452.0
1463935026816410159,1078,1463935026707225522,,1494.0,1450.0
1463935026816692189,1079,1463935026733912647,,1494.0,1451.0
1463935026820623735,1080,1463935026766148030,,1494.0,1453.0
1463935026821385086,1081,1463935026793703954,,1494.0,1451.0
1463935027043316377,1082,1463935026824461114,,1494.0,1450.0
1463935027048745572,1083,1463935026853177346,,1494.0,1449.0
1463935027048813072,1084,1463935026881051654,,1493.0,1448.0
1463935027049155518,1085,1463935026913260006,,1495.0,1446.0
1463935027051568998,1086,1463935026940029006,,1494.0,1446.0
1463935027051975454,1087,1463935026969298933,,1493.0,1446.0
1463935027052506077,1088,1463935026996359338,,1493.0,1442.0
1463935027052730451,1089,1463935027023523076,,1493.0,1444.0
1463935027202128302,1090,1463935027056517987,,1494.0,1446.0
1463935027202203197,1091,1463935027086431036,,1494.0,1441.0
1463935027202238978,1092,1463935027114343677,,1493.0,1442.0
1463935027202272260,1093,1463935027139130186,,1493.0,1442.0
1463935027202305905,1094,1463935027170599062,,1494.0,1441.0
1463935027202339499,1095,1463935027195699840,,1494.0,1442.0
1463935027347811846,1096,1463935027225947106,,1493.0,1442.0
1463935027354289891,1097,1463935027256028280,,1494.0,1442.0
1463935027354341089,1098,1463935027284128368,,1494.0,1442.0
1463935027354383172,1099,1463935027310409037,,1493.0,1442.0
1463935027356297018,1100,1463935027345773573,,1494.0,1442.0
1463935027589343469,1101,1463935027364607399,,1493.0,1443.0
1463935027592248978,1102,1463935027388814275,,1493.0,1443.0
1463935027592699653,1103,1463935027408536482,,1493.0,1443.0
1463935027592758142,1104,1463935027430637481,,1494.0,1443.0
1463935027595616203,1105,1463935027454298682,,1493.0,1444.0
1463935027595685578,1106,1463935027478295611,,1494.0,1444.0
1463935027596089638,1107,1463935027503378212,,1493.0,1444.0
1463935027596483491,1108,1463935027526519050,,1493.0,1444.0
1463935027599627644,1109,1463935027551611131,,1493.0,1442.0
1463935027599704623,1110,1463935027574346294,,1493.0,1442.0
1463935028030908300,1111,1463935027597742444,,1494.0,1442.0
1463935028032658136,1112,1463935027616337312,,1494.0,1443.0
1463935028034167140,1113,1463935027634979785,,1494.0,1441.0
1463935028034483858,1114,1463935027655346989,,1493.0,1441.0
1463935028036977233,1115,1463935027678517515,,1494.0,1441.0
1463935028037325929,1116,1463935027698706908,,1493.0,1442.0
1463935028037646344,1117,1463935027719668173,,1494.0,1441.0
1463935028040206333,1118,1463935027743758955,,1493.0,1441.0
1463935028040554769,1119,1463935027764551418,,1493.0,1441.0
1463935028040823883,1120,1463935027784899300,,1493.0,1442.0
1463935028041094663,1121,1463935027805495201,,1494.0,1442.0
1463935028043921422,1122,1463935027827188911,,1494.0,1442.0
1463935028044264441,1123,1463935027846915753,,1494.0,1442.0
1463935028044557565,1124,1463935027873614754,,1494.0,1442.0
1463935028044846991,1125,1463935027895040235,,1495.0,1423.0
1463935028045183812,1126,1463935027915371607,,1493.0,1457.0
1463935028047774843,1127,1463935027934209912,,1493.0,1442.0
1463935028048119372,1128,1463935027957195074,,1493.0,1443.0
1463935028048410569,1129,1463935027980294454,,1493.0,1443.0
1463935028048701505,1130,1463935028003106596,,1494.0,1443.0
1463935028050609622,1131,1463935028024787597,,1494.0,1443.0
1463935028052381333,1132,1463935028046378703,,1494.0,1442.0
1463935028973817863,1133,1463935028068678712,,1493.0,1442.0
1463935028981625277,1134,1463935028089834090,,1493.0,1442.0
1463935028981902463,1135,1463935028112805346,,1493.0,1442.0
1463935028981951682,1136,1463935028132032139,,1494.0,1443.0
1463935028981991630,1137,1463935028151654867,,1493.0,1443.0
1463935028982026890,1138,1463935028173064255,,1494.0,1443.0
1463935028982062671,1139,1463935028195309524,,1493.0,1443.0
1463935028982098296,1140,1463935028214820951,,1493.0,1443.0
1463935028982134754,1141,1463935028239116473,,1494.0,1443.0
1463935028982172410,1142,1463935028256439315,,1493.0,1443.0
1463935028982209337,1143,1463935028278646564,,1492.0,1442.0
1463935028982257202,1144,1463935028300623605,,1493.0,1441.0
1463935028982291785,1145,1463935028323131842,,1493.0,1441.0
1463935028982329076,1146,1463935028343547380,,1494.0,1442.0
1463935028982382826,1147,1463935028366810562,,1494.0,1443.0
1463935028982419232,1148,1463935028389636350,,1494.0,1443.0
1463935028982455951,1149,1463935028410680427,,1494.0,1445.0
1463935028982490638,1150,1463935028431246068,,1494.0,1446.0
1463935028982524127,1151,1463935028452712382,,1494.0,1448.0
1463935028982557252,1152,1463935028473173388,,1494.0,1449.0
1463935028982591731,1153,1463935028494201424,,1494.0,1449.0
1463935028982627356,1154,1463935028516987732,,1494.0,1449.0
1463935028993001426,1155,1463935028536500045,,1494.0,1449.0
1463935028993173769,1156,1463935028558040942,,1494.0,1449.0
1463935028993228665,1157,1463935028579564652,,1494.0,1449.0
1463935028993274186,1158,1463935028600186700,,1494.0,1450.0
1463935028993309186,1159,1463935028621443900,,1494.0,1450.0
1463935028993346373,1160,1463935028642526571,,1493.0,1451.0
1463935028993503664,1161,1463935028663774553,,1493.0,1451.0
1463935028993724496,1162,1463935028686295498,,1494.0,1450.0
1463935028993949183,1163,1463935028705885831,,1493.0,1449.0
1463935028994166838,1164,1463935028726995220,,1492.0,1449.0
1463935028994216265,1165,1463935028748795804,,1493.0,1448.0
1463935028994256681,1166,1463935028769720975,,1494.0,1447.0
1463935028994289754,1167,1463935028792005619,,1494.0,1446.0
1463935028994323348,1168,1463935028816884211,,1493.0,1446.0
1463935028994358087,1169,1463935028852017029,,1494.0,1445.0
1463935028994965845,1170,1463935028864848797,,1493.0,1445.0
1463935028995447353,1171,1463935028895299552,,1493.0,1444.0
1463935028998707340,1172,1463935028907243408,,1493.0,1443.0
1463935028998847651,1173,1463935028917266021,,1493.0,1446.0
1463935028998932912,1174,1463935028946281262,,1493.0,1443.0
1463935029107966560,1175,1463935028993138718,,1494.0,1441.0
1463935029108022810,1176,1463935029008258288,,1495.0,1422.0
1463935029108063539,1177,1463935029038415555,,1494.0,1438.0
1463935029108101247,1178,1463935029069665578,,1494.0,1443.0
1463935029124585291,1179,1463935029117072094,,1493.0,1438.0
1463935029166482872,1180,1463935029160398107,,1494.0,1436.0
1463935029189334858,1181,1463935029178822142,,1494.0,1439.0
1463935029232877015,1182,1463935029212171531,,1493.0,1441.0
1463935029233423159,1183,1463935029219241501,,1493.0,1440.0
1463935029276460110,1184,1463935029252181204,,1494.0,1441.0
1463935029326379532,1185,1463935029285156740,,1493.0,1443.0
1463935029328944313,1186,1463935029311475742,,1493.0,1442.0
1463935029365537542,1187,1463935029343331804,,1494.0,1443.0
1463935029669022963,1188,1463935029375255521,,1494.0,1444.0
1463935029669340306,1189,1463935029396871262,,1494.0,1444.0
1463935029671037173,1190,1463935029416047587,,1494.0,1444.0
1463935029671388161,1191,1463935029438120357,,1493.0,1444.0
1463935029671687483,1192,1463935029457409441,,1494.0,1444.0
1463935029671970867,1193,1463935029479696377,,1494.0,1444.0
1463935029674837782,1194,1463935029502608414,,1494.0,1444.0
1463935029676460431,1195,1463935029526887686,,1494.0,1444.0
1463935029676539494,1196,1463935029551244456,,1491.0,1445.0
1463935029676838763,1197,1463935029574666231,,1494.0,1444.0
1463935029677106158,1198,1463935029598236912,,1494.0,1443.0
1463935029677378344,1199,1463935029621500823,,1493.0,1443.0
1463935029679216513,1200,1463935029642660784,,1494.0,1443.0
1463935029679754428,1201,1463935029666057820,,1494.0,1442.0
1463935029956705535,1202,1463935029690943286,,1494.0,1442.0
1463935029956750119,1203,1463935029714303968,,1493.0,1442.0
1463935029956783139,1204,1463935029738251365,,1494.0,1442.0
1463935029956817462,1205,1463935029758046281,,1494.0,1423.0
1463935029956851160,1206,1463935029789003336,,1493.0,1457.0
1463935029956883243,1207,1463935029815372025,,1494.0,1436.0
1463935029956911889,1208,1463935029833963352,,1494.0,1437.0
1463935029963309413,1209,1463935029853678945,,1494.0,1439.0
1463935029963380507,1210,1463935029875142499,,1494.0,1438.0
1463935029963453944,1211,1463935029904590758,,1494.0,1438.0
1463935029963497121,1212,1463935029927962950,,1494.0,1438.0
1463935029963647016,1213,1463935029952649042,,1580.0,1438.0
1463935030250919590,1214,1463935029977264197,,1580.0,1438.0
1463935030250960267,1215,1463935030001435292,,1580.0,1438.0
1463935030250997402,1216,1463935030027712211,,1580.0,1440.0
1463935030251032715,1217,1463935030052196638,,1580.0,1439.0
1463935030251067454,1218,1463935030074593000,,1580.0,1439.0
1463935030251101933,1219,1463935030094085104,,1580.0,1442.0
1463935030251135839,1220,1463935030117072506,,1580.0,1441.0
1463935030251170162,1221,1463935030139281317,,1580.0,1442.0
1463935030251204745,1222,1463935030160874246,,1580.0,1442.0
1463935030251240891,1223,1463935030182781600,,1580.0,1445.0
1463935030251276411,1224,1463935030205111661,,1580.0,1444.0
1463935030251312974,1225,1463935030228847341,,1580.0,1445.0
1463935030288039535,1226,1463935030250873340,,1580.0,1447.0
1463935030288476200,1227,1463935030272802257,,1580.0,1443.0
1463935030300205108,1228,1463935030295212213,,1580.0,1443.0
1463935030326274060,1229,1463935030317416858,,1580.0,1443.0
1463935030343286122,1230,1463935030339827647,,1580.0,1442.0
1463935030368137266,1231,1463935030365833995,,1580.0,1447.0
1463935030393127003,1232,1463935030389797798,,1580.0,1449.0
1463935030416427684,1233,1463935030413786550,,1580.0,1456.0
1463935030438932484,1234,1463935030436558848,,1580.0,1468.0
1463935030462379728,1235,1463935030460060779,,1580.0,1449.0
1463935030502495077,1236,1463935030481367199,,1580.0,1452.0
1463935030505168034,1237,1463935030503267313,,1580.0,1452.0
1463935030541734180,1238,1463935030524615399,,1580.0,1453.0
1463935030553693452,1239,1463935030547760352,,1580.0,1454.0
1463935030574773882,1240,1463935030572534569,,1580.0,1457.0
1463935030603005897,1241,1463935030600902052,,1580.0,1449.0
1463935030627569230,1242,1463935030623941172,,1580.0,1462.0
1463935030648596952,1243,1463935030646474670,,1580.0,1463.0
1463935030671030398,1244,1463935030668389784,,1580.0,1468.0
1463935030697078360,1245,1463935030694530245,,1580.0,1462.0
1463935030720706384,1246,1463935030717854417,,1580.0,1469.0
1463935030743552484,1247,1463935030741276400,,1580.0,1450.0
1463935030772598245,1248,1463935030769721539,,1580.0,1489.0
1463935030803378686,1249,1463935030798604644,,1580.0,1478.0
1463935030828569933,1250,1463935030823480788,,1580.0,1474.0
1463935030851803115,1251,1463935030845555433,,1580.0,1478.0
1463935030870632930,1252,1463935030867619193,,1580.0,1475.0
1463935030893344604,1253,1463935030890062222,,1580.0,1480.0
1463935030916361172,1254,1463935030914050505,,1580.0,1475.0
1463935030941673876,1255,1463935030939186856,,1580.0,1490.0
1463935030964793517,1256,1463935030961902384,,1580.0,1474.0
1463935030991585694,1257,1463935030985092649,,1580.0,1484.0
1463935031050767368,1258,1463935031006253704,,1580.0,1460.0
1463935031050804764,1259,1463935031025761902,,1580.0,1464.0
1463935031060872690,1260,1463935031047665871,,1580.0,1483.0
1463935031072166131,1261,1463935031070302806,,1580.0,1367.0
1463935031096299465,1262,1463935031094576400,,1580.0,1453.0
1463935031131809678,1263,1463935031118158695,,1580.0,1458.0
1463935031143195931,1264,1463935031140064122,,1580.0,1439.0
1463935031171376801,1265,1463935031165941668,,1580.0,1418.0
1463935031203041405,1266,1463935031189750159,,1580.0,1453.0
1463935031219317533,1267,1463935031212783082,,1580.0,1434.0
1463935031266495092,1268,1463935031236363346,,1580.0,1448.0
1463935031267011027,1269,1463935031257397110,,1580.0,1446.0
1463935031294357785,1270,1463935031280347533,,1580.0,1440.0
1463935031305452217,1271,1463935031302503063,,1580.0,1444.0
1463935031330986899,1272,1463935031324865988,,1580.0,1449.0
1463935031356027938,1273,1463935031345940638,,1580.0,1429.0
1463935031376957536,1274,1463935031366552424,,1580.0,1438.0
1463935031401244932,1275,1463935031387937437,,1580.0,1445.0
1463935031416475544,1276,1463935031409142346,,1580.0,1449.0
1463935031443931052,1277,1463935031431596053,,1580.0,1432.0
1463935031456838549,1278,1463935031453709396,,1580.0,1448.0
1463935031480288917,1279,1463935031474114933,,1580.0,1452.0
1463935031507143698,1280,1463935031497412542,,1580.0,1454.0
1463935031522221603,1281,1463935031518726565,,1580.0,1445.0
1463935031556762549,1282,1463935031539323925,,1580.0,1448.0
1463935031566715423,1283,1463935031561651694,,1580.0,1458.0
1463935031591674118,1284,1463935031583200300,,1580.0,1456.0
1463935031619999882,1285,1463935031604847343,,1580.0,1455.0
1463935031627892036,1286,1463935031625910118,,1580.0,1419.0
1463935031652545212,1287,1463935031647051277,,1580.0,1493.0
1463935031671451433,1288,1463935031669312901,,1580.0,1480.0
1463935031693944462,1289,1463935031691097287,,1580.0,1441.0
1463935031721087263,1290,1463935031713579482,,1580.0,1465.0
1463935031738227242,1291,1463935031736560374,,1580.0,1464.0
1463935031763883642,1292,1463935031758486530,,1580.0,1457.0
1463935031783436892,1293,1463935031781035704,,1580.0,1462.0
1463935031810630734,1294,1463935031803917482,,1580.0,1458.0
1463935031831149084,1295,1463935031826171032,,1580.0,1452.0
1463935031910756191,1296,1463935031846957245,,1580.0,1456.0
1463935031911302752,1297,1463935031866215496,,1580.0,1455.0
1463935031930317983,1298,1463935031886958220,,1580.0,1440.0
1463935031930753866,1299,1463935031907542091,,1580.0,1445.0
1463935031931113344,1300,1463935031929376789,,1580.0,1441.0
1463935031959304734,1301,1463935031951611381,,1580.0,1447.0
1463935031984377283,1302,1463935031967972561,,1580.0,1450.0
1463935032001503512,1303,1463935031999904404,,1580.0,1433.0
1463935032045376658,1304,1463935032037594347,,1580.0,1462.0
1463935032109925027,1305,1463935032101346314,,1580.0,1445.0
1463935032167899155,1306,1463935032163265060,,1580.0,1432.0
1463935032228994102,1307,1463935032198127463,,1580.0,1421.0
1463935032261623389,1308,1463935032246511214,,1580.0,1428.0
1463935032261773545,1309,1463935032258275799,,1580.0,1424.0
1463935032301968529,1310,1463935032295221579,,1580.0,1435.0
1463935032332467045,1311,1463935032327277223,,1580.0,1427.0
1463935032377917788,1312,1463935032364639511,,1580.0,1434.0
1463935032406240479,1313,1463935032395755107,,1580.0,1458.0
1463935032417776263,1314,1463935032407893597,,1580.0,1442.0
1463935032447690510,1315,1463935032442594959,,1580.0,1399.0
1463935032467756518,1316,1463935032454732199,,1580.0,1499.0
1463935032480852452,1317,1463935032470698433,,1580.0,1444.0
1463935032500880596,1318,1463935032496712020,,1580.0,1438.0
1463935032548720131,1319,1463935032533688945,,1580.0,1456.0
1463935032563743660,1320,1463935032559808469,,1580.0,1452.0
1463935032578571565,1321,1463935032576064857,,1580.0,1475.0
1463935032610538200,1322,1463935032595293213,,1580.0,1459.0
1463935032629030516,1323,1463935032615027399,,1580.0,1465.0
1463935032645927736,1324,1463935032637899645,,1580.0,1465.0
1463935032662211520,1325,1463935032658830806,,1580.0,1453.0
1463935032686655999,1326,1463935032678000463,,1580.0,1456.0
1463935032703309366,1327,1463935032697109965,,1580.0,1457.0
1463935032821446933,1328,1463935032737563125,,1580.0,1456.0
1463935032821795213,1329,1463935032760715162,,1580.0,1463.0
1463935032822102347,1330,1463935032782700901,,1580.0,1454.0
1463935032822924948,1331,1463935032803277219,,1580.0,1448.0
1463935032834565731,1332,1463935032824212807,,1580.0,1449.0
1463935032847920206,1333,1463935032844629699,,1580.0,1447.0
1463935032868448659,1334,1463935032865045914,,1580.0,1447.0
1463935032888615604,1335,1463935032884245727,,1580.0,1412.0
1463935032928606059,1336,1463935032905388502,,1580.0,1475.0
1463935032928978974,1337,1463935032922812698,,1580.0,1450.0
1463935032956258024,1338,1463935032942886570,,1580.0,1447.0
1463935032973565033,1339,1463935032961387429,,1580.0,1457.0
1463935033034612741,1340,1463935032980760471,,1580.0,1449.0
1463935033034665865,1341,1463935032999521797,,1580.0,1449.0
1463935033035100239,1342,1463935033024241431,,1580.0,1446.0
1463935033077421099,1343,1463935033052070687,,1580.0,1449.0
1463935033093406344,1344,1463935033076610113,,1580.0,1445.0
1463935033124118712,1345,1463935033105807436,,1580.0,1459.0
1463935033187943543,1346,1463935033139573542,,1580.0,1439.0
1463935033199211777,1347,1463935033188152188,,1580.0,1453.0
1463935033250228381,1348,1463935033245725901,,1580.0,1444.0
1463935033353160181,1349,1463935033285926562,,1580.0,1440.0
1463935033353196795,1350,1463935033313399361,,1580.0,1443.0
1463935033353236378,1351,1463935033336736032,,1580.0,1446.0
1463935033366005022,1352,1463935033363209565,,1580.0,1443.0
1463935033398420664,1353,1463935033392120743,,1580.0,1434.0
1463935033428835482,1354,1463935033425089457,,1580.0,1446.0
1463935033462301225,1355,1463935033452472152,,1580.0,1440.0
1463935033483751237,1356,1463935033481564840,,1580.0,1447.0
1463935033516472868,1357,1463935033513309496,,1580.0,1440.0
1463935033547575912,1358,1463935033542909578,,1580.0,1451.0
1463935033591447704,1359,1463935033586605172,,1580.0,1417.0
1463935033633310389,1360,1463935033622607831,,1580.0,1491.0
1463935033658468876,1361,1463935033640556817,,1580.0,1442.0
1463935033658593302,1362,1463935033647462881,,1580.0,1447.0
1463935033678134989,1363,1463935033666188634,,1580.0,1468.0
1463935033694931272,1364,1463935033688671142,,1580.0,1449.0
1463935033714398532,1365,1463935033706159505,,1580.0,1479.0
1463935033735310630,1366,1463935033726263429,,1580.0,1437.0
1463935033746997299,1367,1463935033743994760,,1580.0,1473.0
1463935033767023307,1368,1463935033763138793,,1580.0,1457.0
1463935033785567186,1369,1463935033782966729,,1580.0,1431.0
1463935033830383557,1370,1463935033813688524,,1580.0,1453.0
1463935033839432946,1371,1463935033832605527,,1580.0,1461.0
1463935033878510018,1372,1463935033847897493,,1580.0,1454.0
1463935033886045923,1373,1463935033868145479,,1580.0,1450.0
1463935033915735953,1374,1463935033890046167,,1580.0,1453.0
1463935033916050118,1375,1463935033902976528,,1580.0,1456.0
1463935033935759305,1376,1463935033923393003,,1580.0,1473.0
1463935033963020282,1377,1463935033946832434,,1580.0,1436.0
1463935034011916427,1378,1463935033966634433,,1580.0,1431.0
1463935034012174030,1379,1463935033988971004,,1580.0,1471.0
1463935034012294134,1380,1463935034003274328,,1580.0,1453.0
1463935034072861427,1381,1463935034031857019,,1580.0,1450.0
1463935034073239238,1382,1463935034067645251,,1580.0,1451.0
1463935034104345823,1383,1463935034097597363,,1580.0,1466.0
1463935034156979036,1384,1463935034139551558,,1580.0,1443.0
1463935034191291493,1385,1463935034167969458,,1580.0,1451.0
1463935034215966336,1386,1463935034212675464,,1580.0,1465.0
1463935034260944581,1387,1463935034255930175,,1580.0,1427.0
1463935034302004562,1388,1463935034295012717,,1580.0,1476.0
1463935034345501407,1389,1463935034332063964,,1580.0,1436.0
1463935034379556938,1390,1463935034365233458,,1580.0,1446.0
1463935034395565620,1391,1463935034392645685,,1580.0,1452.0
1463935034423015034,1392,1463935034403287462,,1580.0,1444.0
1463935034423606438,1393,1463935034415742878,,1580.0,1453.0
1463935034445712281,1394,1463935034437719138,,1580.0,1450.0
1463935034493173119,1395,1463935034467971144,,1580.0,1442.0
1463935034495121236,1396,1463935034490222976,,1580.0,1446.0
1463935034583470806,1397,1463935034513389960,,1580.0,1420.0
1463935034583512473,1398,1463935034537042567,,1580.0,1444.0
1463935034584883248,1399,1463935034561018194,,1580.0,1462.0
1463935034704456435,1400,1463935034582670393,,1580.0,1450.0
1463935034704726382,1401,1463935034605296546,,1580.0,1449.0
1463935034704989193,1402,1463935034630478314,,1580.0,1405.0
1463935034708276002,1403,1463935034651965045,,1580.0,1505.0
1463935034708886885,1404,1463935034674712447,,1580.0,1445.0
1463935034709338237,1405,1463935034700436244,,1580.0,1443.0
1463935035158442931,1406,1463935034721945735,,1580.0,1455.0
1463935035158714076,1407,1463935034744294910,,1580.0,1456.0
1463935035158992252,1408,1463935034766036849,,1580.0,1453.0
1463935035159277772,1409,1463935034787585871,,1580.0,1455.0
1463935035159567458,1410,1463935034811077541,,1580.0,1422.0
1463935035162334373,1411,1463935034832195107,,1580.0,1475.0
1463935035162707861,1412,1463935034852610697,,1580.0,1481.0
1463935035163003276,1413,1463935034873887950,,1580.0,1453.0
1463935035163287129,1414,1463935034895167182,,1580.0,1442.0
1463935035165739463,1415,1463935034917457191,,1580.0,1462.0
1463935035166089617,1416,1463935034938070280,,1580.0,1454.0
1463935035166434251,1417,1463935034960551746,,1580.0,1464.0
1463935035166748000,1418,1463935034981498948,,1580.0,1456.0
1463935035169144084,1419,1463935035004230674,,1580.0,1432.0
1463935035169442207,1420,1463935035027306148,,1580.0,1479.0
1463935035169712206,1421,1463935035048657828,,1580.0,1457.0
1463935035175554942,1422,1463935035071068201,,1580.0,1449.0
1463935035175948013,1423,1463935035093343001,,1580.0,1454.0
1463935035176222907,1424,1463935035116169570,,1580.0,1434.0
1463935035176794780,1425,1463935035138755932,,1580.0,1468.0
1463935035177249674,1426,1463935035159184907,,1580.0,1452.0
1463935035829929800,1427,1463935035180999866,,1580.0,1458.0
1463935035829975164,1428,1463935035201631705,,1580.0,1442.0
1463935035837170863,1429,1463935035232167929,,1580.0,1445.0
1463935035837261904,1430,1463935035252749559,,1580.0,1455.0
1463935035841271835,1431,1463935035274002698,,1580.0,1446.0
1463935035841334855,1432,1463935035295229847,,1580.0,1442.0
1463935035841370689,1433,1463935035316528610,,1580.0,1440.0
1463935035843544794,1434,1463935035343075475,,1580.0,1460.0
1463935035845447442,1435,1463935035364086635,,1580.0,1445.0
1463935035845901971,1436,1463935035385423471,,1580.0,1418.0
1463935035845957700,1437,1463935035408042437,,1580.0,1462.0
1463935035848707897,1438,1463935035432201084,,1580.0,1448.0
1463935035848761647,1439,1463935035453948074,,1580.0,1408.0
1463935035848799094,1440,1463935035479427549,,1580.0,1484.0
1463935035854313498,1441,1463935035506894462,,1580.0,1457.0
1463935035854370685,1442,1463935035530744777,,1580.0,1452.0
1463935035856168542,1443,1463935035553828637,,1580.0,1451.0
1463935035856594426,1444,1463935035576722445,,1580.0,1459.0
1463935035857358016,1445,1463935035601441871,,1580.0,1458.0
1463935035859585559,1446,1463935035626109213,,1580.0,1447.0
1463935035864289236,1447,1463935035649881143,,1580.0,1459.0
1463935035866043864,1448,1463935035673844113,,1536.0,1474.0
1463935035866238134,1449,1463935035696426465,,1494.0,1438.0
1463935035867695732,1450,1463935035724669313,,1494.0,1448.0
1463935035869443485,1451,1463935035746977498,,1494.0,1458.0
1463935035869500673,1452,1463935035775841958,,1493.0,1445.0
1463935035874343725,1453,1463935035799846387,,1488.0,1463.0
1463935035874411068,1454,1463935035824459251,,1494.0,1430.0
1463935035874523984,1455,1463935035847382486,,1493.0,1455.0
1463935035874907160,1456,1463935035871777277,,1493.0,1453.0
1463935037998656361,1457,1463935035896311339,,1494.0,1438.0
1463935037998997506,1458,1463935035923580702,,1494.0,1444.0
1463935038001748483,1459,1463935035946631124,,1494.0,1444.0
1463935038002068065,1460,1463935035969507276,,1493.0,1445.0
1463935038002348898,1461,1463935035993544569,,1481.0,1450.0
1463935038002627750,1462,1463935036018160402,,1493.0,1456.0
1463935038002890614,1463,1463935036042962483,,1480.0,1446.0
1463935038003165977,1464,1463935036065492491,,1481.0,1446.0
1463935038003415924,1465,1463935036091105923,,1481.0,1444.0
1463935038003674986,1466,1463935036116998729,,1454.0,1457.0
1463935038005067584,1467,1463935036141570447,,1450.0,1445.0
1463935038005413572,1468,1463935036165637427,,1451.0,1438.0
1463935038005698414,1469,1463935036187548479,,1401.0,1461.0
1463935038005961642,1470,1463935036212037177,,1398.0,1449.0
1463935038006224506,1471,1463935036246980882,,1414.0,1475.0
1463935038006468932,1472,1463935036274230557,,1426.0,1440.0
1463935038006718671,1473,1463935036297295198,,1414.0,1482.0
1463935038008270487,1474,1463935036322099779,,1407.0,1472.0
1463935038008698245,1475,1463935036344537704,,1397.0,1463.0
1463935038009038504,1476,1463935036371965816,,1390.0,1456.0
1463935038009362774,1477,1463935036395049467,,1391.0,1473.0
1463935038011002663,1478,1463935036416886249,,1390.0,1447.0
1463935038011325005,1479,1463935036439923911,,1390.0,1453.0
1463935038011582348,1480,1463935036463959589,,1386.0,1441.0
1463935038011845680,1481,1463935036487236938,,1373.0,1499.0
1463935038012087293,1482,1463935036512218498,,1355.0,1475.0
1463935038014530095,1483,1463935036536509748,,1355.0,1483.0
1463935038014936135,1484,1463935036559032360,,1354.0,1487.0
1463935038015241290,1485,1463935036587317968,,1363.0,1461.0
1463935038015529622,1486,1463935036612179685,,1353.0,1467.0
1463935038015838007,1487,1463935036635925312,,1327.0,1477.0
1463935038018128934,1488,1463935036659093651,,1327.0,1452.0
1463935038018447214,1489,1463935036683021830,,1291.0,1462.0
1463935038019821583,1490,1463935036706775322,,1274.0,1457.0
1463935038020269290,1491,1463935036732704586,,1274.0,1449.0
1463935038020577518,1492,1463935036760923684,,1274.0,1452.0
1463935038020878766,1493,1463935036784490823,,1275.0,1447.0
1463935038021159338,1494,1463935036809512227,,1274.0,1422.0
1463935038021429441,1495,1463935036832166661,,1274.0,1446.0
1463935038023501515,1496,1463935036854206723,,1272.0,1442.0
1463935038023904691,1497,1463935036878231464,,1274.0,1430.0
1463935038025392445,1498,1463935036902190997,,1274.0,1427.0
1463935038025752964,1499,1463935036927430889,,1287.0,1422.0
1463935038026043640,1500,1463935036954317389,,1289.0,1416.0
1463935038026368118,1501,1463935036977994475,,1290.0,1445.0
1463935038027997642,1502,1463935037003023951,,1289.0,1451.0
1463935038028306339,1503,1463935037024659171,,1290.0,1498.0
1463935038028588369,1504,1463935037048041884,,1290.0,1448.0
1463935038028866024,1505,1463935037072376311,,1293.0,1516.0
1463935038029118731,1506,1463935037095928033,,1274.0,1487.0
1463935038029375657,1507,1463935037122397764,,1274.0,1539.0
1463935038029632062,1508,1463935037146840107,,1278.0,1634.0
1463935038029914300,1509,1463935037168825065,,1274.0,1563.0
1463935038030600131,1510,1463935037192962827,,1274.0,1552.0
1463935038030931171,1511,1463935037215846687,,1286.0,1520.0
1463935038031261691,1512,1463935037243136831,,1274.0,1517.0
1463935038032836580,1513,1463935037265569027,,1274.0,1505.0
1463935038033155432,1514,1463935037291779644,,1287.0,1472.0
1463935038033408036,1515,1463935037318175052,,1274.0,1380.0
1463935038033651680,1516,1463935037342230574,,1271.0,1410.0
1463935038033886940,1517,1463935037366768594,,1274.0,1376.0
1463935038034140741,1518,1463935037388866052,,1287.0,1319.0
1463935038034385479,1519,1463935037415271928,,1245.0,1372.0
1463935038034638187,1520,1463935037445653778,,1245.0,1337.0
1463935038034912873,1521,1463935037469936695,,1242.0,1456.0
1463935038036624376,1522,1463935037496552987,,1242.0,1558.0
1463935038036945208,1523,1463935037519601170,,1241.0,1482.0
1463935038038587961,1524,1463935037546255327,,1242.0,1470.0
1463935038038913429,1525,1463935037569698872,,1241.0,1490.0
1463935038039202855,1526,1463935037593217001,,1242.0,1476.0
1463935038040861597,1527,1463935037615271438,,1242.0,1494.0
1463935038041148263,1528,1463935037639492376,,1242.0,1588.0
1463935038041431074,1529,1463935037666193303,,1242.0,1750.0
1463935038041701854,1530,1463935037689769609,,1243.0,1687.0
1463935038041991072,1531,1463935037713526799,,1242.0,1696.0
1463935038043470232,1532,1463935037736923261,,1242.0,1717.0
1463935038043752210,1533,1463935037764382102,,1242.0,1721.0
1463935038044009396,1534,1463935037787086693,,1242.0,1735.0
1463935038044269916,1535,1463935037811757525,,1242.0,1710.0
1463935038045657046,1536,1463935037846465033,,1242.0,1712.0
1463935038047185945,1537,1463935037874387465,,1242.0,1678.0
1463935038047569121,1538,1463935037905767435,,1242.0,1690.0
1463935038047887922,1539,1463935037937250270,,1242.0,1625.0
1463935038049401821,1540,1463935037968439615,,1226.0,1624.0
1463935038050029683,1541,1463935037998705840,,1210.0,1529.0
1463935038050587441,1542,1463935038030977473,,1194.0,1533.0
1463935039686490343,1543,1463935038064604986,,1148.0,1430.0
1463935039686779821,1544,1463935038092982781,,1146.0,1470.0
1463935039689219758,1545,1463935038124053273,,1146.0,1442.0
1463935039689282831,1546,1463935038156014647,,1147.0,1296.0
1463935039689658090,1547,1463935038189943616,,1146.0,1360.0
1463935039689929078,1548,1463935038227759913,,1130.0,1250.0
1463935039690359181,1549,1463935038258644000,,1131.0,1250.0
1463935039690670690,1550,1463935038288205384,,1054.0,1373.0
1463935039690927459,1551,1463935038317433696,,1050.0,1454.0
1463935039692477765,1552,1463935038349611007,,1050.0,1566.0
1463935039692772816,1553,1463935038378667080,,1051.0,1455.0
1463935039693015367,1554,1463935038414756613,,1050.0,1369.0
1463935039693256616,1555,1463935038446396218,,1051.0,1345.0
1463935039695888740,1556,1463935038479066339,,1051.0,1371.0
1463935039721618266,1557,1463935038510328236,,1050.0,1401.0
1463935039724573878,1558,1463935038546965944,,1052.0,1386.0
1463935039724887627,1559,1463935038577846854,,1050.0,1349.0
1463935039725148355,1560,1463935038612170197,,1002.0,1250.0
1463935039725408093,1561,1463935038647267182,,1002.0,1254.0
1463935039725667363,1562,1463935038677949030,,1002.0,1280.0
1463935039725939549,1563,1463935038713575232,,1002.0,1257.0
1463935039727581782,1564,1463935038744452808,,1002.0,1273.0
1463935039729141984,1565,1463935038777079908,,1018.0,1259.0
1463935039730825622,1566,1463935038806164471,,1017.0,1267.0
1463935039731165985,1567,1463935038839693807,,1017.0,1267.0
1463935039732702593,1568,1463935038872083408,,1113.0,1274.0
1463935039733016238,1569,1463935038904320510,,1240.0,1270.0
1463935039733328424,1570,1463935038936111780,,1242.0,1273.0
1463935039733633996,1571,1463935038966815764,,1354.0,1272.0
1463935039736180547,1572,1463935038997478758,,1353.0,1273.0
1463935039736492629,1573,1463935039032701367,,1494.0,1275.0
1463935039736802107,1574,1463935039064242430,,1493.0,1274.0
1463935039737076637,1575,1463935039096244689,,1493.0,1275.0
1463935039737379032,1576,1463935039128427677,,1494.0,1274.0
1463935039737658562,1577,1463935039163232059,,1494.0,1274.0
1463935039737934186,1578,1463935039195541348,,1493.0,1274.0
1463935039739595116,1579,1463935039236347528,,1494.0,1274.0
1463935039739915271,1580,1463935039265747506,,1494.0,1274.0
1463935039740304175,1581,1463935039295724097,,1493.0,1274.0
1463935039742809477,1582,1463935039325773031,,1493.0,1274.0
1463935039743150205,1583,1463935039358770286,,1494.0,1275.0
1463935039743432443,1584,1463935039394337113,,1494.0,1274.0
1463935039743718171,1585,1463935039427178952,,1493.0,1275.0
1463935039743981035,1586,1463935039459621938,,1494.0,1275.0
1463935039744277283,1587,1463935039489142072,,1494.0,1275.0
1463935039744571970,1588,1463935039520325897,,1494.0,1275.0
1463935039747648519,1589,1463935039553636953,,1494.0,1256.0
1463935039748023778,1590,1463935039579868143,,1494.0,1291.0
1463935039748354037,1591,1463935039602056173,,1494.0,1275.0
1463935039748679608,1592,1463935039626667422,,1493.0,1275.0
1463935039748952263,1593,1463935039653474026,,1494.0,1275.0
1463935039749255127,1594,1463935039676898926,,1494.0,1275.0
1463935039749531636,1595,1463935039699568308,,1493.0,1275.0
1463935039750036686,1596,1463935039723709090,,1494.0,1275.0
1463935039750726266,1597,1463935039747745654,,1494.0,1275.0
1463935040421389180,1598,1463935039778064639,,1493.0,1275.0
1463935040421450951,1599,1463935039806268633,,1493.0,1276.0
1463935040421783866,1600,1463935039835317519,,1493.0,1276.0
1463935040422099854,1601,1463935039864918799,,1494.0,1275.0
1463935040422389488,1602,1463935039896904391,,1493.0,1276.0
1463935040422665946,1603,1463935039925828538,,1494.0,1276.0
1463935040422936361,1604,1463935039961453074,,1493.0,1276.0
1463935040423210006,1605,1463935039992742992,,1493.0,1276.0
1463935040423474223,1606,1463935040023533746,,1494.0,1276.0
1463935040423990054,1607,1463935040050995087,,1495.0,1272.0
1463935040424042138,1608,1463935040078782572,,1493.0,1293.0
1463935040424072658,1609,1463935040113400028,,1494.0,1276.0
1463935040424379272,1610,1463935040146505720,,1493.0,1276.0
1463935040424653020,1611,1463935040185456387,,1494.0,1276.0
1463935040424952498,1612,1463935040226927720,,1493.0,1276.0
1463935040425264476,1613,1463935040259806225,,1493.0,1276.0
1463935040425577183,1614,1463935040294741961,,1494.0,1277.0
1463935040425839005,1615,1463935040326057765,,1494.0,1276.0
1463935040426102545,1616,1463935040363626563,,1494.0,1277.0
1463935040426572856,1617,1463935040396444912,,1493.0,1276.0
1463935040537597902,1618,1463935040444138458,,1494.0,1276.0
1463935040537901130,1619,1463935040492521845,,1494.0,1277.0
1463935040559710099,1620,1463935040534207812,,1494.0,1277.0
1463935040596792389,1621,1463935040579558035,,1494.0,1277.0
1463935040653662927,1622,1463935040596594473,,1493.0,1277.0
1463935040653761520,1623,1463935040632431247,,1494.0,1276.0
1463935040691606723,1624,1463935040662242525,,1493.0,1277.0
1463935040711428617,1625,1463935040684451493,,1494.0,1277.0
1463935040749320434,1626,1463935040707028376,,1493.0,1277.0
1463935040749725016,1627,1463935040723064192,,1493.0,1257.0
1463935040765188387,1628,1463935040741500832,,1494.0,1292.0
1463935040773767622,1629,1463935040761498091,,1493.0,1277.0
1463935040796754138,1630,1463935040793402746,,1494.0,1277.0
1463935040870661582,1631,1463935040819543415,,1493.0,1277.0
1463935040870728301,1632,1463935040845449398,,1494.0,1277.0
1463935040896832095,1633,1463935040870403771,,1493.0,1277.0
1463935040897263812,1634,1463935040886725212,,1493.0,1277.0
1463935040919690227,1635,1463935040913194161,,1494.0,1277.0
1463935040928262899,1636,1463935040924585466,,1494.0,1277.0
1463935040953764977,1637,1463935040945397877,,1494.0,1277.0
1463935040986780148,1638,1463935040979923251,,1493.0,1277.0
1463935041042999960,1639,1463935041005474964,,1494.0,1277.0
1463935041047887543,1640,1463935041026982789,,1493.0,1277.0
1463935041059011350,1641,1463935041055753343,,1494.0,1277.0
1463935041103966574,1642,1463935041091262775,,1494.0,1277.0
1463935041132961971,1643,1463935041129578965,,1494.0,1277.0
1463935041176498712,1644,1463935041168426924,,1493.0,1277.0
1463935041207470142,1645,1463935041198602316,,1494.0,1277.0
1463935041258973151,1646,1463935041250609593,,1493.0,1277.0
1463935041293465660,1647,1463935041286472252,,1493.0,1277.0
1463935041334275433,1648,1463935041323213658,,1494.0,1277.0
1463935041350716978,1649,1463935041335545532,,1494.0,1277.0
1463935041367205709,1650,1463935041354021026,,1494.0,1277.0
1463935041402397538,1651,1463935041378892899,,1494.0,1277.0
1463935041402448007,1652,1463935041394745383,,1494.0,1277.0
1463935041455858820,1653,1463935041440646593,,1494.0,1277.0
1463935041488365035,1654,1463935041468396943,,1494.0,1277.0
1463935041537461179,1655,1463935041517732722,,1494.0,1277.0
1463935041537500294,1656,1463935041526025082,,1493.0,1277.0
1463935041564280336,1657,1463935041559391763,,1494.0,1277.0
1463935041575284716,1658,1463935041568457245,,1494.0,1277.0
1463935041615199232,1659,1463935041587777631,,1493.0,1277.0
1463935041615398190,1660,1463935041607841764,,1494.0,1277.0
1463935041634759826,1661,1463935041626798454,,1494.0,1277.0
1463935041648967682,1662,1463935041643525309,,1494.0,1277.0
1463935041672945496,1663,1463935041664424230,,1493.0,1277.0
1463935041685449453,1664,1463935041683712898,,1494.0,1277.0
1463935041711019604,1665,1463935041704145258,,1494.0,1277.0
1463935041729252651,1666,1463935041726383080,,1493.0,1277.0
1463935041751676149,1667,1463935041744484148,,1493.0,1277.0
1463935041813567655,1668,1463935041764726458,,1494.0,1277.0
1463935041826423381,1669,1463935041823531310,,1494.0,1277.0
1463935041876793114,1670,1463935041871349335,,1493.0,1278.0
1463935041926539360,1671,1463935041923711507,,1494.0,1277.0
1463935041971654219,1672,1463935041968766262,,1493.0,1278.0
1463935042014856117,1673,1463935042008133750,,1493.0,1277.0
1463935042040852725,1674,1463935042035312540,,1494.0,1277.0
1463935042078181784,1675,1463935042076183407,,1494.0,1277.0
1463935042138007362,1676,1463935042135279144,,1494.0,1277.0
1463935042201679433,1677,1463935042198205125,,1494.0,1277.0
1463935042219696700,1678,1463935042213252717,,1494.0,1278.0
1463935042246986948,1679,1463935042233948722,,1494.0,1278.0
1463935042260706316,1680,1463935042256049253,,1494.0,1278.0
1463935042282737628,1681,1463935042274003343,,1494.0,1278.0
1463935042349938070,1682,1463935042307742313,,1492.0,1278.0
1463935042350008435,1683,1463935042340047852,,1494.0,1278.0
1463935042374223748,1684,1463935042365460504,,1494.0,1278.0
1463935042400174522,1685,1463935042396759172,,1494.0,1277.0
1463935042436770199,1686,1463935042426022641,,1494.0,1278.0
1463935042472175621,1687,1463935042452960807,,1494.0,1278.0
1463935042492132046,1688,1463935042484989107,,1495.0,1278.0
1463935042523764046,1689,1463935042514245232,,1494.0,1277.0
1463935042554485008,1690,1463935042543458649,,1494.0,1278.0
1463935042598577059,1691,1463935042573564666,,1493.0,1277.0
1463935042615116572,1692,1463935042599802731,,1494.0,1277.0
1463935042640805420,1693,1463935042628318391,,1494.0,1278.0
1463935042665879480,1694,1463935042657754098,,1494.0,1278.0
1463935042695889352,1695,1463935042684901065,,1493.0,1278.0
1463935042713616203,1696,1463935042708772838,,1494.0,1277.0
1463935042738344795,1697,1463935042735916524,,1494.0,1278.0
1463935042804614043,1698,1463935042765033483,,1493.0,1278.0
1463935042804675397,1699,1463935042787360992,,1494.0,1278.0
1463935042858078658,1700,1463935042811732190,,1494.0,1278.0
1463935042858740166,1701,1463935042834188760,,1494.0,1258.0
1463935043058569936,1702,1463935042856531217,,1493.0,1293.0
1463935043058615770,1703,1463935042883108968,,1494.0,1278.0
1463935043058658426,1704,1463935042906721211,,1493.0,1277.0
1463935043058696082,1705,1463935042934209374,,1494.0,1277.0
1463935043058734988,1706,1463935042963552843,,1493.0,1278.0
1463935043062749554,1707,1463935042995986610,,1494.0,1277.0
1463935043063870955,1708,1463935043029675841,,1494.0,1277.0
1463935043137306006,1709,1463935043067268128,,1493.0,1277.0
1463935043148073877,1710,1463935043098151590,,1493.0,1277.0
1463935043148145074,1711,1463935043132763109,,1494.0,1278.0
1463935043217657485,1712,1463935043167846188,,1494.0,1277.0
1463935043219002636,1713,1463935043198936107,,1493.0,1277.0
1463935043257541898,1714,1463935043228663011,,1494.0,1278.0
1463935043257576950,1715,1463935043254507849,,1495.0,1278.0
1463935043317286747,1716,1463935043285001625,,1494.0,1278.0
1463935043317525027,1717,1463935043312842026,,1494.0,1278.0
1463935043383308704,1718,1463935043347754950,,1494.0,1277.0
1463935043454767149,1719,1463935043369191681,,1494.0,1278.0
1463935043454849232,1720,1463935043394772301,,1494.0,1278.0
1463935043454966888,1721,1463935043413880292,,1494.0,1278.0
1463935043505332662,1722,1463935043457827188,,1493.0,1278.0
1463935043505939951,1723,1463935043495730203,,1493.0,1278.0
1463935043527348766,1724,1463935043516129386,,1494.0,1278.0
1463935043557530147,1725,1463935043548756903,,1494.0,1278.0
1463935043613616209,1726,1463935043583056652,,1493.0,1278.0
1463935043614000322,1727,1463935043594094209,,1494.0,1278.0
1463935043616026459,1728,1463935043603350628,,1494.0,1278.0
1463935043650894592,1729,1463935043622640858,,1494.0,1277.0
1463935043682928882,1730,1463935043662961832,,1494.0,1278.0
1463935043709164134,1731,1463935043703578689,,1494.0,1277.0
1463935043748419852,1732,1463935043727805044,,1493.0,1278.0
1463935043766923470,1733,1463935043751980097,,1494.0,1277.0
1463935043782846632,1734,1463935043775017186,,1494.0,1278.0
1463935043799901298,1735,1463935043791367116,,1493.0,1278.0
1463935043812722493,1736,1463935043807687515,,1494.0,1278.0
1463935043858580266,1737,1463935043852472688,,1493.0,1278.0
1463935043887344154,1738,1463935043876130868,,1494.0,1277.0
1463935043907998753,1739,1463935043899010874,,1493.0,1277.0
1463935043960162228,1740,1463935043934643639,,1494.0,1277.0
1463935043990936992,1741,1463935043962251802,,1494.0,1277.0
1463935044006134583,1742,1463935043990247620,,1493.0,1259.0
1463935044050204707,1743,1463935044026403455,,1495.0,1294.0
1463935044102640733,1744,1463935044053889848,,1494.0,1278.0
1463935044102694431,1745,1463935044066880938,,1493.0,1278.0
1463935044102951044,1746,1463935044083591908,,1493.0,1277.0
1463935044103918905,1747,1463935044094687798,,1494.0,1278.0
1463935044130358323,1748,1463935044114625473,,1494.0,1278.0
1463935044159360855,1749,1463935044155072384,,1494.0,1277.0
1463935044241143943,1750,1463935044193465084,,1493.0,1278.0
1463935044242122793,1751,1463935044227494053,,1494.0,1278.0
1463935044473646803,1752,1463935044245501112,,1493.0,1278.0
1463935044473686230,1753,1463935044265144257,,1493.0,1278.0
1463935044473732740,1754,1463935044285744846,,1494.0,1277.0
1463935044473771438,1755,1463935044304493724,,1494.0,1278.0
1463935044473807844,1756,1463935044322652553,,1494.0,1278.0
1463935044473841854,1757,1463935044342660853,,1493.0,1278.0
1463935044473874823,1758,1463935044367295643,,1494.0,1278.0
1463935044473910448,1759,1463935044388785187,,1494.0,1278.0
1463935044473944146,1760,1463935044409173381,,1494.0,1278.0
1463935044473978208,1761,1463935044429520013,,1494.0,1278.0
1463935044474010916,1762,1463935044445293851,,1494.0,1278.0
1463935044474055187,1763,1463935044463353305,,1494.0,1278.0
1463935044658976584,1764,1463935044484538215,,1494.0,1278.0
1463935044659035073,1765,1463935044503908392,,1494.0,1278.0
1463935044659101583,1766,1463935044525575019,,1494.0,1278.0
1463935044659156531,1767,1463935044543664004,,1493.0,1278.0
1463935044659232572,1768,1463935044565700576,,1494.0,1278.0
1463935044659268301,1769,1463935044585946844,,1493.0,1278.0
1463935044661074856,1770,1463935044607128264,,1494.0,1278.0
1463935044661198918,1771,1463935044630560038,,1494.0,1278.0
