%time,field.header.seq,field.header.stamp,field.header.frame_id,field.temperature,field.variance
1463935260125598764,283,1463935260002442051,,1494.0,1521.0
1463935260125841524,284,1463935260016000743,,1494.0,1519.0
1463935260125882044,285,1463935260031299897,,1494.0,1521.0
1463935260125940117,286,1463935260047270401,,1494.0,1521.0
1463935260126081158,287,1463935260065913863,,1493.0,1523.0
1463935260126208762,288,1463935260103433130,,1494.0,1250.0
1463935260155384679,289,1463935260146653466,,1493.0,1383.0
1463935260194419304,290,1463935260188487089,,1494.0,1381.0
1463935260217432174,291,1463935260213227765,,1494.0,1382.0
1463935260235822668,292,1463935260225508702,,1493.0,1750.0
1463935260276293016,293,1463935260264364317,,1494.0,1520.0
1463935260289714782,294,1463935260281637212,,1494.0,1250.0
1463935260306498668,295,1463935260294858614,,1494.0,1383.0
1463935260342772471,296,1463935260325508326,,1493.0,1382.0
1463935260364834929,297,1463935260359389744,,1495.0,1385.0
1463935260381993606,298,1463935260373486715,,1494.0,1750.0
1463935260393553348,299,1463935260389691333,,1494.0,1519.0
1463935260418253555,300,1463935260414148468,,1493.0,1520.0
1463935260435145410,301,1463935260430387357,,1494.0,1518.0
1463935260475514404,302,1463935260470054271,,1493.0,1250.0
1463935260513780699,303,1463935260509818736,,1493.0,1382.0
1463935260522549203,304,1463935260518433231,,1494.0,1384.0
1463935260554737346,305,1463935260546583423,,1494.0,1383.0
1463935260567547448,306,1463935260558851756,,1494.0,1387.0
1463935260592419373,307,1463935260582841862,,1494.0,1384.0
1463935260613480949,308,1463935260598626846,,1494.0,1750.0
1463935260630620512,309,1463935260618604313,,1493.0,1518.0
1463935260661465588,310,1463935260642173952,,1494.0,1250.0
1463935260673490120,311,1463935260664710835,,1494.0,1385.0
1463935260715279160,312,1463935260693933366,,1493.0,1385.0
1463935260715786033,313,1463935260707093362,,1494.0,1384.0
1463935260750920935,314,1463935260738128177,,1494.0,1388.0
1463935260763214059,315,1463935260759776001,,1493.0,1385.0
1463935260801054210,316,1463935260769098149,,1493.0,1385.0
1463935260801493375,317,1463935260779027481,,1494.0,1384.0
1463935260847951405,318,1463935260836229424,,1493.0,1384.0
1463935260873185099,319,1463935260868229287,,1494.0,1389.0
1463935260895328807,320,1463935260885899316,,1493.0,1750.0
1463935260940350541,321,1463935260907994065,,1493.0,1522.0
1463935260953787984,322,1463935260943221935,,1493.0,1250.0
1463935261069757436,323,1463935260989180854,,1494.0,1384.0
1463935261075104392,324,1463935261011910756,,1495.0,1750.0
1463935261077662559,325,1463935261033117749,,1494.0,1520.0
1463935261078272191,326,1463935261055085572,,1494.0,1250.0
1463935261078732398,327,1463935261075932201,,1494.0,1377.0
1463935261181573625,328,1463935261094340560,,1493.0,1750.0
1463935261182103935,329,1463935261122711533,,1493.0,1516.0
1463935261182558568,330,1463935261156865085,,1493.0,1518.0
1463935261323283540,331,1463935261189694840,,1493.0,1508.0
1463935261324871241,332,1463935261216312487,,1494.0,1510.0
1463935261327703417,333,1463935261244064816,,1494.0,1509.0
1463935261328031592,334,1463935261276216189,,1493.0,1250.0
1463935261328453934,335,1463935261303951799,,1494.0,1364.0
1463935261445749683,336,1463935261329539034,,1493.0,1750.0
1463935261446252701,337,1463935261362133269,,1493.0,1495.0
1463935261446797387,338,1463935261389002686,,1564.0,1501.0
1463935261447223895,339,1463935261419462660,,1565.0,1486.0
1463935261447597800,340,1463935261445236143,,1580.0,1493.0
1463935261602602241,341,1463935261474186905,,1580.0,1494.0
1463935261604051298,342,1463935261498223156,,1580.0,1490.0
1463935261604409838,343,1463935261529822292,,1580.0,1477.0
1463935261606354048,344,1463935261558278056,,1580.0,1250.0
1463935261607952427,345,1463935261589189486,,1580.0,1336.0
1463935261711891566,346,1463935261613507038,,1580.0,1750.0
1463935261712190471,347,1463935261642445769,,1580.0,1485.0
1463935261712746718,348,1463935261670753565,,1580.0,1250.0
1463935261716596181,349,1463935261702898531,,1580.0,1366.0
1463935261835055570,350,1463935261726864887,,1580.0,1750.0
1463935261835353590,351,1463935261753627221,,1580.0,1496.0
1463935261838400504,352,1463935261786259633,,1580.0,1250.0
1463935261838913002,353,1463935261813003373,,1580.0,1366.0
1463935261925001592,354,1463935261839049512,,1580.0,1750.0
1463935261925354351,355,1463935261872704732,,1580.0,1512.0
1463935261927181895,356,1463935261898525455,,1580.0,1514.0
1463935261929126522,357,1463935261919464741,,1580.0,1522.0
1463935262001179548,358,1463935261947756964,,1580.0,1250.0
1463935262001650848,359,1463935261978645842,,1580.0,1382.0
1463935262093550611,360,1463935262005308853,,1580.0,1750.0
1463935262093897068,361,1463935262032662590,,1580.0,1527.0
1463935262094372014,362,1463935262064703339,,1580.0,1536.0
1463935262170867468,363,1463935262093495038,,1580.0,1527.0
1463935262171202102,364,1463935262124090324,,1580.0,1540.0
1463935262171639808,365,1463935262159143039,,1580.0,1521.0
1463935262246808341,366,1463935262191627900,,1580.0,1493.0
1463935262247485943,367,1463935262216586387,,1580.0,1490.0
1463935262247542349,368,1463935262245211056,,1580.0,1485.0
1463935262303290339,369,1463935262278552789,,1580.0,1444.0
1463935262398481807,370,1463935262306607096,,1580.0,1250.0
1463935262398802900,371,1463935262335828794,,1580.0,1295.0
1463935262399401283,372,1463935262364466380,,1580.0,1323.0
1463935262401375858,373,1463935262389616377,,1580.0,1328.0
1463935262490599278,374,1463935262419708748,,1580.0,1750.0
1463935262491175161,375,1463935262446518425,,1580.0,1485.0
1463935262494237596,376,1463935262476841368,,1580.0,1250.0
1463935262547496483,377,1463935262506810407,,1580.0,1440.0
1463935262547950908,378,1463935262533591698,,1580.0,1750.0
1463935262565733332,379,1463935262558052948,,1580.0,1560.0
1463935262594747739,380,1463935262584322419,,1580.0,1546.0
1463935262633653614,381,1463935262614560415,,1580.0,1565.0
1463935262668298414,382,1463935262643325083,,1580.0,1520.0
1463935262668995547,383,1463935262667271075,,1580.0,1525.0
1463935262737069787,384,1463935262691229670,,1580.0,1250.0
1463935262737498431,385,1463935262718611532,,1580.0,1308.0
1463935262905096568,386,1463935262744445797,,1580.0,1335.0
1463935262905132662,387,1463935262769972980,,1580.0,1313.0
1463935262905166985,388,1463935262798555461,,1580.0,1326.0
1463935262905203131,389,1463935262824496757,,1580.0,1323.0
1463935262905239172,390,1463935262855254073,,1580.0,1750.0
1463935262905274536,391,1463935262879891833,,1580.0,1515.0
1463935262905307870,392,1463935262887474613,,1580.0,1552.0
1463935262905342713,393,1463935262898399149,,1580.0,1548.0
1463935262927176578,394,1463935262920894418,,1580.0,1250.0
1463935262942737397,395,1463935262936683413,,1580.0,1440.0
1463935263104459206,396,1463935262951532047,,1580.0,1750.0
1463935263104769621,397,1463935262976586107,,1580.0,1560.0
1463935263105055297,398,1463935263008777427,,1580.0,1250.0
1463935263105661076,399,1463935263037682564,,1580.0,1393.0
1463935263105987585,400,1463935263070815287,,1580.0,1352.0
1463935263106418468,401,1463935263096168043,,1580.0,1357.0
1463935263158876629,402,1463935263136292715,,1580.0,1750.0
1463935263196268969,403,1463935263157666270,,1580.0,1507.0
1463935263196670322,404,1463935263178707482,,1580.0,1250.0
1463935263549857874,405,1463935263201552020,,1580.0,1403.0
1463935263550785162,406,1463935263220240898,,1580.0,1409.0
1463935263551266983,407,1463935263239036495,,1580.0,1402.0
1463935263551737606,408,1463935263257926727,,1580.0,1406.0
1463935263553083538,409,1463935263279019605,,1580.0,1393.0
1463935263553509473,410,1463935263298232231,,1580.0,1750.0
1463935263554707645,411,1463935263317234702,,1580.0,1536.0
1463935263554762228,412,1463935263338115030,,1580.0,1535.0
1463935263554796603,413,1463935263355325321,,1580.0,1250.0
1463935263554837280,414,1463935263375366120,,1580.0,1250.0
1463935263555168685,415,1463935263396117750,,1580.0,1384.0
1463935263555471496,416,1463935263416464747,,1580.0,1373.0
1463935263555758630,417,1463935263435433468,,1580.0,1352.0
1463935263556014775,418,1463935263458267433,,1580.0,1377.0
1463935263556984511,419,1463935263479626300,,1580.0,1369.0
1463935263558411432,420,1463935263502655941,,1580.0,1386.0
1463935263558761430,421,1463935263522103410,,1580.0,1384.0
1463935263560443194,422,1463935263541363327,,1580.0,1389.0
1463935263819759585,423,1463935263563214276,,1580.0,1403.0
1463935263820062292,424,1463935263591957434,,1580.0,1405.0
1463935263821027184,425,1463935263616123633,,1580.0,1413.0
1463935263821087288,426,1463935263645662256,,1580.0,1454.0
1463935263821164683,427,1463935263667590756,,1580.0,1436.0
1463935263821418693,428,1463935263688739208,,1580.0,1432.0
1463935263821688535,429,1463935263718305956,,1580.0,1452.0
1463935263823179622,430,1463935263739284773,,1580.0,1447.0
1463935263824989563,431,1463935263772146924,,1580.0,1429.0
1463935263825511123,432,1463935263801650496,,1580.0,1462.0
1463935263915925788,433,1463935263847759205,,1580.0,1442.0
1463935263916416516,434,1463935263893093490,,1580.0,1438.0
1463935263957520038,435,1463935263934458938,,1580.0,1442.0
1463935263982123839,436,1463935263966537030,,1580.0,1441.0
1463935264016221089,437,1463935264012929020,,1580.0,1399.0
1463935264056408209,438,1463935264042639153,,1580.0,1440.0
1463935264078474573,439,1463935264066997747,,1580.0,1431.0
1463935264143013515,440,1463935264099432556,,1580.0,1431.0
1463935264143544034,441,1463935264122790737,,1580.0,1437.0
1463935264179747629,442,1463935264158727094,,1580.0,1436.0
1463935264182322566,443,1463935264165289774,,1580.0,1490.0
1463935264183253448,444,1463935264168770020,,1580.0,1443.0
1463935264235290517,445,1463935264204867053,,1580.0,1425.0
1463935264324563729,446,1463935264246918957,,1580.0,1418.0
1463935264324647479,447,1463935264299050921,,1580.0,1433.0
1463935264338057682,448,1463935264323515296,,1580.0,1453.0
1463935264384936335,449,1463935264375061430,,1580.0,1392.0
1463935264438757668,450,1463935264425273819,,1580.0,1428.0
1463935264452196308,451,1463935264440557608,,1580.0,1425.0
1463935264487838604,452,1463935264479808013,,1580.0,1421.0
1463935264525768702,453,1463935264517235822,,1580.0,1443.0
1463935264573614904,454,1463935264547730848,,1580.0,1407.0
1463935264630005027,455,1463935264581195548,,1580.0,1423.0
1463935264630666118,456,1463935264615379517,,1580.0,1414.0
1463935264665637583,457,1463935264653103678,,1580.0,1422.0
1463935264724351395,458,1463935264682574959,,1580.0,1406.0
1463935264724879257,459,1463935264701720293,,1580.0,1423.0
1463935264781045111,460,1463935264731820998,,1580.0,1409.0
1463935264781082454,461,1463935264760717593,,1580.0,1397.0
1463935264781122975,462,1463935264769778336,,1580.0,1406.0
1463935264794368908,463,1463935264781219537,,1580.0,1413.0
1463935264807863798,464,1463935264803985690,,1580.0,1400.0
1463935264863248353,465,1463935264826113460,,1580.0,1407.0
1463935264867228023,466,1463935264844754369,,1580.0,1400.0
1463935264867743021,467,1463935264865076887,,1580.0,1447.0
1463935265244146776,468,1463935264885485497,,1580.0,1385.0
1463935265244435942,469,1463935264903156151,,1580.0,1385.0
1463935265244731618,470,1463935264923040753,,1580.0,1397.0
1463935265245030575,471,1463935264944383318,,1580.0,1402.0
1463935265245316042,472,1463935264965989737,,1580.0,1381.0
1463935265245689687,473,1463935264984649917,,1580.0,1411.0
1463935265246074320,474,1463935265005473266,,1580.0,1395.0
1463935265246447652,475,1463935265023660375,,1580.0,1403.0
1463935265246498277,476,1463935265041792954,,1580.0,1403.0
1463935265246812182,477,1463935265067850759,,1580.0,1378.0
1463935265248459779,478,1463935265099399479,,1580.0,1387.0
1463935265250356750,479,1463935265126957434,,1580.0,1390.0
1463935265252123253,480,1463935265159369222,,1580.0,1397.0
1463935265252537991,481,1463935265191191117,,1580.0,1357.0
1463935265253227050,482,1463935265215742783,,1580.0,1398.0
1463935265253771839,483,1463935265243639331,,1580.0,1375.0
1463935265395708628,484,1463935265269712969,,1580.0,1398.0
1463935265395751857,485,1463935265298220295,,1580.0,1375.0
1463935265395790503,486,1463935265328343552,,1580.0,1362.0
1463935265395828420,487,1463935265353655787,,1580.0,1750.0
1463935265395874253,488,1463935265365807975,,1580.0,1548.0
1463935265448228456,489,1463935265395041027,,1580.0,1559.0
1463935265448265956,490,1463935265434416328,,1580.0,1533.0
1463935265501815362,491,1463935265472129291,,1580.0,1521.0
1463935265510456471,492,1463935265484673665,,1580.0,1250.0
1463935265511201833,493,1463935265495614712,,1580.0,1356.0
1463935265511256728,494,1463935265508981061,,1580.0,1750.0
1463935265536274069,495,1463935265529485296,,1580.0,1477.0
1463935265554968468,496,1463935265550457186,,1580.0,1464.0
1463935265572680268,497,1463935265568776378,,1580.0,1449.0
1463935265593297055,498,1463935265590002225,,1580.0,1250.0
1463935265614884254,499,1463935265608995477,,1580.0,1307.0
1463935265643179445,500,1463935265629121901,,1580.0,1348.0
1463935265656831366,501,1463935265652616332,,1580.0,1278.0
1463935265672506976,502,1463935265669731259,,1580.0,1305.0
1463935265698335928,503,1463935265690313411,,1580.0,1330.0
1463935265714023101,504,1463935265708494427,,1580.0,1750.0
1463935265738792839,505,1463935265732709740,,1580.0,1467.0
1463935265757892236,506,1463935265749585709,,1580.0,1250.0
1463935265782972702,507,1463935265768364535,,1580.0,1346.0
1463935265838373611,508,1463935265810600761,,1580.0,1750.0
1463935265868882647,509,1463935265854942446,,1580.0,1487.0
1463935265895903365,510,1463935265886544238,,1580.0,1250.0
1463935265926705317,511,1463935265910617990,,1580.0,1321.0
1463935265937975477,512,1463935265931032798,,1580.0,1277.0
1463935265961393033,513,1463935265945953307,,1580.0,1325.0
1463935265977915098,514,1463935265960777567,,1580.0,1304.0
1463935265985393712,515,1463935265972376528,,1580.0,1322.0
1463935266004017017,516,1463935265996069083,,1580.0,1750.0
1463935266020711738,517,1463935266012274378,,1580.0,1453.0
1463935266036178859,518,1463935266032407833,,1580.0,1318.0
1463935266054997737,519,1463935266052272176,,1580.0,1337.0
1463935266081194396,520,1463935266073204378,,1580.0,1750.0
1463935266096221206,521,1463935266093485229,,1580.0,1506.0
1463935266116709817,522,1463935266112464522,,1580.0,1532.0
1463935266136613950,523,1463935266133006778,,1580.0,1510.0
1463935266158378962,524,1463935266152382685,,1580.0,1516.0
1463935266186255561,525,1463935266172306923,,1580.0,1478.0
1463935266211349568,526,1463935266192585013,,1580.0,1473.0
1463935266223334413,527,1463935266215273302,,1580.0,1489.0
1463935266263251586,528,1463935266242393446,,1580.0,1429.0
1463935266263577783,529,1463935266254404801,,1580.0,1440.0
1463935266284042643,530,1463935266274028571,,1580.0,1487.0
1463935266335305653,531,1463935266308113946,,1580.0,1414.0
1463935266387438763,532,1463935266337748299,,1580.0,1415.0
1463935266387707773,533,1463935266357556443,,1580.0,1408.0
1463935266387894178,534,1463935266375126629,,1580.0,1331.0
1463935266432534821,535,1463935266395676853,,1580.0,1537.0
1463935266432573362,536,1463935266412946727,,1580.0,1436.0
1463935266472075797,537,1463935266434395698,,1580.0,1445.0
1463935266472122672,538,1463935266453662595,,1580.0,1451.0
1463935266503124936,539,1463935266468158262,,1580.0,1459.0
1463935266544477571,540,1463935266503059675,,1580.0,1464.0
1463935266544531061,541,1463935266527948736,,1580.0,1474.0
1463935266578092688,542,1463935266558101315,,1580.0,1481.0
1463935266615762631,543,1463935266592756063,,1580.0,1452.0
1463935266665042785,544,1463935266626296701,,1580.0,1511.0
1463935266665092733,545,1463935266654903401,,1580.0,1469.0
1463935266706272557,546,1463935266686379308,,1580.0,1433.0
1463935266729718238,547,1463935266719174168,,1580.0,1496.0
1463935266768189219,548,1463935266749751694,,1580.0,1465.0
1463935266844295769,549,1463935266784075974,,1580.0,1444.0
1463935266844737590,550,1463935266815084227,,1580.0,1484.0
1463935267018273098,551,1463935266847816014,,1580.0,1470.0
1463935267018310025,552,1463935266876520266,,1580.0,1470.0
1463935267018567107,553,1463935266908849868,,1580.0,1463.0
1463935267018613305,554,1463935266938429220,,1580.0,1458.0
1463935267019486217,555,1463935266971964025,,1580.0,1478.0
1463935267024711560,556,1463935267003394359,,1580.0,1454.0
1463935267061418486,557,1463935267033633917,,1580.0,1480.0
1463935267105532152,558,1463935267064262953,,1580.0,1469.0
1463935267105571318,559,1463935267095919432,,1580.0,1490.0
1463935267173900661,560,1463935267126159303,,1580.0,1451.0
1463935267173978786,561,1463935267161141549,,1580.0,1465.0
1463935267232239318,562,1463935267188301277,,1580.0,1504.0
1463935267232425463,563,1463935267223610136,,1580.0,1459.0
1463935267263003301,564,1463935267249693358,,1580.0,1472.0
1463935267286982938,565,1463935267278931462,,1580.0,1452.0
1463935267321113470,566,1463935267314057458,,1580.0,1462.0
1463935267349772566,567,1463935267344033163,,1580.0,1462.0
1463935267387300947,568,1463935267378485464,,1580.0,1478.0
1463935267437062818,569,1463935267409505644,,1580.0,1465.0
1463935267449145891,570,1463935267442547638,,1580.0,1426.0
1463935267495761577,571,1463935267472353135,,1580.0,1474.0
1463935267508870688,572,1463935267505239557,,1580.0,1477.0
1463935267545656885,573,1463935267533661988,,1580.0,1466.0
1463935267569606886,574,1463935267567076116,,1580.0,1461.0
1463935267675708308,575,1463935267596924009,,1580.0,1445.0
1463935267679034283,576,1463935267629307308,,1580.0,1507.0
1463935267681104535,577,1463935267659643585,,1580.0,1426.0
1463935267786779187,578,1463935267693348545,,1580.0,1465.0
1463935267787062102,579,1463935267723394927,,1580.0,1527.0
1463935267787478715,580,1463935267754137191,,1580.0,1437.0
1463935267787824912,581,1463935267784768206,,1580.0,1473.0
1463935267868535504,582,1463935267813998029,,1580.0,1482.0
1463935267869073314,583,1463935267846237110,,1580.0,1472.0
1463935267923929278,584,1463935267876609220,,1580.0,1475.0
1463935267924362557,585,1463935267913038960,,1580.0,1470.0
1463935267968784815,586,1463935267944580231,,1580.0,1482.0
1463935267992196850,587,1463935267977345924,,1580.0,1484.0
1463935268024793326,588,1463935268009344225,,1580.0,1478.0
1463935268045549331,589,1463935268039852376,,1580.0,1486.0
1463935268081620791,590,1463935268070065997,,1580.0,1526.0
1463935268112208629,591,1463935268103274865,,1580.0,1406.0
1463935268143424798,592,1463935268135194052,,1580.0,1466.0
1463935268172898005,593,1463935268165414235,,1580.0,1473.0
1463935268201974026,594,1463935268197030089,,1580.0,1464.0
1463935268246410972,595,1463935268226694910,,1580.0,1465.0
1463935268261523511,596,1463935268257963995,,1580.0,1250.0
1463935268306879203,597,1463935268286385436,,1580.0,1324.0
1463935268333451850,598,1463935268322484605,,1580.0,1305.0
1463935268368835501,599,1463935268353180099,,1580.0,1315.0
1463935268394716432,600,1463935268386095791,,1580.0,1750.0
1463935268433455068,601,1463935268415993163,,1580.0,1470.0
1463935268453275192,602,1463935268449395156,,1580.0,1250.0
1463935268492889762,603,1463935268479029873,,1580.0,1370.0
1463935268527467635,604,1463935268514768158,,1580.0,1423.0
1463935268556225949,605,1463935268545026674,,1580.0,1387.0
1463935268608218331,606,1463935268578785801,,1580.0,1750.0
1463935268639579083,607,1463935268611768524,,1580.0,1538.0
1463935268666892716,608,1463935268645215100,,1580.0,1569.0
1463935268695736499,609,1463935268676502571,,1580.0,1579.0
1463935268958505219,610,1463935268707839259,,1580.0,1611.0
1463935268958898863,611,1463935268734072012,,1580.0,1552.0
1463935268959183758,612,1463935268766215572,,1580.0,1577.0
1463935268959501309,613,1463935268795910445,,1580.0,1559.0
1463935268961109427,614,1463935268825658808,,1580.0,1512.0
1463935268961460936,615,1463935268855305244,,1580.0,1476.0
1463935268961814580,616,1463935268884696368,,1580.0,1498.0
1463935268963371552,617,1463935268916495347,,1580.0,1450.0
1463935268963879102,618,1463935268947798963,,1580.0,1250.0
1463935269231796863,619,1463935268978622737,,1580.0,1300.0
1463935269231837905,620,1463935269009858229,,1580.0,1750.0
1463935269231887592,621,1463935269044398706,,1580.0,1470.0
1463935269231922383,622,1463935269073873788,,1580.0,1475.0
1463935269231958425,623,1463935269107829685,,1580.0,1494.0
1463935269231992800,624,1463935269135524098,,1580.0,1250.0
1463935269232027748,625,1463935269165242564,,1580.0,1362.0
1463935269232394569,626,1463935269198696171,,1580.0,1750.0
1463935269232582537,627,1463935269228714064,,1580.0,1503.0
1463935269358132990,628,1463935269260327991,,1580.0,1250.0
1463935269358169239,629,1463935269291154943,,1580.0,1364.0
1463935269358206948,630,1463935269324582873,,1580.0,1391.0
1463935269358242416,631,1463935269353501759,,1580.0,1383.0
1463935269497187812,632,1463935269381742003,,1580.0,1750.0
1463935269497538279,633,1463935269418543461,,1580.0,1569.0
1463935269498086193,634,1463935269453647581,,1580.0,1548.0
1463935269499795874,635,1463935269484648647,,1580.0,1250.0
1463935269683757118,636,1463935269517759651,,1580.0,1378.0
1463935269684030034,637,1463935269548567436,,1580.0,1356.0
1463935269685977838,638,1463935269581998178,,1580.0,1346.0
1463935269686689345,639,1463935269613680699,,1580.0,1278.0
1463935269692436821,640,1463935269648709924,,1580.0,1387.0
1463935269694457125,641,1463935269680813120,,1580.0,1351.0
1463935269809875954,642,1463935269714145947,,1580.0,1373.0
1463935269810345535,643,1463935269741333695,,1580.0,1387.0
1463935269810828815,644,1463935269768765922,,1580.0,1422.0
1463935269811233292,645,1463935269801456667,,1580.0,1393.0
1463935269868065237,646,1463935269833827206,,1580.0,1491.0
1463935269910614742,647,1463935269869616428,,1580.0,1483.0
1463935269911202240,648,1463935269899402655,,1580.0,1409.0
1463935269971378649,649,1463935269934018236,,1580.0,1469.0
1463935269971874116,650,1463935269963099934,,1580.0,1447.0
1463935269998902958,651,1463935269989844612,,1580.0,1450.0
1463935270045863122,652,1463935270020952083,,1580.0,1416.0
1463935270068965159,653,1463935270054737824,,1580.0,1431.0
1463935270078287307,654,1463935270074388104,,1580.0,1450.0
1463935270096485406,655,1463935270088861220,,1580.0,1450.0
1463935270116339436,656,1463935270109846963,,1580.0,1460.0
1463935270134513056,657,1463935270124060861,,1580.0,1437.0
1463935270165238601,658,1463935270150747622,,1580.0,1440.0
1463935270172548622,659,1463935270163926836,,1580.0,1440.0
1463935270187671474,660,1463935270184027167,,1580.0,1423.0
1463935270250029697,661,1463935270218293375,,1580.0,1468.0
1463935270257990809,662,1463935270231459620,,1580.0,1480.0
1463935270258375703,663,1463935270252261667,,1580.0,1450.0
1463935270280281078,664,1463935270266099681,,1580.0,1467.0
1463935270302177339,665,1463935270284050437,,1580.0,1464.0
1463935270340811184,666,1463935270327034681,,1580.0,1453.0
1463935270399380100,667,1463935270365837848,,1580.0,1529.0
1463935270409794639,668,1463935270401753892,,1580.0,1471.0
1463935270430716008,669,1463935270426307954,,1580.0,1474.0
1463935270496766976,670,1463935270457440998,,1580.0,1475.0
1463935270496817913,671,1463935270482884691,,1580.0,1480.0
1463935270583554834,672,1463935270509663639,,1580.0,1423.0
1463935270583589782,673,1463935270536413421,,1580.0,1506.0
1463935270584466653,674,1463935270561396908,,1580.0,1477.0
1463935270661727520,675,1463935270592275369,,1580.0,1460.0
1463935270662222831,676,1463935270619665669,,1580.0,1471.0
1463935270662428872,677,1463935270647773674,,1580.0,1462.0
1463935270682536390,678,1463935270678136200,,1580.0,1453.0
1463935270710755227,679,1463935270703409165,,1580.0,1451.0
1463935270748710169,680,1463935270732955237,,1580.0,1479.0
1463935270765456192,681,1463935270758205181,,1580.0,1469.0
1463935270797768658,682,1463935270790426606,,1580.0,1455.0
1463935270952104404,683,1463935270815062125,,1580.0,1459.0
1463935270952141383,684,1463935270845045435,,1580.0,1451.0
1463935270952180393,685,1463935270870419701,,1580.0,1451.0
1463935270952661693,686,1463935270895621000,,1580.0,1452.0
1463935270953799761,687,1463935270928024299,,1580.0,1446.0
1463935271160886845,688,1463935270959563643,,1580.0,1448.0
1463935271160941428,689,1463935270988171073,,1580.0,1437.0
1463935271160981271,690,1463935271015755538,,1580.0,1448.0
1463935271161017469,691,1463935271043664169,,1580.0,1450.0
1463935271161054448,692,1463935271070034681,,1580.0,1353.0
1463935271180825718,693,1463935271096869410,,1580.0,1532.0
1463935271180871343,694,1463935271121416961,,1580.0,1454.0
1463935271199475586,695,1463935271148523043,,1580.0,1458.0
1463935271293576798,696,1463935271174142517,,1580.0,1461.0
1463935271293617736,697,1463935271199154962,,1580.0,1468.0
1463935271293657267,698,1463935271226748282,,1580.0,1481.0
1463935271293693256,699,1463935271252169267,,1580.0,1470.0
1463935271293730600,700,1463935271273504332,,1580.0,1507.0
1463935271345197150,701,1463935271296631473,,1580.0,1421.0
1463935271345298921,702,1463935271321555324,,1580.0,1459.0
1463935271423379004,703,1463935271345801054,,1580.0,1438.0
1463935271423418951,704,1463935271368842778,,1580.0,1453.0
1463935271427795547,705,1463935271395727664,,1580.0,1469.0
1463935271429500019,706,1463935271423041974,,1580.0,1447.0
1463935271526331428,707,1463935271448841759,,1580.0,1403.0
1463935271526593458,708,1463935271476833827,,1580.0,1456.0
1463935271526640333,709,1463935271505130165,,1580.0,1440.0
1463935271577336522,710,1463935271533758948,,1580.0,1442.0
1463935271577667511,711,1463935271555664844,,1580.0,1417.0
1463935271604480156,712,1463935271587104397,,1580.0,1481.0
1463935271699679281,713,1463935271616825833,,1580.0,1437.0
1463935271701908386,714,1463935271647144505,,1580.0,1455.0
1463935271701958802,715,1463935271674671419,,1580.0,1451.0
1463935271955637405,716,1463935271707414612,,1580.0,1450.0
1463935271955697561,717,1463935271747130588,,1511.0,1455.0
1463935271955741259,718,1463935271781457316,,1498.0,1445.0
1463935271955778707,719,1463935271809451676,,1498.0,1451.0
1463935271955815529,720,1463935271837562493,,1494.0,1462.0
1463935271955987872,721,1463935271864665138,,1493.0,1469.0
1463935271956033133,722,1463935271888328943,,1492.0,1453.0
1463935271956069382,723,1463935271923898843,,1494.0,1438.0
1463935271956902243,724,1463935271935550303,,1400.0,1423.0
1463935272073387475,725,1463935271970417967,,1402.0,1463.0
1463935272073601901,726,1463935271983531036,,1386.0,1436.0
1463935272073655598,727,1463935272005206047,,1386.0,1447.0
1463935272074843718,728,1463935272015844127,,1386.0,1437.0
1463935272075829391,729,1463935272043973382,,1386.0,1446.0
1463935272075879860,730,1463935272071648576,,1378.0,1459.0
1463935272186231888,731,1463935272085422059,,1378.0,1446.0
1463935272186563605,732,1463935272104738122,,1385.0,1426.0
1463935272186617407,733,1463935272116867289,,1373.0,1443.0
1463935272186828292,734,1463935272137623398,,1373.0,1432.0
1463935272186940375,735,1463935272155757070,,1370.0,1442.0
1463935272187327092,736,1463935272177111510,,1370.0,1475.0
1463935272243916954,737,1463935272195519557,,1354.0,1408.0
1463935272244146849,738,1463935272215452440,,1355.0,1432.0
1463935272244806585,739,1463935272236107612,,1353.0,1436.0
1463935272259822094,740,1463935272255604300,,1353.0,1430.0
1463935272289414936,741,1463935272288044421,,1353.0,1439.0
1463935272326318164,742,1463935272323334114,,1354.0,1428.0
1463935272368479963,743,1463935272365300393,,1352.0,1454.0
1463935272420056930,744,1463935272412067693,,1353.0,1420.0
1463935272458920201,745,1463935272456300525,,1322.0,1419.0
1463935272502311005,746,1463935272496329885,,1291.0,1415.0
1463935272543907494,747,1463935272537514917,,1290.0,1426.0
1463935272607180557,748,1463935272584777684,,1290.0,1430.0
1463935272704348996,749,1463935272623487727,,1290.0,1436.0
1463935272704389621,750,1463935272659950175,,1292.0,1436.0
1463935272704564724,751,1463935272700002452,,1284.0,1481.0
1463935272753709097,752,1463935272744120909,,1290.0,1415.0
1463935272792858982,753,1463935272778661126,,1290.0,1438.0
1463935272825081969,754,1463935272815027793,,1290.0,1442.0
1463935272868108296,755,1463935272861302648,,1290.0,1434.0
1463935272913435654,756,1463935272908190833,,1290.0,1420.0
1463935272929895948,757,1463935272927663770,,1290.0,1422.0
1463935272966935633,758,1463935272956696042,,1286.0,1432.0
1463935272972776650,759,1463935272967305528,,1290.0,1414.0
1463935273002485325,760,1463935272995169732,,1293.0,1471.0
1463935273029792292,761,1463935273020959569,,1489.0,1374.0
1463935273041619325,762,1463935273035119300,,1489.0,1424.0
1463935273049302365,763,1463935273046297950,,1484.0,1424.0
1463935273073558615,764,1463935273064444540,,1580.0,1440.0
1463935273112326366,765,1463935273090858072,,1580.0,1416.0
1463935273172249652,766,1463935273113290789,,1580.0,1416.0
1463935273172289808,767,1463935273153549888,,1580.0,1521.0
1463935273211648285,768,1463935273199425525,,1580.0,1542.0
1463935273250677754,769,1463935273248686877,,1580.0,1750.0
1463935273305038563,770,1463935273293396894,,1580.0,1250.0
1463935273353003827,771,1463935273345666150,,1580.0,1375.0
1463935273417440530,772,1463935273387487481,,1580.0,1750.0
1463935273433459524,773,1463935273427196947,,1580.0,1463.0
1463935273496836493,774,1463935273468747030,,1580.0,1250.0
1463935273514052982,775,1463935273506158380,,1580.0,1401.0
1463935273551851102,776,1463935273549265435,,1580.0,1750.0
1463935273619510448,777,1463935273584573097,,1580.0,1517.0
1463935273631722323,778,1463935273617618789,,1580.0,1538.0
1463935273666868995,779,1463935273664724265,,1580.0,1554.0
1463935273709368241,780,1463935273706343566,,1536.0,1250.0
1463935273764947951,781,1463935273748755728,,1501.0,1340.0
1463935273894425887,782,1463935273808388963,,1498.0,1750.0
1463935273894480678,783,1463935273839738829,,1501.0,1457.0
1463935273894519584,784,1463935273873243009,,1498.0,1512.0
1463935274021167532,785,1463935273900985025,,1498.0,1523.0
1463935274021243574,786,1463935273929387300,,1498.0,1504.0
1463935274021286074,787,1463935273958109729,,1499.0,1529.0
1463935274021509823,788,1463935273985850600,,1498.0,1500.0
1463935274025236838,789,1463935274018587283,,1494.0,1524.0
1463935274127452130,790,1463935274052143963,,1493.0,1499.0
1463935274140395304,791,1463935274085390123,,1482.0,1424.0
1463935274140961760,792,1463935274115278484,,1482.0,1421.0
1463935274297623642,793,1463935274147302722,,1482.0,1422.0
1463935274298021349,794,1463935274178329465,,1431.0,1364.0
1463935274298316660,795,1463935274207298091,,1420.0,1447.0
1463935274301638990,796,1463935274236706611,,1425.0,1495.0
1463935274303907938,797,1463935274261667963,,1426.0,1530.0
1463935274305566994,798,1463935274290033258,,1425.0,1571.0
1463935274379827197,799,1463935274319701100,,1344.0,1750.0
1463935274380565736,800,1463935274351749036,,1495.0,1745.0
1463935274555474988,801,1463935274379916467,,1386.0,1750.0
1463935274557158001,802,1463935274410987533,,1580.0,1750.0
1463935274557458625,803,1463935274439854440,,1580.0,1750.0
1463935274557728676,804,1463935274467101772,,1580.0,1693.0
1463935274557980394,805,1463935274498261326,,1580.0,1510.0
1463935274558580235,806,1463935274524795588,,1580.0,1250.0
1463935274558999973,807,1463935274554330826,,1580.0,1340.0
1463935274735422395,808,1463935274584219084,,1580.0,1250.0
1463935274735466406,809,1463935274610613814,,1580.0,1250.0
1463935274735503489,810,1463935274644940230,,1580.0,1750.0
1463935274735539687,811,1463935274673104381,,1580.0,1338.0
1463935274735575416,812,1463935274701798373,,1580.0,1350.0
1463935274743667725,813,1463935274731971004,,1580.0,1358.0
1463935274855931464,814,1463935274759014690,,1580.0,1461.0
1463935274856252296,815,1463935274794740892,,1580.0,1493.0
1463935274856815262,816,1463935274837976801,,1580.0,1250.0
1463935274857258645,817,1463935274846759940,,1580.0,1637.0
1463935274909396912,818,1463935274870714161,,1580.0,1388.0
1463935274909770348,819,1463935274897702483,,1580.0,1554.0
1463935274951928970,820,1463935274930941820,,1580.0,1750.0
1463935274974289603,821,1463935274970905659,,1580.0,1638.0
1463935275026928128,822,1463935275024261629,,1580.0,1743.0
1463935275099080476,823,1463935275084279810,,1580.0,1545.0
1463935275296554319,824,1463935275129367534,,1580.0,1250.0
1463935275296609111,825,1463935275167246643,,1580.0,1349.0
1463935275296643225,826,1463935275209867034,,1580.0,1250.0
1463935275296678485,827,1463935275255687463,,1580.0,1250.0
1463935275415581467,828,1463935275297964990,,1580.0,1750.0
1463935275416749795,829,1463935275340940119,,1580.0,1414.0
1463935275419568481,830,1463935275385623938,,1580.0,1250.0
1463935275561939331,831,1463935275429053284,,1580.0,1474.0
1463935275562139850,832,1463935275475280430,,1580.0,1519.0
1463935275562178600,833,1463935275528745045,,1580.0,1750.0
1463935275599899637,834,1463935275570437003,,1580.0,1739.0
1463935275624856093,835,1463935275614007389,,1580.0,1634.0
1463935275685636250,836,1463935275658893968,,1580.0,1614.0
1463935275761243062,837,1463935275701741129,,1580.0,1496.0
1463935275761724778,838,1463935275706890377,,1580.0,1408.0
1463935275766657830,839,1463935275752927576,,1580.0,1550.0
1463935275783813694,840,1463935275764860963,,1580.0,1321.0
1463935275857110152,841,1463935275794085369,,1580.0,1391.0
1463935275857724055,842,1463935275816189441,,1580.0,1390.0
1463935275858188845,843,1463935275838407523,,1580.0,1323.0
1463935275963907664,844,1463935275859875713,,1580.0,1361.0
1463935275964265631,845,1463935275878035583,,1580.0,1478.0
1463935275964595265,846,1463935275896679097,,1580.0,1459.0
1463935275964907347,847,1463935275916625835,,1580.0,1493.0
1463935275965434168,848,1463935275936353094,,1580.0,1545.0
1463935275967100098,849,1463935275957321703,,1580.0,1526.0
1463935276051090052,850,1463935275975260897,,1580.0,1561.0
1463935276051349113,851,1463935275996632160,,1580.0,1641.0
1463935276053305146,852,1463935276018376025,,1580.0,1665.0
1463935276106144608,853,1463935276039182498,,1580.0,1565.0
1463935276106419555,854,1463935276049659797,,1580.0,1565.0
1463935276106821480,855,1463935276069127266,,1580.0,1565.0
1463935276120922982,856,1463935276099977811,,1580.0,1662.0
1463935276174515149,857,1463935276171018914,,1580.0,1638.0
1463935276293320735,858,1463935276238437376,,1580.0,1375.0
1463935276347427066,859,1463935276292604488,,1580.0,1250.0
1463935276347966178,860,1463935276344419162,,1580.0,1250.0
1463935276392068958,861,1463935276384110555,,1580.0,1487.0
1463935276432193266,862,1463935276426857091,,1580.0,1542.0
1463935276483445495,863,1463935276472414761,,1580.0,1250.0
1463935276524363237,864,1463935276516119314,,1580.0,1750.0
1463935276570314811,865,1463935276559523711,,1580.0,1750.0
1463935276619864860,866,1463935276602885401,,1580.0,1250.0
1463935276657606052,867,1463935276643896007,,1580.0,1589.0
1463935276765608507,868,1463935276696388074,,1580.0,1499.0
1463935276770050676,869,1463935276736451965,,1580.0,1404.0
1463935276798141129,870,1463935276784309104,,1580.0,1372.0
1463935276848364924,871,1463935276826765590,,1580.0,1346.0
1463935276875307049,872,1463935276866261306,,1580.0,1750.0
1463935276907735868,873,1463935276906074521,,1580.0,1486.0
1463935276980462485,874,1463935276946383516,,1580.0,1250.0
1463935277029894200,875,1463935276987642870,,1580.0,1435.0
1463935277033654497,876,1463935277027552804,,1580.0,1415.0
1463935277140578779,877,1463935277072877246,,1580.0,1403.0
1463935277145437300,878,1463935277118313093,,1580.0,1750.0
1463935277181708187,879,1463935277164294667,,1580.0,1577.0
1463935277223719101,880,1463935277207604638,,1580.0,1625.0
1463935277278535637,881,1463935277245808225,,1580.0,1597.0
1463935277296071760,882,1463935277284079207,,1580.0,1250.0
1463935277342728540,883,1463935277320803529,,1580.0,1344.0
1463935277402981980,884,1463935277363494076,,1580.0,1750.0
1463935277417446345,885,1463935277399255486,,1580.0,1471.0
1463935277449058502,886,1463935277444014721,,1580.0,1250.0
1463935277511737609,887,1463935277486805632,,1580.0,1326.0
1463935277532742988,888,1463935277529003681,,1580.0,1750.0
1463935277591638830,889,1463935277576579675,,1580.0,1484.0
1463935277652249404,890,1463935277629357366,,1580.0,1250.0
1463935277796607537,891,1463935277672267287,,1580.0,1414.0
1463935277796659099,892,1463935277712763208,,1580.0,1373.0
1463935277796697120,893,1463935277760302067,,1580.0,1349.0
1463935277796733995,894,1463935277784881285,,1580.0,1367.0
1463935277854957235,895,1463935277824336533,,1580.0,1376.0
1463935277950547660,896,1463935277869923525,,1580.0,1411.0
1463935277950941825,897,1463935277916701815,,1580.0,1386.0
1463935278034182511,898,1463935277962848389,,1580.0,1279.0
1463935278035272975,899,1463935278007835228,,1580.0,1518.0
1463935278147200621,900,1463935278054278935,,1580.0,1467.0
1463935278147237392,901,1463935278099674783,,1580.0,1484.0
1463935278197620927,902,1463935278145633649,,1580.0,1517.0
1463935278199239409,903,1463935278188697371,,1580.0,1465.0
1463935278243515730,904,1463935278228563398,,1580.0,1452.0
1463935278275600749,905,1463935278269781608,,1580.0,1421.0
1463935278318338431,906,1463935278313120745,,1580.0,1408.0
1463935278365994530,907,1463935278353111303,,1580.0,1378.0
1463935278397406635,908,1463935278394932010,,1580.0,1383.0
1463935278451060260,909,1463935278437935107,,1580.0,1409.0
1463935278483811213,910,1463935278477109680,,1580.0,1414.0
1463935278521994175,911,1463935278516317272,,1580.0,1451.0
1463935278563691184,912,1463935278553719664,,1580.0,1480.0
1463935278603874502,913,1463935278597147604,,1580.0,1498.0
1463935278647722231,914,1463935278637453421,,1580.0,1515.0
1463935278689600229,915,1463935278681236307,,1580.0,1484.0
1463935278773462735,916,1463935278724070863,,1580.0,1475.0
1463935278775383456,917,1463935278764924074,,1580.0,1445.0
1463935278822381641,918,1463935278806324887,,1580.0,1358.0
1463935278842649992,919,1463935278834460600,,1580.0,1395.0
1463935278866803065,920,1463935278860863560,,1580.0,1381.0
1463935278908021535,921,1463935278890251455,,1580.0,1391.0
1463935278944047266,922,1463935278919940599,,1580.0,1384.0
1463935278979159929,923,1463935278946641266,,1580.0,1394.0
1463935278979651802,924,1463935278975698329,,1580.0,1426.0
1463935279031976370,925,1463935279006940904,,1580.0,1463.0
1463935279047472606,926,1463935279033443499,,1580.0,1433.0
1463935279099481342,927,1463935279062836394,,1580.0,1427.0
1463935279099978058,928,1463935279091927780,,1580.0,1454.0
1463935279166921470,929,1463935279123154678,,1580.0,1444.0
1463935279168726514,930,1463935279154190014,,1580.0,1451.0
1463935279214274340,931,1463935279183204682,,1580.0,1441.0
1463935279282066759,932,1463935279214010435,,1580.0,1424.0
1463935279282613059,933,1463935279239891575,,1580.0,1422.0
1463935279285092215,934,1463935279266596460,,1580.0,1422.0
1463935279325614750,935,1463935279297325392,,1580.0,1403.0
1463935279443183882,936,1463935279325025898,,1580.0,1412.0
1463935279445884548,937,1463935279344127483,,1580.0,1414.0
1463935279446536785,938,1463935279366891761,,1580.0,1415.0
1463935279446588920,939,1463935279405676282,,1580.0,1414.0
1463935279448287454,940,1463935279427368586,,1580.0,1409.0
1463935279449119847,941,1463935279442011648,,1580.0,1414.0
1463935279494456840,942,1463935279466672324,,1580.0,1417.0
1463935279495376211,943,1463935279483851729,,1580.0,1403.0
1463935279526148476,944,1463935279497805211,,1580.0,1415.0
1463935279526533630,945,1463935279516332580,,1580.0,1415.0
1463935279557563446,946,1463935279555263507,,1580.0,1407.0
1463935279611506132,947,1463935279606048395,,1580.0,1415.0
1463935279662547840,948,1463935279651186118,,1580.0,1414.0
1463935279689970588,949,1463935279673151181,,1580.0,1397.0
1463935279690873449,950,1463935279686270395,,1580.0,1430.0
1463935279759274146,951,1463935279700290283,,1580.0,1395.0
1463935279760450651,952,1463935279719719211,,1580.0,1573.0
1463935279797148723,953,1463935279746997271,,1580.0,1427.0
1463935279797828095,954,1463935279779980203,,1580.0,1505.0
1463935279842813059,955,1463935279803325832,,1580.0,1435.0
1463935279843599254,956,1463935279826756513,,1580.0,1750.0
1463935279871053772,957,1463935279860206370,,1580.0,1563.0
1463935279892732898,958,1463935279881637268,,1580.0,1250.0
1463935279922122772,959,1463935279909553139,,1580.0,1408.0
1463935279956701479,960,1463935279952093217,,1580.0,1750.0
1463935279992271743,961,1463935279988091605,,1580.0,1506.0
1463935280036165254,962,1463935280028722733,,1580.0,1447.0
1463935280080358190,963,1463935280067340224,,1580.0,1518.0
1463935280107892551,964,1463935280087679825,,1580.0,1250.0
1463935280162822837,965,1463935280104589232,,1580.0,1320.0
1463935280163451480,966,1463935280119853281,,1580.0,1357.0
1463935280164609496,967,1463935280143971720,,1580.0,1320.0
1463935280165929803,968,1463935280156832029,,1580.0,1750.0
1463935280238234754,969,1463935280180792552,,1580.0,1475.0
1463935280238796054,970,1463935280187589033,,1580.0,1250.0
1463935280239781414,971,1463935280211353255,,1580.0,1325.0
1463935280240885785,972,1463935280231582647,,1558.0,1750.0
1463935280331449876,973,1463935280247695235,,1561.0,1490.0
1463935280331718157,974,1463935280268441292,,1507.0,1487.0
1463935280332191592,975,1463935280288612351,,1500.0,1497.0
1463935280333647888,976,1463935280307540604,,1498.0,1250.0
1463935280408608557,977,1463935280353909312,,1498.0,1336.0
1463935280429757685,978,1463935280409002462,,1498.0,1317.0
1463935280472259899,979,1463935280463819831,,1499.0,1313.0
1463935280558299115,980,1463935280481496943,,1494.0,1389.0
1463935280558338438,981,1463935280498796921,,1498.0,1373.0
1463935280558778800,982,1463935280518600378,,1490.0,1349.0
1463935280559188486,983,1463935280539103624,,1503.0,1420.0
1463935280609023325,984,1463935280560990406,,1498.0,1750.0
1463935280609076658,985,1463935280582177555,,1496.0,1543.0
1463935280613550025,986,1463935280602849081,,1497.0,1562.0
1463935280651246113,987,1463935280622735142,,1498.0,1542.0
1463935280677161367,988,1463935280644055363,,1498.0,1250.0
1463935280763732039,989,1463935280674687524,,1498.0,1386.0
1463935280764452036,990,1463935280708210662,,1498.0,1370.0
1463935280765802342,991,1463935280736108615,,1498.0,1319.0
1463935280767280721,992,1463935280757933313,,1499.0,1352.0
1463935280802035677,993,1463935280784540491,,1510.0,1328.0
1463935280889472126,994,1463935280814007813,,1498.0,1750.0
1463935280892092688,995,1463935280844839921,,1492.0,1504.0
1463935280894243199,996,1463935280874272191,,1498.0,1520.0
1463935281015077839,997,1463935280903564462,,1499.0,1527.0
1463935281018238815,998,1463935280933601885,,1498.0,1250.0
1463935281018913812,999,1463935280972095575,,1498.0,1352.0
1463935281018964541,1000,1463935280983334485,,1498.0,1305.0
1463935281019303602,1001,1463935281016059762,,1498.0,1357.0
1463935281053645643,1002,1463935281045483074,,1498.0,1343.0
1463935281061302641,1003,1463935281054015589,,1498.0,1331.0
1463935281074481804,1004,1463935281070017760,,1498.0,1341.0
1463935281093593024,1005,1463935281083691556,,1488.0,1341.0
1463935281117122819,1006,1463935281110507067,,1498.0,1750.0
1463935281145070460,1007,1463935281129490683,,1483.0,1519.0
1463935281145183220,1008,1463935281141590163,,1497.0,1250.0
1463935281186561168,1009,1463935281163834807,,1512.0,1361.0
1463935281186989969,1010,1463935281181246920,,1498.0,1402.0
1463935281210604920,1011,1463935281201289855,,1498.0,1401.0
1463935281224342986,1012,1463935281221226749,,1497.0,1390.0
1463935281250228448,1013,1463935281244400869,,1499.0,1397.0
1463935281268479985,1014,1463935281263012456,,1483.0,1403.0
1463935281288273390,1015,1463935281282661435,,1498.0,1368.0
1463935281308418877,1016,1463935281302006456,,1494.0,1400.0
1463935281342712897,1017,1463935281321179082,,1498.0,1387.0
1463935281352677542,1018,1463935281341172070,,1511.0,1366.0
1463935281365247852,1019,1463935281361078183,,1498.0,1411.0
1463935281384436520,1020,1463935281380998045,,1493.0,1380.0
1463935281405252629,1021,1463935281400974783,,1498.0,1375.0
1463935281426019936,1022,1463935281421713184,,1498.0,1345.0
1463935281449157754,1023,1463935281442192523,,1498.0,1415.0
1463935281468780170,1024,1463935281461674367,,1507.0,1428.0
1463935281490414401,1025,1463935281481689021,,1498.0,1400.0
1463935281514888254,1026,1463935281501708779,,1498.0,1428.0
1463935281532588127,1027,1463935281521747079,,1472.0,1435.0
1463935281546818691,1028,1463935281541080903,,1499.0,1391.0
1463935281566856157,1029,1463935281560745454,,1502.0,1380.0
1463935281589173614,1030,1463935281580845160,,1498.0,1394.0
1463935281617146723,1031,1463935281612240546,,1490.0,1380.0
1463935281654200940,1032,1463935281638859391,,1547.0,1436.0
1463935281670622276,1033,1463935281666660105,,1580.0,1451.0
1463935281692125986,1034,1463935281689337040,,1580.0,1428.0
1463935281730168167,1035,1463935281711436945,,1580.0,1435.0
1463935281738252664,1036,1463935281731209725,,1580.0,1750.0
1463935281759489031,1037,1463935281757235187,,1580.0,1573.0
1463935281785502306,1038,1463935281783974239,,1580.0,1567.0
1463935281822655376,1039,1463935281804758265,,1580.0,1570.0
1463935281876054158,1040,1463935281825739061,,1580.0,1542.0
1463935281876613166,1041,1463935281847301729,,1580.0,1542.0
1463935281877011758,1042,1463935281869939757,,1580.0,1250.0
1463935281909130892,1043,1463935281905332054,,1580.0,1402.0
1463935281959703019,1044,1463935281931306161,,1580.0,1304.0
1463935281959743175,1045,1463935281952447477,,1580.0,1341.0
1463935281976747946,1046,1463935281974272905,,1580.0,1350.0
1463935282003264500,1047,1463935281995924271,,1580.0,1350.0
1463935282028610850,1048,1463935282016579495,,1580.0,1750.0
1463935282070702857,1049,1463935282037762738,,1580.0,1508.0
1463935282071135824,1050,1463935282059230042,,1580.0,1250.0
1463935282097779200,1051,1463935282077965691,,1580.0,1415.0
1463935282148812732,1052,1463935282100470022,,1580.0,1420.0
1463935282148851221,1053,1463935282121733108,,1580.0,1426.0
1463935282150501735,1054,1463935282144061450,,1580.0,1750.0
1463935282229037649,1055,1463935282167484839,,1580.0,1598.0
1463935282229367075,1056,1463935282187356317,,1580.0,1250.0
1463935282231267171,1057,1463935282206081549,,1580.0,1456.0
1463935282231332952,1058,1463935282225923183,,1574.0,1454.0
1463935282390840134,1059,1463935282245807734,,1558.0,1446.0
1463935282397201774,1060,1463935282266447541,,1535.0,1750.0
1463935282397277555,1061,1463935282285963760,,1530.0,1580.0
1463935282397319742,1062,1463935282306123674,,1506.0,1250.0
1463935282397355575,1063,1463935282327289625,,1506.0,1433.0
1463935282404879710,1064,1463935282346997145,,1505.0,1750.0
1463935282411603900,1065,1463935282367535963,,1497.0,1555.0
1463935282411671712,1066,1463935282388115406,,1499.0,1250.0
1463935282413854671,1067,1463935282408351153,,1498.0,1421.0
1463935282484028069,1068,1463935282428461692,,1512.0,1419.0
1463935282484135360,1069,1463935282449582591,,1498.0,1393.0
1463935282488838361,1070,1463935282467224651,,1498.0,1750.0
1463935282558246658,1071,1463935282488387061,,1498.0,1531.0
1463935282560052796,1072,1463935282510198895,,1498.0,1250.0
1463935282560721908,1073,1463935282537446903,,1504.0,1386.0
1463935282562427786,1074,1463935282557419370,,1498.0,1394.0
1463935282717808059,1075,1463935282579535838,,1494.0,1396.0
1463935282718094464,1076,1463935282599246899,,1498.0,1750.0
1463935282719543781,1077,1463935282618440932,,1504.0,1542.0
1463935282719880030,1078,1463935282641118075,,1493.0,1546.0
1463935282721827469,1079,1463935282659513152,,1494.0,1552.0
1463935282722167884,1080,1463935282680079366,,1494.0,1559.0
1463935282723845117,1081,1463935282697520958,,1494.0,1545.0
1463935282725397766,1082,1463935282717531394,,1494.0,1250.0
1463935283013086484,1083,1463935282737301361,,1493.0,1416.0
1463935283013350181,1084,1463935282756628154,,1494.0,1405.0
1463935283014745488,1085,1463935282777041973,,1494.0,1392.0
1463935283016168086,1086,1463935282797231834,,1493.0,1750.0
1463935283016475428,1087,1463935282817548414,,1492.0,1517.0
1463935283016915635,1088,1463935282836712968,,1493.0,1250.0
1463935283018338806,1089,1463935282855915229,,1493.0,1376.0
1463935283018615367,1090,1463935282875882956,,1484.0,1368.0
1463935283019945726,1091,1463935282893566162,,1484.0,1387.0
1463935283020740306,1092,1463935282914118730,,1471.0,1372.0
1463935283022245091,1093,1463935282934030676,,1461.0,1377.0
1463935283022546236,1094,1463935282957485524,,1450.0,1750.0
1463935283024286176,1095,1463935282983082967,,1430.0,1514.0
1463935283024788986,1096,1463935283009118793,,1430.0,1250.0
1463935284143959462,1097,1463935283039176269,,1419.0,1380.0
1463935284144299252,1098,1463935283064790274,,1425.0,1390.0
1463935284144575918,1099,1463935283091319692,,1419.0,1396.0
1463935284144830604,1100,1463935283119728424,,1418.0,1415.0
1463935284145090030,1101,1463935283141412134,,1419.0,1419.0
1463935284145352268,1102,1463935283163361727,,1418.0,1750.0
1463935284145632163,1103,1463935283183975181,,1401.0,1579.0
1463935284145940287,1104,1463935283203763794,,1402.0,1250.0
1463935284146250077,1105,1463935283223712563,,1386.0,1450.0
1463935284146554867,1106,1463935283245489293,,1372.0,1750.0
1463935284146832991,1107,1463935283265184417,,1370.0,1590.0
1463935284147109032,1108,1463935283286264379,,1370.0,1250.0
1463935284147386270,1109,1463935283306559605,,1354.0,1460.0
1463935284151866199,1110,1463935283328486750,,1354.0,1750.0
1463935284153381140,1111,1463935283348158698,,1354.0,1582.0
1463935284154853686,1112,1463935283367481375,,1354.0,1250.0
1463935284156337326,1113,1463935283387549779,,1338.0,1443.0
1463935284157834871,1114,1463935283404243874,,1338.0,1750.0
1463935284163042141,1115,1463935283424299674,,1338.0,1563.0
1463935284163358337,1116,1463935283444541358,,1345.0,1250.0
1463935284163641826,1117,1463935283465196635,,1338.0,1422.0
1463935284166897333,1118,1463935283486109254,,1338.0,1750.0
1463935284167257019,1119,1463935283506412240,,1338.0,1533.0
1463935284167566392,1120,1463935283525871584,,1337.0,1527.0
1463935284167862953,1121,1463935283545787696,,1328.0,1514.0
1463935284168160348,1122,1463935283566492139,,1338.0,1509.0
1463935284171117835,1123,1463935283588235536,,1338.0,1499.0
1463935284171495282,1124,1463935283608504303,,1309.0,1483.0
1463935284171778718,1125,1463935283630502022,,1275.0,1469.0
1463935284172034238,1126,1463935283651634483,,1274.0,1456.0
1463935284172282049,1127,1463935283672142781,,1274.0,1445.0
1463935284173793709,1128,1463935283694311593,,1288.0,1429.0
1463935284175265943,1129,1463935283714475204,,1275.0,1418.0
1463935284175611202,1130,1463935283734792149,,1274.0,1411.0
1463935284177152185,1131,1463935283755151541,,1274.0,1391.0
1463935284177507964,1132,1463935283777808788,,1274.0,1380.0
1463935284177798848,1133,1463935283798134847,,1273.0,1373.0
1463935284178071399,1134,1463935283818482572,,1274.0,1250.0
1463935284178348742,1135,1463935283837870250,,1275.0,1250.0
1463935284178612335,1136,1463935283858365787,,1274.0,1750.0
1463935284180080141,1137,1463935283878326691,,1274.0,1354.0
1463935284181767946,1138,1463935283899197071,,1274.0,1340.0
1463935284183292210,1139,1463935283921363434,,1274.0,1381.0
1463935284183640959,1140,1463935283941444546,,1274.0,1353.0
1463935284183921895,1141,1463935283961416597,,1274.0,1323.0
1463935284184186321,1142,1463935283981436980,,1270.0,1335.0
1463935284184441060,1143,1463935284001463925,,1258.0,1363.0
1463935284184683871,1144,1463935284022742116,,1258.0,1373.0
1463935284184929183,1145,1463935284042895363,,1258.0,1365.0
1463935284185167671,1146,1463935284063895846,,1258.0,1382.0
1463935284185393608,1147,1463935284084416904,,1258.0,1397.0
1463935284185613919,1148,1463935284107838783,,1258.0,1250.0
1463935284186091990,1149,1463935284144569772,,1258.0,1253.0
1463935284186447770,1150,1463935284168966751,,1274.0,1750.0
1463935284828612212,1151,1463935284198829540,,1304.0,1383.0
1463935284828882575,1152,1463935284214899992,,1305.0,1250.0
1463935284829172887,1153,1463935284235335113,,1306.0,1251.0
1463935284829443042,1154,1463935284259122980,,1333.0,1750.0
1463935284829693874,1155,1463935284280832314,,1352.0,1365.0
1463935284829951217,1156,1463935284303500030,,1354.0,1361.0
1463935284830345017,1157,1463935284323968224,,1354.0,1346.0
1463935284830622464,1158,1463935284343450849,,1385.0,1371.0
1463935284830888035,1159,1463935284365039246,,1385.0,1335.0
1463935284831148607,1160,1463935284386290197,,1386.0,1319.0
1463935284831424960,1161,1463935284409089526,,1386.0,1348.0
1463935284831708553,1162,1463935284431237713,,1489.0,1250.0
1463935284831982197,1163,1463935284454170271,,1489.0,1250.0
1463935284832255425,1164,1463935284477147777,,1494.0,1750.0
1463935284832513549,1165,1463935284499402057,,1493.0,1316.0
1463935284832787923,1166,1463935284522805342,,1494.0,1311.0
1463935284833042870,1167,1463935284546895135,,1494.0,1296.0
1463935284833277348,1168,1463935284568411397,,1494.0,1311.0
1463935284833514795,1169,1463935284592376086,,1494.0,1291.0
1463935284833755367,1170,1463935284616976242,,1494.0,1250.0
1463935284834037970,1171,1463935284643849512,,1494.0,1250.0
1463935284834306250,1172,1463935284664227394,,1494.0,1750.0
1463935284834558697,1173,1463935284683867102,,1494.0,1288.0
1463935284834823539,1174,1463935284703773943,,1494.0,1299.0
1463935284835084424,1175,1463935284722458812,,1494.0,1291.0
1463935284835333433,1176,1463935284742080082,,1504.0,1250.0
1463935284835578276,1177,1463935284757858296,,1504.0,1250.0
1463935284840383047,1178,1463935284778760185,,1494.0,1750.0
1463935284840778201,1179,1463935284799761294,,1494.0,1287.0
1463935284841230127,1180,1463935284819860322,,1494.0,1250.0
1463935285029188386,1181,1463935284839977736,,1494.0,1250.0
1463935285055653741,1182,1463935284863065710,,1495.0,1750.0
1463935285055692856,1183,1463935284887855188,,1493.0,1297.0
1463935285055726241,1184,1463935284907590364,,1494.0,1250.0
1463935285055760564,1185,1463935284926333252,,1494.0,1250.0
1463935285056140927,1186,1463935284946149991,,1493.0,1750.0
1463935285056175926,1187,1463935284964688713,,1493.0,1298.0
1463935285056210562,1188,1463935284983402071,,1494.0,1250.0
1463935285056247645,1189,1463935285002422562,,1494.0,1250.0
1463935285056282436,1190,1463935285020216497,,1494.0,1250.0
1463935285599604176,1191,1463935285036683041,,1494.0,1250.0
1463935285600794952,1192,1463935285055951136,,1494.0,1310.0
1463935285610747618,1193,1463935285075168033,,1494.0,1330.0
1463935285610991315,1194,1463935285093774620,,1494.0,1309.0
1463935285611029908,1195,1463935285113227818,,1494.0,1320.0
1463935285612573131,1196,1463935285133805282,,1494.0,1335.0
1463935285612614277,1197,1463935285155319357,,1494.0,1322.0
1463935285612649433,1198,1463935285174679326,,1494.0,1341.0
1463935285612688183,1199,1463935285195768403,,1493.0,1336.0
1463935285612724693,1200,1463935285214386552,,1493.0,1340.0
1463935285612761359,1201,1463935285236847914,,1494.0,1347.0
1463935285612795942,1202,1463935285254890025,,1494.0,1346.0
1463935285612921046,1203,1463935285272568855,,1494.0,1333.0
1463935285616063949,1204,1463935285292830279,,1493.0,1250.0
1463935285616122699,1205,1463935285312977016,,1494.0,1250.0
1463935285616163324,1206,1463935285332629015,,1493.0,1250.0
1463935285616201240,1207,1463935285351607267,,1493.0,1250.0
1463935285616249574,1208,1463935285371796504,,1493.0,1250.0
1463935285616300302,1209,1463935285391858293,,1494.0,1250.0
1463935285616334938,1210,1463935285412763360,,1494.0,1750.0
1463935285616375302,1211,1463935285433585511,,1493.0,1365.0
1463935285616411344,1212,1463935285454072038,,1494.0,1371.0
1463935285616448635,1213,1463935285474146171,,1493.0,1370.0
1463935285625745679,1214,1463935285494597906,,1494.0,1376.0
1463935285628449157,1215,1463935285515807138,,1493.0,1375.0
1463935285628487698,1216,1463935285535418930,,1493.0,1378.0
1463935285628524469,1217,1463935285555747853,,1493.0,1380.0
1463935285628595458,1218,1463935285576905783,,1494.0,1250.0
1463935285668127581,1219,1463935285597429185,,1494.0,1250.0
1463935285671278817,1220,1463935285615823013,,1493.0,1250.0
1463935285679937322,1221,1463935285633176168,,1493.0,1250.0
1463935285683385849,1222,1463935285652268378,,1494.0,1750.0
1463935285752569980,1223,1463935285672365844,,1494.0,1390.0
1463935285752605241,1224,1463935285692398779,,1493.0,1250.0
1463935285752640813,1225,1463935285712318590,,1493.0,1257.0
1463935285752680501,1226,1463935285731585903,,1494.0,1259.0
1463935285796919374,1227,1463935285751071758,,1494.0,1261.0
1463935285796997967,1228,1463935285772011720,,1494.0,1750.0
1463935285797097655,1229,1463935285793345743,,1494.0,1400.0
1463935285837852272,1230,1463935285812668161,,1494.0,1403.0
1463935285837983261,1231,1463935285831265217,,1493.0,1404.0
1463935285881364273,1232,1463935285858200779,,1494.0,1250.0
1463935285889951268,1233,1463935285883798482,,1494.0,1279.0
1463935285915857511,1234,1463935285907711609,,1494.0,1272.0
1463935285965534434,1235,1463935285928591519,,1494.0,1274.0
1463935285967779685,1236,1463935285948595653,,1494.0,1276.0
1463935286008516021,1237,1463935285973243047,,1494.0,1277.0
1463935286008573313,1238,1463935285995683160,,1493.0,1750.0
1463935286086118242,1239,1463935286019906650,,1493.0,1416.0
1463935286086196002,1240,1463935286041221663,,1493.0,1270.0
1463935286086242981,1241,1463935286063119382,,1494.0,1282.0
1463935286130389563,1242,1463935286085951784,,1494.0,1284.0
1463935286149391565,1243,1463935286110632252,,1495.0,1285.0
1463935286149608127,1244,1463935286129459515,,1494.0,1287.0
1463935286214736806,1245,1463935286158203559,,1494.0,1288.0
1463935286214942378,1246,1463935286187855932,,1494.0,1298.0
1463935286215962739,1247,1463935286208423188,,1494.0,1291.0
1463935286242652312,1248,1463935286232546209,,1494.0,1292.0
1463935286286579312,1249,1463935286254278200,,1493.0,1294.0
1463935286287000143,1250,1463935286274345614,,1493.0,1750.0
1463935286325420031,1251,1463935286297883795,,1494.0,1432.0
1463935286326002060,1252,1463935286323014989,,1493.0,1250.0
1463935286361806178,1253,1463935286347827644,,1494.0,1298.0
1463935286374436749,1254,1463935286370774212,,1494.0,1750.0
1463935286425595280,1255,1463935286404101622,,1493.0,1436.0
1463935286437371011,1256,1463935286431892284,,1493.0,1250.0
1463935286458441025,1257,1463935286453628858,,1493.0,1303.0
1463935286499644963,1258,1463935286477636672,,1494.0,1750.0
1463935286518375612,1259,1463935286500503501,,1493.0,1441.0
1463935286539057347,1260,1463935286523134030,,1495.0,1442.0
1463935286561020274,1261,1463935286550313861,,1494.0,1443.0
1463935286578997124,1262,1463935286573128243,,1493.0,1443.0
1463935286612031775,1263,1463935286601215935,,1493.0,1443.0
1463935286635366987,1264,1463935286625705987,,1494.0,1250.0
1463935286650798692,1265,1463935286647722143,,1494.0,1310.0
1463935286678261335,1266,1463935286670212099,,1494.0,1750.0
1463935286699205308,1267,1463935286692473097,,1494.0,1448.0
1463935286719562877,1268,1463935286715213208,,1493.0,1449.0
1463935286758237087,1269,1463935286754154917,,1493.0,1449.0
1463935286801589974,1270,1463935286797298899,,1494.0,1452.0
1463935286857496558,1271,1463935286835858474,,1494.0,1455.0
1463935286863773719,1272,1463935286860858315,,1494.0,1456.0
1463935286885365606,1273,1463935286882756815,,1494.0,1453.0
1463935286915439748,1274,1463935286904908543,,1494.0,1250.0
1463935286940237038,1275,1463935286928028965,,1493.0,1318.0
1463935286964098603,1276,1463935286950495015,,1493.0,1750.0
1463935286980355981,1277,1463935286970642064,,1494.0,1455.0
1463935287008187945,1278,1463935286999032776,,1494.0,1250.0
1463935287045484244,1279,1463935287019444668,,1494.0,1319.0
1463935287045869816,1280,1463935287038987241,,1494.0,1458.0
1463935287065921813,1281,1463935287059531059,,1493.0,1457.0
1463935287090308584,1282,1463935287079389985,,1494.0,1250.0
1463935287109752824,1283,1463935287099850106,,1494.0,1323.0
1463935287145379755,1284,1463935287120749756,,1494.0,1750.0
1463935287152025507,1285,1463935287141802374,,1493.0,1458.0
1463935287170398502,1286,1463935287162064787,,1494.0,1459.0
1463935287223986346,1287,1463935287181355590,,1494.0,1459.0
1463935287224060252,1288,1463935287199875042,,1494.0,1250.0
1463935287225026758,1289,1463935287216849449,,1494.0,1321.0
1463935287276095446,1290,1463935287238117275,,1494.0,1750.0
1463935287276141539,1291,1463935287258462709,,1494.0,1460.0
1463935287479936293,1292,1463935287278368665,,1494.0,1460.0
1463935287480348114,1293,1463935287297663114,,1494.0,1462.0
1463935287480384416,1294,1463935287317597248,,1494.0,1459.0
1463935287480421968,1295,1463935287338080597,,1494.0,1460.0
1463935287480462593,1296,1463935287358102856,,1494.0,1461.0
1463935287484059505,1297,1463935287376321007,,1494.0,1460.0
1463935287485893924,1298,1463935287396952325,,1494.0,1461.0
1463935287486020642,1299,1463935287419064574,,1495.0,1461.0
1463935287486135537,1300,1463935287438780584,,1494.0,1250.0
1463935287486234131,1301,1463935287459816067,,1494.0,1325.0
1463935287540357910,1302,1463935287479493795,,1494.0,1325.0
1463935287546675747,1303,1463935287499412564,,1493.0,1325.0
1463935287549524693,1304,1463935287517766600,,1493.0,1750.0
1463935287550341461,1305,1463935287538931874,,1494.0,1462.0
1463935287787611905,1306,1463935287556076645,,1494.0,1250.0
1463935287787881122,1307,1463935287576103069,,1494.0,1326.0
1463935287788130965,1308,1463935287596541784,,1494.0,1750.0
1463935287788391068,1309,1463935287616897687,,1494.0,1461.0
1463935287788648879,1310,1463935287637163433,,1494.0,1462.0
1463935287788914295,1311,1463935287656732829,,1494.0,1464.0
1463935287789177835,1312,1463935287677537479,,1494.0,1461.0
1463935287789451636,1313,1463935287697240676,,1494.0,1462.0
1463935287790524601,1314,1463935287717251945,,1494.0,1250.0
1463935287790804026,1315,1463935287735974417,,1494.0,1326.0
1463935287791092046,1316,1463935287755199752,,1494.0,1326.0
1463935287791452409,1317,1463935287777837519,,1495.0,1326.0
1463935288201662791,1318,1463935287798681337,,1494.0,1327.0
1463935288201947164,1319,1463935287818066410,,1494.0,1328.0
1463935288203479137,1320,1463935287837095651,,1494.0,1750.0
1463935288203753980,1321,1463935287852937302,,1494.0,1463.0
1463935288204004187,1322,1463935287876657722,,1494.0,1463.0
1463935288204275748,1323,1463935287886025026,,1493.0,1463.0
1463935288204551945,1324,1463935287909728206,,1493.0,1250.0
1463935288204833194,1325,1463935287929524735,,1494.0,1326.0
1463935288205113088,1326,1463935287951551204,,1494.0,1750.0
1463935288205362827,1327,1463935287970324144,,1494.0,1463.0
1463935288205605378,1328,1463935287989885415,,1494.0,1250.0
1463935288207853025,1329,1463935288011377563,,1494.0,1327.0
1463935288208224638,1330,1463935288031242061,,1493.0,1325.0
1463935288212950451,1331,1463935288052558949,,1494.0,1326.0
1463935288213359616,1332,1463935288072706519,,1494.0,1750.0
1463935288213614771,1333,1463935288092605913,,1493.0,1463.0
1463935288215238983,1334,1463935288112582078,,1493.0,1250.0
1463935288218394282,1335,1463935288134767816,,1494.0,1326.0
1463935288218754124,1336,1463935288157402042,,1495.0,1325.0
1463935288219318809,1337,1463935288178462786,,1494.0,1325.0
1463935288219728703,1338,1463935288199742018,,1494.0,1326.0
1463935288221531247,1339,1463935288218424334,,1494.0,1326.0
