%time,field.header.seq,field.header.stamp,field.header.frame_id,field.temperature,field.variance
1463935260276250620,293,1463935260264416817,,0.0,-20.0
1463935260289612855,294,1463935260281689087,,0.0,20.0
1463935260306132576,295,1463935260294915176,,0.0,20.0
1463935260340366336,296,1463935260325561139,,0.0,20.0
1463935260364339410,297,1463935260359437088,,0.0,20.0
1463935260381926262,298,1463935260373536819,,0.0,-20.0
1463935260393162516,299,1463935260389742114,,0.0,-20.0
1463935260417998035,300,1463935260414205812,,0.0,-20.0
1463935260435054889,301,1463935260430433711,,0.0,-20.0
1463935260475400081,302,1463935260472005044,,0.0,20.0
1463935260514705122,303,1463935260509874934,,0.0,20.0
1463935260524518101,304,1463935260518485470,,0.0,20.0
1463935260554617295,305,1463935260546634673,,0.0,20.0
1463935260567349480,306,1463935260558904516,,0.0,20.0
1463935260592324477,307,1463935260582918163,,0.0,20.0
1463935260613152357,308,1463935260598674242,,0.0,-20.0
1463935260630204159,309,1463935260618645927,,0.0,-20.0
1463935260660661477,310,1463935260643162072,,0.0,20.0
1463935260673059757,311,1463935260664768074,,0.0,20.0
1463935260714282133,312,1463935260693983834,,0.0,20.0
1463935260714744110,313,1463935260707145445,,0.0,20.0
1463935260747761157,314,1463935260738189270,,0.0,20.0
1463935260765751392,315,1463935260759833970,,0.0,20.0
1463935260799870309,316,1463935260769151378,,0.0,20.0
1463935260800432181,317,1463935260779075762,,0.0,20.0
1463935260846841306,318,1463935260836283538,,0.0,20.0
1463935260884017918,319,1463935260868286839,,0.0,20.0
1463935260895242922,320,1463935260885965357,,0.0,-20.0
1463935260939952158,321,1463935260908048440,,0.0,-20.0
1463935260953076320,322,1463935260943273185,,0.0,20.0
1463935261064144543,323,1463935260989236635,,0.0,20.0
1463935261064746989,324,1463935261011962006,,0.0,-20.0
1463935261065071467,325,1463935261033173478,,0.0,-20.0
1463935261069414625,326,1463935261055147603,,0.0,20.0
1463935261180592796,327,1463935261075994180,,0.0,20.0
1463935261181050085,328,1463935261094393060,,0.0,-20.0
1463935261181301178,329,1463935261122950230,,0.0,-20.0
1463935261181525552,330,1463935261156918470,,0.0,-20.0
1463935261317088722,331,1463935261189745777,,0.0,-20.0
1463935261318694132,332,1463935261216370143,,0.0,-20.0
1463935261319092672,333,1463935261244117159,,0.0,-20.0
1463935261321215267,334,1463935261276272126,,0.0,20.0
1463935261322895052,335,1463935261304011903,,0.0,20.0
1463935261445474424,336,1463935261329586846,,0.0,-20.0
1463935261445531038,337,1463935261362191707,,0.0,-20.0
1463935261445598069,338,1463935261389065915,,0.0,-20.0
1463935261445639787,339,1463935261419519170,,0.0,-20.0
1463935261594356652,340,1463935261445294633,,0.0,-20.0
1463935261595963832,341,1463935261474242790,,0.0,-20.0
1463935261596264768,342,1463935261498281594,,0.0,-20.0
1463935261596574246,343,1463935261529888073,,0.0,-20.0
1463935261598423509,344,1463935261558339774,,0.0,20.0
1463935261600372199,345,1463935261589259642,,0.0,20.0
1463935261705869196,346,1463935261613570163,,0.0,-20.0
1463935261706136903,347,1463935261642587643,,0.0,-20.0
1463935261710987403,348,1463935261670812418,,0.0,20.0
1463935261711532036,349,1463935261703053426,,0.0,20.0
1463935261828341537,350,1463935261726928637,,0.0,-20.0
1463935261828818201,351,1463935261753691439,,0.0,-20.0
1463935261831636470,352,1463935261786317445,,0.0,20.0
1463935261832169645,353,1463935261813067227,,0.0,20.0
1463935261922416395,354,1463935261839108314,,1.08931696415,-20.0
1463935261922699675,355,1463935261872755565,,1.13661003113,-20.0
1463935261923195350,356,1463935261898584986,,0.0,-20.0
1463935261923597431,357,1463935261919516720,,1.16183066368,-20.0
1463935261998802579,358,1463935261947826078,,0.0,20.0
1463935262000775435,359,1463935261978703810,,1.37789034843,20.0
1463935262088810579,360,1463935262005379634,,1.37789034843,-20.0
1463935262089140526,361,1463935262032719829,,1.42282152176,-20.0
1463935262091992493,362,1463935262064762922,,1.37547719479,-20.0
1463935262165466293,363,1463935262093554153,,1.37789034843,-20.0
1463935262167256077,364,1463935262124144699,,1.42024862766,-20.0
1463935262168946122,365,1463935262159207987,,1.38518083096,-20.0
1463935262243050961,366,1463935262191800399,,1.38031196594,-20.0
1463935262246374697,367,1463935262216638835,,1.38274204731,-20.0
1463935262300369154,368,1463935262245278504,,1.41768503189,-20.0
1463935262300876808,369,1463935262278605862,,1.38518083096,-20.0
1463935262392944279,370,1463935262306660117,,1.42540383339,20.0
1463935262393264486,371,1463935262335886294,,1.41513061523,20.0
1463935262395132082,372,1463935262364520494,,1.41768503189,20.0
1463935262396902075,373,1463935262389672001,,0.0,20.0
1463935262487738405,374,1463935262419773643,,1.42024862766,-20.0
1463935262488380642,375,1463935262446582070,,1.42799544334,-20.0
1463935262490052614,376,1463935262476903035,,1.45984661579,20.0
1463935262546796017,377,1463935262506875563,,1.42024862766,20.0
1463935262547193255,378,1463935262533650709,,1.42024862766,-20.0
1463935262565274636,379,1463935262558110448,,1.42024862766,-20.0
1463935262594257741,380,1463935262584374450,,1.42540383339,-20.0
1463935262633079711,381,1463935262614629685,,1.42024862766,-20.0
1463935262665811446,382,1463935262643381125,,1.42024862766,-20.0
1463935262733414282,383,1463935262667322429,,1.42282152176,-20.0
1463935262735178649,384,1463935262691286910,,1.42024862766,20.0
1463935262736744528,385,1463935262718667105,,1.43059659004,20.0
1463935262891241680,386,1463935262744505849,,1.42024862766,20.0
1463935262891611522,387,1463935262770036781,,1.46529388428,20.0
1463935262891894698,388,1463935262798610357,,1.46529388428,20.0
1463935262892194228,389,1463935262824544777,,1.45713818073,20.0
1463935262892743184,390,1463935262855317250,,1.46256518364,-20.0
1463935262904954798,391,1463935262879948499,,1.50459289551,-20.0
1463935262905018079,392,1463935262887530810,,1.50459289551,-20.0
1463935262905057662,393,1463935262898451701,,1.50459289551,-20.0
1463935262926921475,394,1463935262920945199,,1.46256518364,20.0
1463935262942203858,395,1463935262936733204,,1.45984661579,20.0
1463935263099259436,396,1463935262951587255,,1.41768503189,-20.0
1463935263099567091,397,1463935262976641002,,1.45984661579,-20.0
1463935263101447031,398,1463935263008832010,,1.45984661579,20.0
1463935263102037758,399,1463935263037728397,,1.41768503189,20.0
1463935263102325465,400,1463935263070876328,,1.41768503189,20.0
1463935263102729005,401,1463935263096223824,,1.46256518364,20.0
1463935263158678922,402,1463935263136342924,,1.47354125977,-20.0
1463935263192001956,403,1463935263157719499,,1.41258537769,-20.0
1463935263194101427,404,1463935263179612270,,1.50748085976,20.0
1463935263538032352,405,1463935263201602853,,1.50748085976,20.0
1463935263538351101,406,1463935263220297825,,1.46256518364,20.0
1463935263538800005,407,1463935263239087276,,1.45984661579,20.0
1463935263538849692,408,1463935263257980476,,1.45984661579,20.0
1463935263539409482,409,1463935263279080490,,1.45984661579,20.0
1463935263539990989,410,1463935263298280617,,1.45984661579,-20.0
1463935263545186228,411,1463935263317282254,,1.46256518364,-20.0
1463935263545520080,412,1463935263338180029,,0.0,-20.0
1463935263545813360,413,1463935263355378914,,1.45443975925,20.2800006866
1463935263546118776,414,1463935263375421381,,1.46529388428,33.2400016785
1463935263546407577,415,1463935263396170146,,1.46256518364,32.0400009155
1463935263546672784,416,1463935263416514330,,1.45713818073,32.0400009155
1463935263548166944,417,1463935263435485863,,1.45984661579,33.4799995422
1463935263548479078,418,1463935263458330141,,1.45984661579,33.3600006104
1463935263548798348,419,1463935263479684476,,1.45984661579,33.3600006104
1463935263549053451,420,1463935263502712920,,1.41768503189,33.4799995422
1463935263549101784,421,1463935263522199659,,1.51328992844,33.7200012207
1463935263549450376,422,1463935263541417390,,1.51328992844,33.5999984741
1463935263812467637,423,1463935263563277869,,1.42540383339,33.4799995422
1463935263812820188,424,1463935263592013007,,1.47078180313,33.4799995422
1463935263812901750,425,1463935263616172695,,1.46529388428,33.5999984741
1463935263813086436,426,1463935263645715850,,1.46256518364,33.5999984741
1463935263813361748,427,1463935263667654298,,1.46256518364,33.5999984741
1463935263813646330,428,1463935263689651600,,1.46256518364,33.5999984741
1463935263813899402,429,1463935263718364914,,1.47078180313,33.7200012207
1463935263814143203,430,1463935263739338679,,1.47078180313,33.5999984741
1463935263817526574,431,1463935263772990097,,1.42024862766,33.7200012207
1463935263819392087,432,1463935263801703725,,1.47078180313,33.9599990845
1463935263915228864,433,1463935263847813319,,1.46256518364,33.5999984741
1463935263915611050,434,1463935263893149323,,1.50171601772,33.5999984741
1463935263957024884,435,1463935263934514824,,0.0,33.7200012207
1463935263981708476,436,1463935263966589270,,1.4988502264,33.7200012207
1463935264016892440,437,1463935264012977613,,1.45984661579,34.4399986267
1463935264053755460,438,1463935264042691028,,1.45984661579,34.2000007629
1463935264078432073,439,1463935264067056496,,1.46529388428,34.0800018311
1463935264140642744,440,1463935264099492399,,1.46529388428,34.2000007629
1463935264142607580,441,1463935264122850893,,1.46529388428,34.0800018311
1463935264232600007,442,1463935264158783761,,1.45984661579,34.0800018311
1463935264232799902,443,1463935264165335764,,1.45984661579,31.5599994659
1463935264234758696,444,1463935264168805280,,1.45984661579,31.5599994659
1463935264241163044,445,1463935264204915907,,1.46256518364,32.7599983215
1463935264323525296,446,1463935264246975727,,1.4988502264,34.2000007629
1463935264324041596,447,1463935264299108473,,1.45984661579,34.2000007629
1463935264337626225,448,1463935264323575296,,1.51328992844,33.8400001526
1463935264381190101,449,1463935264375378199,,1.4988502264,34.2000007629
1463935264438388607,450,1463935264425331996,,1.45984661579,34.2000007629
1463935264458548364,451,1463935264440615056,,1.45984661579,34.2000007629
1463935264487787875,452,1463935264479859627,,1.4988502264,34.2000007629
1463935264524721415,453,1463935264517346186,,1.46256518364,33.5999984741
1463935264569518255,454,1463935264547788347,,1.50171601772,34.9199981689
1463935264629209822,455,1463935264581254454,,1.50171601772,34.2000007629
1463935264629685810,456,1463935264615447225,,1.50459289551,34.2000007629
1463935264665234981,457,1463935264653159303,,1.46529388428,34.2000007629
1463935264720776879,458,1463935264682634802,,1.50459289551,34.0800018311
1463935264721220627,459,1463935264701780866,,1.50459289551,34.0800018311
1463935264780908392,460,1463935264731876154,,1.53999507427,34.0800018311
1463935264780963548,461,1463935264760776551,,1.50171601772,34.0800018311
1463935264781004902,462,1463935264769831721,,1.50171601772,34.0800018311
1463935264794208648,463,1463935264781273755,,1.50459289551,34.0800018311
1463935264807778173,464,1463935264804041835,,1.50171601772,34.2000007629
1463935264859217693,465,1463935264826164657,,1.54910755157,34.2000007629
1463935264862775490,466,1463935264844808275,,1.54910755157,34.0800018311
1463935265228343771,467,1463935264865137459,,1.50171601772,32.6399993896
1463935265228687780,468,1463935264885540653,,1.50459289551,33.0
1463935265229050174,469,1463935264903210630,,1.50459289551,34.2000007629
1463935265229104445,470,1463935264923091430,,1.50459289551,34.0800018311
1463935265231744902,471,1463935264944438527,,1.54605805874,34.0800018311
1463935265232152609,472,1463935264966039163,,1.50171601772,35.4000015259
1463935265232530003,473,1463935264984701584,,1.50171601772,34.2000007629
1463935265234297704,474,1463935265005532015,,1.50459289551,34.4399986267
1463935265234705411,475,1463935265023863291,,1.55524253845,33.3600006104
1463935265237727741,476,1463935265042198161,,1.55524253845,33.1199989319
1463935265238124927,477,1463935265067907634,,1.51037979126,34.0800018311
1463935265238453572,478,1463935265099457603,,1.54910755157,34.2000007629
1463935265238788206,479,1463935265127020038,,1.54302060604,34.2000007629
1463935265239239193,480,1463935265159432816,,1.55524253845,34.4399986267
1463935265241808089,481,1463935265191320961,,1.54910755157,35.2799987793
1463935265243763966,482,1463935265215798304,,1.54910755157,34.2000007629
1463935265395452432,483,1463935265243698393,,1.58666157722,34.0800018311
1463935265395506181,484,1463935265269767552,,1.54605805874,33.5999984741
1463935265395551025,485,1463935265298279826,,1.54605805874,33.5999984741
1463935265395588889,486,1463935265328489801,,1.59309840202,33.8400001526
1463935265395629618,487,1463935265353719954,,1.55216896534,-20.0
1463935265395664983,488,1463935265365856881,,1.55216896534,-20.0
1463935265448157623,489,1463935265395105714,,1.5995875597,-20.0
1463935265448193144,490,1463935265434478306,,1.55832839012,-20.0
1463935265501472864,491,1463935265472184656,,1.59633636475,-20.0
1463935265506853987,492,1463935265484724862,,1.59633636475,20.0
1463935265524273808,493,1463935265495673149,,1.58987343311,20.0
1463935265524450578,494,1463935265509035852,,1.58987343311,-20.0
1463935265536081726,495,1463935265529534202,,1.54910755157,-20.0
1463935265554588314,496,1463935265550507237,,1.54605805874,-20.0
1463935265571960948,497,1463935265568827211,,1.59309840202,-20.0
1463935265596433656,498,1463935265590046027,,1.55216896534,20.0
1463935265614453370,499,1463935265609040841,,1.55524253845,20.0
1463935265643018977,500,1463935265629171901,,1.50459289551,20.0
1463935265656429753,501,1463935265652684926,,1.54605805874,20.0
1463935265672105936,502,1463935265669789123,,1.54605805874,20.0
1463935265697860410,503,1463935265690366275,,1.54302060604,20.0
1463935265713970601,504,1463935265708540937,,1.54302060604,-20.0
1463935265738755599,505,1463935265732771042,,1.50171601772,-20.0
1463935265757799685,506,1463935265749632428,,1.50171601772,20.0
1463935265782737547,507,1463935265768412243,,1.50171601772,20.0
1463935265837745905,508,1463935265810659927,,1.55832839012,-20.0
1463935265868814991,509,1463935265854993488,,1.50171601772,-20.0
1463935265895841074,510,1463935265886610019,,1.54910755157,20.0
1463935265924795481,511,1463935265910675906,,1.54605805874,20.0
1463935265937484541,512,1463935265931090767,,1.54605805874,20.0
1463935265959879862,513,1463935265946010547,,1.54605805874,20.0
1463935265977437443,514,1463935265960831369,,1.54605805874,20.0
1463935265983465751,515,1463935265972428350,,1.54910755157,20.0
1463935266003629675,516,1463935265996129655,,1.55216896534,-20.0
1463935266020159500,517,1463935266012326357,,1.54910755157,-20.0
1463935266035823600,518,1463935266032461583,,1.54910755157,20.0
1463935266054430916,519,1463935266052322280,,1.50171601772,20.0
1463935266080712731,520,1463935266073254846,,1.55832839012,-20.0
1463935266098817445,521,1463935266093546062,,1.55832839012,-21.4799995422
1463935266116299714,522,1463935266112514991,,1.50748085976,-24.6000003815
1463935266136523847,523,1463935266133060424,,1.55832839012,-25.7999992371
1463935266155290537,524,1463935266152430497,,1.55832839012,-26.2800006866
1463935266186084051,525,1463935266172360881,,1.54910755157,-25.9200000763
1463935266209965199,526,1463935266192633503,,1.54910755157,-25.9200000763
1463935266223279569,527,1463935266215321218,,1.55524253845,-26.2800006866
1463935266262434454,528,1463935266242447196,,1.55216896534,-25.7999992371
1463935266262825546,529,1463935266254456624,,1.55216896534,-25.7999992371
1463935266284431235,530,1463935266274080081,,1.54910755157,-26.3999996185
1463935266334941123,531,1463935266308175977,,1.50748085976,-25.7999992371
1463935266386901057,532,1463935266337800590,,1.50748085976,-26.3999996185
1463935266386967463,533,1463935266357618370,,1.55216896534,-25.4400005341
1463935266387389597,534,1463935266375185951,,1.46256518364,-20.0
1463935266432450394,535,1463935266395741072,,1.46256518364,-26.3999996185
1463935266432492633,536,1463935266413007560,,1.46256518364,-26.7600002289
1463935266472000641,537,1463935266434451844,,1.51037979126,-26.8799991608
1463935266472054183,538,1463935266453724626,,1.51037979126,-26.8799991608
1463935266502420407,539,1463935266468216751,,1.51037979126,-26.3999996185
1463935266543786428,540,1463935266503115873,,1.50171601772,-26.3999996185
1463935266543827470,541,1463935266528007433,,1.50459289551,-26.3999996185
1463935266577870241,542,1463935266558158554,,1.50748085976,-26.3999996185
1463935266612837487,543,1463935266592821740,,1.51037979126,-24.9599990845
1463935266664125862,544,1463935266626349513,,1.51328992844,-26.3999996185
1463935266664459298,545,1463935266654955380,,1.50459289551,-26.3999996185
1463935266705793392,546,1463935266686442745,,1.50748085976,-24.7199993134
1463935266726190753,547,1463935266719230105,,1.54605805874,-26.2800006866
1463935266762689815,548,1463935266749814506,,1.50748085976,-26.3999996185
1463935266843481970,549,1463935266784130765,,1.51037979126,-25.9200000763
1463935266843941135,550,1463935266815142352,,1.50459289551,-26.8799991608
1463935267017968047,551,1463935266847875493,,1.51037979126,-26.2800006866
1463935267018029870,552,1463935266876571203,,1.50748085976,-26.2800006866
1463935267018092057,553,1463935266908904346,,1.45984661579,-26.3999996185
1463935267018138046,554,1463935266938483960,,1.45984661579,-26.2800006866
1463935267018192160,555,1463935266972087514,,1.54605805874,-26.7600002289
1463935267018232525,556,1463935267003459046,,1.46529388428,-25.5599994659
1463935267061270830,557,1463935267033687407,,1.51037979126,-26.2800006866
1463935267105163039,558,1463935267064312432,,1.50459289551,-26.0400009155
1463935267105483402,559,1463935267095980786,,1.50748085976,-26.2800006866
1463935267173461601,560,1463935267126210657,,1.4988502264,-26.3999996185
1463935267173524986,561,1463935267161204153,,1.4988502264,-26.3999996185
1463935267231401249,562,1463935267188359454,,1.4988502264,-27.4799995422
1463935267231939215,563,1463935267223669251,,1.50171601772,-26.8799991608
1463935267262487262,564,1463935267249746327,,1.50171601772,-26.3999996185
1463935267285178884,565,1463935267278994639,,1.50459289551,-25.7999992371
1463935267320539462,566,1463935267314113499,,1.4680327177,-25.7999992371
1463935267347797574,567,1463935267344096288,,1.47078180313,-25.6800003052
1463935267385554444,568,1463935267378541089,,1.50748085976,-26.2800006866
1463935267435285065,569,1463935267409574654,,1.4680327177,-26.3999996185
1463935267448637143,570,1463935267442602221,,0.0,-24.9599990845
1463935267495107101,571,1463935267472418968,,1.50459289551,-25.7999992371
1463935267508393086,572,1463935267505415546,,1.45713818073,-26.8799991608
1463935267544076162,573,1463935267533725269,,1.50459289551,-26.3999996185
1463935267608191669,574,1463935267567132522,,1.45984661579,-26.2800006866
1463935267609846402,575,1463935267596975988,,1.51037979126,-25.6800003052
1463935267674919613,576,1463935267629369964,,1.46256518364,-27.1200008392
1463935267675410080,577,1463935267659692282,,1.50171601772,-25.4400005341
1463935267785342631,578,1463935267693420576,,1.45984661579,-25.7999992371
1463935267785623411,579,1463935267723558676,,1.50171601772,-28.9200000763
1463935267786065700,580,1463935267754201826,,1.50171601772,-26.3999996185
1463935267786447365,581,1463935267784830445,,1.50748085976,-26.3999996185
1463935267866344732,582,1463935267814062977,,1.46529388428,-26.3999996185
1463935267866864886,583,1463935267846294141,,1.4680327177,-26.2800006866
1463935267921936942,584,1463935267876661771,,1.51037979126,-26.7600002289
1463935267923611987,585,1463935267913093543,,1.51037979126,-26.3999996185
1463935267967121645,586,1463935267944633147,,1.55832839012,-26.3999996185
1463935267990635451,587,1463935267977401445,,1.4903178215,-26.2800006866
1463935268023122031,588,1463935268009412558,,1.4931511879,-26.2800006866
1463935268045020583,589,1463935268039904980,,1.55216896534,-29.2800006866
1463935268079475540,590,1463935268070987920,,1.55216896534,-31.5599994659
1463935268111744568,591,1463935268103343198,,1.50459289551,-26.3999996185
1463935268142938862,592,1463935268135920559,,1.50459289551,-25.7999992371
1463935268172423632,593,1463935268165469860,,1.50459289551,-25.7999992371
1463935268201542570,594,1463935268197084256,,1.54605805874,-25.7999992371
1463935268246323264,595,1463935268226745014,,1.54910755157,-25.7999992371
1463935268261000545,596,1463935268258027485,,1.50171601772,20.0
1463935268306337539,597,1463935268288206522,,1.54605805874,20.0
1463935268331636232,598,1463935268322784187,,1.4988502264,20.0
1463935268368405815,599,1463935268353235671,,1.55524253845,20.0
1463935268394647213,600,1463935268386153447,,1.50748085976,-20.0
1463935268432691217,601,1463935268416051028,,1.54910755157,-20.0
1463935268452428008,602,1463935268449460260,,1.51037979126,20.0
1463935268492411326,603,1463935268479086071,,1.50171601772,20.0
1463935268524992333,604,1463935268514823678,,1.50459289551,20.0
1463935268554792987,605,1463935268545080320,,1.46529388428,20.0
1463935268606637765,606,1463935268578842832,,1.50171601772,-24.2399997711
1463935268639044762,607,1463935268613082946,,1.46529388428,-24.7199993134
1463935268666481780,608,1463935268645268589,,1.47354125977,-24.7199993134
1463935268695374157,609,1463935268676562466,,1.4680327177,-25.7999992371
1463935268948283284,610,1463935268707891134,,1.47078180313,-26.2800006866
1463935268949510987,611,1463935268734131855,,1.46529388428,-25.7999992371
1463935268949871193,612,1463935268766273958,,1.46529388428,-26.0400009155
1463935268950237806,613,1463935268795970393,,1.46529388428,-27.1200008392
1463935268950568899,614,1463935268825724693,,1.4680327177,-26.3999996185
1463935268950865200,615,1463935268855356129,,1.50748085976,-26.7600002289
1463935268951134157,616,1463935268884750274,,1.51037979126,-26.2800006866
1463935268953431334,617,1463935268916550711,,1.50459289551,-26.3999996185
1463935268956304447,618,1463935268947852973,,1.50459289551,20.0
1463935269217946506,619,1463935268978680602,,1.50171601772,20.0
1463935269218209213,620,1463935269009908176,,1.55216896534,-20.0
1463935269225869493,621,1463935269044456362,,1.50459289551,-20.0
1463935269226162877,622,1463935269073925559,,1.55216896534,-20.0
1463935269226431417,623,1463935269107887601,,1.55524253845,-20.0
1463935269226692458,624,1463935269135581337,,1.55832839012,20.0
1463935269226954332,625,1463935269165301627,,1.50171601772,20.0
1463935269231735978,626,1463935269198756119,,1.50459289551,-20.0
1463935269356360706,627,1463935269228769741,,1.45713818073,-20.0
1463935269356424976,628,1463935269260392626,,1.50459289551,20.0
1463935269356460966,629,1463935269291732076,,1.51037979126,20.0
1463935269357942209,630,1463935269324652820,,1.50459289551,20.0
1463935269358048719,631,1463935269353555405,,1.46529388428,20.0
1463935269490362112,632,1463935269381798670,,1.47078180313,-20.0
1463935269492029448,633,1463935269418600127,,1.50748085976,-20.0
1463935269493904336,634,1463935269453695185,,1.50459289551,-20.0
1463935269494437563,635,1463935269484704376,,1.46529388428,33.4799995422
1463935269677808654,636,1463935269517814807,,1.46529388428,33.5999984741
1463935269681775773,637,1463935269548614467,,1.46529388428,33.5999984741
1463935269682128479,638,1463935269582049428,,1.46529388428,33.3600006104
1463935269682448791,639,1463935269613731949,,1.4680327177,36.7200012207
1463935269683006705,640,1463935269648759872,,1.50459289551,33.5999984741
1463935269683441859,641,1463935269680871766,,1.4680327177,33.5999984741
1463935269800779430,642,1463935269714202249,,1.50459289551,34.0800018311
1463935269802260518,643,1463935269741383539,,1.4680327177,34.6800003052
1463935269802854890,644,1463935269768818421,,1.4680327177,33.7200012207
1463935269803271764,645,1463935269801517604,,1.43059659004,33.7200012207
1463935269866280609,646,1463935269833885487,,1.43059659004,33.7200012207
1463935269906716530,647,1463935269869689292,,1.42799544334,33.5999984741
1463935269908466001,648,1463935269899456352,,1.43059659004,33.7200012207
1463935269964602584,649,1463935269934073340,,0.0,33.4799995422
1463935269969190117,650,1463935269963153111,,1.42282152176,33.4799995422
1463935269998351659,651,1463935269989899143,,1.42282152176,33.7200012207
1463935270045391770,652,1463935270022782700,,1.42540383339,33.5999984741
1463935270068463494,653,1463935270054785376,,1.45984661579,33.5999984741
1463935270078224390,654,1463935270074438313,,1.45713818073,33.5999984741
1463935270093572450,655,1463935270088917886,,1.45713818073,33.5999984741
1463935270115996520,656,1463935270109899828,,1.47078180313,32.2799987793
1463935270133947798,657,1463935270124120600,,1.47078180313,33.5999984741
1463935270160079353,658,1463935270150804601,,1.42282152176,33.5999984741
1463935270172239197,659,1463935270163978867,,1.42282152176,33.3600006104
1463935270186779655,660,1463935270184074875,,1.46256518364,34.6800003052
1463935270245036333,661,1463935270218499155,,1.42799544334,33.7200012207
1463935270249491418,662,1463935270231518787,,1.42799544334,33.7200012207
1463935270279585821,663,1463935270252318698,,1.46529388428,33.5999984741
1463935270280284464,664,1463935270266157753,,1.46529388428,33.5999984741
1463935270299810474,665,1463935270284099083,,1.43059659004,33.5999984741
1463935270340240562,666,1463935270327088951,,1.46256518364,34.9199981689
1463935270398936769,667,1463935270365898733,,1.42024862766,32.2799987793
1463935270409362610,668,1463935270402315713,,1.46529388428,33.7200012207
1463935270444554803,669,1463935270426365037,,1.45443975925,33.5999984741
1463935270496094791,670,1463935270457496258,,1.46256518364,33.7200012207
1463935270496350259,671,1463935270483096878,,1.45984661579,33.7200012207
1463935270582305829,672,1463935270509724993,,1.45713818073,35.4000015259
1463935270583459209,673,1463935270536473264,,1.45984661579,33.5999984741
1463935270583511240,674,1463935270561450762,,1.46256518364,33.3600006104
1463935270657659204,675,1463935270592333182,,1.47078180313,33.5999984741
1463935270658186442,676,1463935270619723481,,1.47078180313,33.5999984741
1463935270661397314,677,1463935270647831642,,1.42024862766,33.7200012207
1463935270682481911,678,1463935270678188908,,1.42024862766,33.7200012207
1463935270710294813,679,1463935270703463852,,1.46256518364,34.6800003052
1463935270748290900,680,1463935270733161642,,1.46256518364,33.5999984741
1463935270765400463,681,1463935270758255441,,1.50459289551,33.7200012207
1463935270797306524,682,1463935270790549574,,1.47078180313,33.4799995422
1463935270951917009,683,1463935270815116604,,1.47078180313,33.5999984741
1463935270951954561,684,1463935270845136632,,1.50748085976,33.5999984741
1463935270951992790,685,1463935270870644440,,1.50748085976,33.7200012207
1463935270952028154,686,1463935270895681989,,1.46529388428,33.7200012207
1463935270952063883,687,1463935270928080444,,1.51037979126,33.5999984741
1463935271111591587,688,1463935270959614893,,1.50748085976,33.5999984741
1463935271137609548,689,1463935270988236333,,1.50748085976,33.5999984741
1463935271137649652,690,1463935271015806996,,1.50459289551,33.5999984741
1463935271137685642,691,1463935271043718648,,1.50171601772,33.5999984741
1463935271137721267,692,1463935271070180566,,1.54910755157,38.2799987793
1463935271178798278,693,1463935271096949097,,1.54910755157,33.7200012207
1463935271182363888,694,1463935271121469930,,1.51037979126,33.5999984741
1463935271182424148,695,1463935271148589189,,1.5162113905,33.5999984741
1463935271292108784,696,1463935271174294548,,1.55524253845,33.5999984741
1463935271292145450,697,1463935271199204806,,1.51037979126,33.1199989319
1463935271292180502,698,1463935271226811250,,1.55216896534,33.5999984741
1463935271292215554,699,1463935271252309891,,1.55216896534,33.5999984741
1463935271293503569,700,1463935271273551884,,1.51328992844,31.0799999237
1463935271344992516,701,1463935271296730795,,1.51328992844,33.5999984741
1463935271345107984,702,1463935271321668501,,1.51328992844,33.5999984741
1463935271418148922,703,1463935271345850950,,1.54910755157,33.7200012207
1463935271423254317,704,1463935271368922414,,1.50459289551,33.4799995422
1463935271423333118,705,1463935271395781205,,1.50459289551,32.6399993896
1463935271499421283,706,1463935271423097703,,1.54605805874,32.6399993896
1463935271525370755,707,1463935271448891395,,1.55216896534,34.9199981689
1463935271526083512,708,1463935271476891483,,1.50748085976,33.4799995422
1463935271526290334,709,1463935271505183810,,1.55524253845,33.5999984741
1463935271568780049,710,1463935271533812594,,1.54605805874,33.5999984741
1463935271568859527,711,1463935271555715000,,1.54605805874,34.0800018311
1463935271604434323,712,1463935271587231116,,1.5707950592,32.6399993896
1463935271658739352,713,1463935271616876041,,1.5707950592,33.5999984741
1463935271658780185,714,1463935271647197734,,1.55524253845,33.5999984741
1463935271949957117,715,1463935271674724179,,1.55216896534,33.5999984741
1463935271949993523,716,1463935271707472633,,1.51328992844,33.5999984741
1463935271950301855,717,1463935271747185067,,1.55524253845,33.9599990845
1463935271950453573,718,1463935271781553254,,1.55832839012,33.2400016785
1463935271950662947,719,1463935271809566519,,1.56142640114,33.1199989319
1463935271950848676,720,1463935271837619212,,1.56142640114,33.1199989319
1463935271950888988,721,1463935271864720919,,1.55524253845,32.6399993896
1463935271951162685,722,1463935271888388318,,1.55524253845,32.4000015259
1463935271951351538,723,1463935271923948739,,1.50459289551,33.2400016785
1463935271951817526,724,1463935271935605043,,1.50459289551,34.0800018311
1463935272070411810,725,1463935271970470988,,1.51328992844,33.2400016785
1463935272070764100,726,1463935271983582598,,1.51328992844,33.2400016785
1463935272071038526,727,1463935272005266412,,1.51037979126,33.2400016785
1463935272071482639,728,1463935272015892877,,1.51037979126,33.1199989319
1463935272073150080,729,1463935272044028954,,1.51328992844,33.2400016785
1463935272184707311,730,1463935272071701544,,1.4680327177,32.1599998474
1463935272184965435,731,1463935272085474090,,1.46529388428,32.1599998474
1463935272185339183,732,1463935272104785570,,1.46529388428,33.1199989319
1463935272185391683,733,1463935272116926247,,1.46529388428,33.2400016785
1463935272186367877,734,1463935272137683189,,1.4680327177,33.2400016785
1463935272186425533,735,1463935272155809726,,1.46529388428,33.2400016785
1463935272186552147,736,1463935272177177552,,1.42024862766,31.9200000763
1463935272243285238,737,1463935272195565494,,1.42799544334,33.2400016785
1463935272243521383,738,1463935272215513898,,1.42799544334,33.5999984741
1463935272243610184,739,1463935272236165112,,1.41768503189,33.1199989319
1463935272259459075,740,1463935272255657997,,0.0,33.1199989319
1463935272290029778,741,1463935272288104005,,1.38518083096,33.1199989319
1463935272326146498,742,1463935272323382968,,1.34948027134,33.2400016785
1463935272368299130,743,1463935272365347945,,0.0,33.2400016785
1463935272419983493,744,1463935272412233474,,1.34948027134,33.1199989319
1463935272458500464,745,1463935272456357556,,1.34255981445,33.2400016785
1463935272502302203,746,1463935272496379624,,1.30899584293,33.1199989319
1463935272543425934,747,1463935272537571480,,1.31778109074,33.1199989319
1463935272600080796,748,1463935272584836278,,1.2427175045,33.1199989319
1463935272704040143,749,1463935272623537622,,0.0,33.2400016785
1463935272704084205,750,1463935272659999602,,0.0,33.2400016785
1463935272704270975,751,1463935272700055525,,1.2157856226,31.3199996948
1463935272753231912,752,1463935272744172107,,0.0,33.2400016785
1463935272792449088,753,1463935272778711594,,1.1635518074,33.2400016785
1463935272825010199,754,1463935272815085606,,1.15840339661,33.2400016785
1463935272868151525,755,1463935272861390928,,1.13990926743,33.2400016785
1463935272913303779,756,1463935272908242395,,1.11088752747,33.2400016785
1463935272929789126,757,1463935272927716114,,0.0,33.2400016785
1463935272966649072,758,1463935272956755052,,0.0,33.8400001526
1463935272971489781,759,1463935272967359903,,0.0,33.2400016785
1463935273002079337,760,1463935272995224835,,0.0,31.5599994659
1463935273029732761,761,1463935273021008215,,0.0,33.2400016785
1463935273055219319,762,1463935273035171436,,1.06422424316,33.2400016785
1463935273055756348,763,1463935273046347013,,1.06422424316,33.0
1463935273073427730,764,1463935273064496206,,0.0,32.7599983215
1463935273111982201,765,1463935273090917656,,0.0,32.2799987793
1463935273171861737,766,1463935273113337820,,1.04719662666,32.1599998474
1463935273172184704,767,1463935273153602804,,0.0,27.0
1463935273211154381,768,1463935273199476358,,0.0,21.2399997711
1463935273251203689,769,1463935273248743283,,0.0,-20.0
1463935273303449664,770,1463935273293442988,,0.0,20.0
1463935273352481016,771,1463935273345724222,,0.0,20.0
1463935273413821171,772,1463935273387543835,,0.0,-20.0
1463935273433076818,773,1463935273427247415,,1.13332974911,-20.0
1463935273495065928,774,1463935273468804269,,1.13661003113,20.0
1463935273512203459,775,1463935273506209786,,0.0,20.0
1463935273552328599,776,1463935273549627205,,0.0,-20.0
1463935273617760091,777,1463935273584634295,,0.0,-20.0
1463935273631235658,778,1463935273617669466,,1.16183066368,-20.0
1463935273669791535,779,1463935273664775410,,0.0,-20.0
1463935273709216522,780,1463935273706393514,,0.0,20.0
1463935273772010108,781,1463935273748807707,,1.22145795822,20.0
1463935273892367719,782,1463935273808552139,,0.0,-22.4400005341
1463935273892856050,783,1463935273839904922,,1.16011452675,-22.0799999237
1463935273893606776,784,1463935273873301290,,1.19543004036,-22.4400005341
1463935274020901700,785,1463935273901035546,,1.19361317158,-22.4400005341
1463935274020941440,786,1463935273929452508,,1.16183066368,-22.3199996948
1463935274020979721,787,1463935273958201760,,0.0,-22.4400005341
1463935274021096231,788,1463935273985898725,,1.13825726509,-22.3199996948
1463935274111564438,789,1463935274018641293,,1.13496744633,-24.8400001526
1463935274113140993,790,1463935274052218441,,0.0,-24.9599990845
1463935274123982510,791,1463935274085448508,,0.0,-24.8400001526
1463935274125858387,792,1463935274115333484,,1.13661003113,-24.8400001526
1463935274292464966,793,1463935274147351628,,0.0,-24.7199993134
1463935274292750590,794,1463935274178383371,,0.0,-24.7199993134
1463935274293074755,795,1463935274207351736,,1.09082984924,-24.3600006104
1463935274293277775,796,1463935274236755777,,1.09234702587,-24.4799995422
1463935274293565066,797,1463935274261719473,,0.0,-24.3600006104
1463935274295937556,798,1463935274290167684,,1.04441154003,-24.3600006104
1463935274379093086,799,1463935274319797870,,0.0,-37.9199981689
1463935274379536625,800,1463935274351808150,,0.0,-24.4799995422
1463935274552190991,801,1463935274379967821,,0.0,-37.4399986267
1463935274553703068,802,1463935274411046595,,0.0,-24.9599990845
1463935274554090514,803,1463935274439908242,,0.0,-24.0
1463935274554393274,804,1463935274467159636,,0.880490481853,-24.9599990845
1463935274554695460,805,1463935274498315493,,0.0,-20.0
1463935274555150927,806,1463935274524846525,,0.0,20.0
1463935274735210469,807,1463935274554410930,,0.0,20.0
1463935274735247136,808,1463935274584269552,,0.0,20.0
1463935274735282292,809,1463935274610667148,,0.0,20.0
1463935274735318125,810,1463935274644995230,,0.0,-20.0
1463935274735351667,811,1463935274673164953,,0.0,-20.0
1463935274735385416,812,1463935274701853529,,0.0,-20.0
1463935274838029978,813,1463935274732022462,,1.03888559341,-20.0
1463935274838457632,814,1463935274760892182,,0.0,-20.0
1463935274844126410,815,1463935274794791777,,0.0,-20.0
1463935274855129852,816,1463935274838039092,,0.0,20.0
1463935274855594590,817,1463935274847285615,,0.0,20.0
1463935274908530353,818,1463935274870880045,,0.984207391739,20.0
1463935274908905143,819,1463935274897752378,,0.0,20.0
1463935274951446159,820,1463935274931170829,,0.0,20.0
1463935274975878867,821,1463935274971003419,,1.00050640106,20.0
1463935275026985472,822,1463935275024477305,,0.942854166031,20.0
1463935275098528083,823,1463935275084332935,,0.0,20.0
1463935275288440552,824,1463935275129415451,,0.0,20.0
1463935275290987989,825,1463935275167293934,,0.0,20.0
1463935275291046322,826,1463935275209917763,,0.0,20.0
1463935275292241786,827,1463935275255735900,,0.0,20.0
1463935275407283429,828,1463935275298024157,,0.0,-20.0
1463935275409676336,829,1463935275340996577,,0.0,-20.0
1463935275412491480,830,1463935275385680501,,0.0,20.0
1463935275555130505,831,1463935275429104065,,0.0,20.0
1463935275555173578,832,1463935275475336888,,0.0,20.0
1463935275557132007,833,1463935275528804993,,0.0,-20.5200004578
1463935275601460724,834,1463935275570488565,,0.0,-24.2399997711
1463935275624810728,835,1463935275614059160,,0.0,-24.8400001526
1463935275685062762,836,1463935275658948499,,0.0,-25.0799999237
1463935275755224754,837,1463935275701794566,,1.04164123535,-25.0799999237
1463935275760759678,838,1463935275706932148,,1.04164123535,-25.7999992371
1463935275782577866,839,1463935275752977732,,0.0,-25.4400005341
1463935275783029583,840,1463935275764914973,,1.11403906345,-25.9200000763
1463935275845450150,841,1463935275794423857,,0.0,-25.7999992371
1463935275848129097,842,1463935275816352253,,1.13825726509,-26.2800006866
1463935275853181835,843,1463935275838463669,,0.0,-25.7999992371
1463935275961664132,844,1463935275859933786,,0.0,-25.7999992371
1463935275961963558,845,1463935275878097718,,1.18819594383,-25.7999992371
1463935275962249286,846,1463935275896740607,,0.0,-26.7600002289
1463935275962528139,847,1463935275916880521,,1.18819594383,-25.6800003052
1463935275963066313,848,1463935275936492833,,1.21956133842,-26.7600002289
1463935275963520062,849,1463935275957531389,,0.0,-25.9200000763
1463935276049613860,850,1463935275975321626,,1.15840339661,-25.7999992371
1463935276050318128,851,1463935275996694763,,1.15840339661,-26.2800006866
1463935276050769011,852,1463935276018428941,,0.0,-26.2800006866
1463935276105158831,853,1463935276039244894,,1.04164123535,-25.5599994659
1463935276105443830,854,1463935276049714433,,0.0,-25.5599994659
1463935276105811849,855,1463935276069180912,,0.0,-25.3199996948
1463935276120338297,856,1463935276103864982,,0.0,-25.6800003052
1463935276176026653,857,1463935276171411204,,1.06422424316,-26.5200004578
1463935276290034707,858,1463935276238627010,,0.0,-25.7999992371
1463935276347110974,859,1463935276292654904,,0.0,-25.4400005341
1463935276360934039,860,1463935276344469266,,1.21956133842,-24.7199993134
1463935276391871876,861,1463935276384166023,,0.0,-24.9599990845
1463935276431723737,862,1463935276426908080,,1.2157856226,-20.6399993896
1463935276512651464,863,1463935276472491427,,1.16011452675,20.0
1463935276520543097,864,1463935276516169522,,1.04441154003,-20.0
1463935276570312936,865,1463935276559581211,,1.02132320404,-20.0
1463935276618125752,866,1463935276602940192,,1.04302453995,20.0
1463935276654615232,867,1463935276643946111,,1.06566822529,20.0
1463935276764928458,868,1463935276696444949,,1.06856799126,20.0
1463935276765558612,869,1463935276736502278,,1.06566822529,20.0
1463935276797652537,870,1463935276784367125,,1.06856799126,20.0
1463935276847928312,871,1463935276826818558,,0.0,20.0
1463935276871083213,872,1463935276866315733,,0.0,-20.0
1463935276908355866,873,1463935276906130979,,0.0,-20.0
1463935276979843529,874,1463935276946548827,,0.0,20.0
1463935277016024364,875,1463935276987700058,,0.0,20.0
1463935277033614497,876,1463935277027608533,,0.0,20.0
1463935277139624929,877,1463935277072924173,,0.0,20.0
1463935277140258624,878,1463935277118370020,,1.13496744633,-20.0
1463935277179769757,879,1463935277164356177,,0.0,-20.0
1463935277221941400,880,1463935277207662190,,0.0,-20.0
1463935277278108816,881,1463935277245866246,,1.12844467163,-20.0
1463935277295517596,882,1463935277284134520,,1.15840339661,20.0
1463935277342179688,883,1463935277321011706,,1.16183066368,20.0
1463935277402611773,884,1463935277363549076,,0.0,-20.0
1463935277414959585,885,1463935277399352881,,1.21203315258,-20.0
1463935277448531056,886,1463935277444065346,,1.2157856226,20.0
1463935277509484025,887,1463935277486857455,,1.28123569489,20.0
1463935277534503866,888,1463935277529061649,,1.25063300133,-20.0
1463935277591171644,889,1463935277576741706,,0.0,-20.0
1463935277650276079,890,1463935277629409814,,0.0,20.0
1463935277683041199,891,1463935277673521917,,1.2427175045,20.0
1463935277849515384,892,1463935277712816020,,1.24864470959,20.0
1463935277849577102,893,1463935277760356546,,1.24864470959,20.0
1463935277850203193,894,1463935277784930087,,1.27499592304,20.0
1463935277852964535,895,1463935277824392731,,1.24864470959,20.0
1463935277950448233,896,1463935277869983629,,1.27914905548,20.0
1463935277950506202,897,1463935277916758534,,1.24666273594,23.5200004578
1463935278029609353,898,1463935277962898597,,0.0,33.1199989319
1463935278032453560,899,1463935278007885488,,1.24666273594,33.3600006104
1463935278147084840,900,1463935278054329925,,1.19180202484,33.3600006104
1463935278147145465,901,1463935278099724001,,1.2157856226,33.3600006104
1463935278197088377,902,1463935278145691774,,1.21956133842,32.8800010681
1463935278197620770,903,1463935278188888256,,1.2157856226,33.7200012207
1463935278243048961,904,1463935278228630273,,1.21390652657,33.7200012207
1463935278274773774,905,1463935278269833639,,1.24666273594,33.5999984741
1463935278315455214,906,1463935278313175849,,0.0,33.5999984741
1463935278365523177,907,1463935278353162709,,1.24468696117,33.7200012207
1463935278407142843,908,1463935278394986124,,1.24666273594,33.7200012207
1463935278450318232,909,1463935278437988180,,1.24864470959,33.5999984741
1463935278488280361,910,1463935278477161711,,0.0,33.5999984741
1463935278520315589,911,1463935278516368574,,0.0,33.7200012207
1463935278563300613,912,1463935278553766904,,1.24864470959,33.7200012207
1463935278603434869,913,1463935278597280207,,1.24666273594,33.7200012207
1463935278647662804,914,1463935278637511077,,0.0,33.5999984741
1463935278689163252,915,1463935278681293234,,0.0,33.5999984741
1463935278769856292,916,1463935278724123676,,1.24864470959,32.4000015259
1463935278772854457,917,1463935278764973136,,1.27914905548,31.2000007629
1463935278822362943,918,1463935278806379626,,1.24864470959,33.5999984741
1463935278842594315,919,1463935278834521849,,0.0,32.7599983215
1463935278866573587,920,1463935278861005174,,1.27292954922,33.4799995422
1463935278905375765,921,1463935278890339788,,1.28332924843,33.5999984741
1463935278942357951,922,1463935278919999036,,1.2854295969,33.5999984741
1463935278976550148,923,1463935278946700068,,1.2854295969,34.7999992371
1463935278981784136,924,1463935278975760985,,1.30899584293,34.7999992371
1463935279030023722,925,1463935279006995174,,1.2770690918,33.5999984741
1463935279045545739,926,1463935279033580373,,1.31337380409,33.5999984741
1463935279095911305,927,1463935279062893842,,1.31337380409,33.5999984741
1463935279097639214,928,1463935279092021894,,1.28123569489,33.5999984741
1463935279164922520,929,1463935279123223063,,1.31557369232,33.5999984741
1463935279165348143,930,1463935279154251316,,1.27914905548,33.5999984741
1463935279213798301,931,1463935279183260098,,1.27914905548,33.2400016785
1463935279277523341,932,1463935279214072831,,0.0,33.5999984741
1463935279281267648,933,1463935279239955168,,1.2770690918,33.2400016785
1463935279281739677,934,1463935279266648908,,1.3448587656,33.5999984741
1463935279325105741,935,1463935279297378412,,1.27499592304,33.3600006104
1463935279440384519,936,1463935279325083398,,0.0,33.7200012207
1463935279440469675,937,1463935279344184045,,1.30899584293,33.5999984741
1463935279442973779,938,1463935279366944781,,0.0,33.5999984741
1463935279443084768,939,1463935279405726959,,1.31337380409,33.5999984741
1463935279443139768,940,1463935279427433169,,1.31337380409,33.7200012207
1463935279471464282,941,1463935279442069148,,1.31337380409,33.5999984741
1463935279493864187,942,1463935279466722688,,0.0,33.5999984741
1463935279493927728,943,1463935279483902771,,1.31118118763,33.5999984741
1463935279524695357,944,1463935279497858024,,1.31118118763,33.7200012207
1463935279525099470,945,1463935279516381017,,1.34716546535,33.7200012207
1463935279558566775,946,1463935279555317049,,1.3448587656,33.7200012207
1463935279613888673,947,1463935279606099436,,1.34948027134,33.5999984741
1463935279660982430,948,1463935279651256014,,0.0,33.7200012207
1463935279689591527,949,1463935279673273472,,1.33798551559,33.5999984741
1463935279758037641,950,1463935279686328416,,0.0,32.2799987793
1463935279758558992,951,1463935279700343043,,0.0,33.2400016785
1463935279759229771,952,1463935279719781294,,1.34255981445,24.2399997711
1463935279795138524,953,1463935279747053729,,1.38031196594,24.2399997711
1463935279796910235,954,1463935279780036192,,1.33798551559,20.0
1463935279841172337,955,1463935279803489738,,1.34948027134,20.0
1463935279842472175,956,1463935279826809794,,1.34948027134,-20.0
1463935279869640601,957,1463935279860264651,,1.38031196594,-20.0
1463935279892084672,958,1463935279881914350,,0.0,20.0
1463935279921135954,959,1463935279909710377,,1.34948027134,20.0
1463935279959391259,960,1463935279952149467,,0.0,-20.0
1463935279991853360,961,1463935279988143896,,1.34255981445,-20.0
1463935280042069551,962,1463935280028774087,,1.37789034843,-20.0
1463935280078405229,963,1463935280067445484,,1.37789034843,-20.0
1463935280158169940,964,1463935280087734929,,1.34255981445,20.0
1463935280158739938,965,1463935280104643607,,1.34255981445,20.0
1463935280160246129,966,1463935280119905937,,1.34255981445,20.0
1463935280160859825,967,1463935280144019532,,1.3448587656,20.0
1463935280161778779,968,1463935280156885467,,1.38274204731,-20.0
1463935280233998054,969,1463935280180841979,,1.38031196594,-20.0
1463935280235066486,970,1463935280187636273,,1.38031196594,20.0
1463935280236370179,971,1463935280211411536,,1.37789034843,20.0
1463935280237295487,972,1463935280231653220,,0.0,-20.0
1463935280329162907,973,1463935280247745391,,1.34026873112,-20.0
1463935280329443114,974,1463935280268491604,,1.38274204731,-20.0
1463935280329677592,975,1463935280288666257,,1.38031196594,-20.0
1463935280330515818,976,1463935280307595760,,1.34716546535,20.0
1463935280407669811,977,1463935280353961082,,1.3448587656,20.0
1463935280429694352,978,1463935280409058295,,1.34948027134,20.0
1463935280477182535,979,1463935280463869206,,1.30248343945,20.0
1463935280557288859,980,1463935280481552881,,1.30248343945,20.0
1463935280557579483,981,1463935280498851088,,1.34255981445,20.0
1463935280557782190,982,1463935280518653295,,1.34255981445,20.0
1463935280558250157,983,1463935280539162061,,1.30899584293,20.0
1463935280607306926,984,1463935280561041812,,0.0,-20.0
1463935280607634737,985,1463935280582241096,,1.27292954922,-20.0
1463935280608479109,986,1463935280603775431,,0.0,-20.0
1463935280650024660,987,1463935280622787329,,1.30248343945,-20.0
1463935280751982245,988,1463935280644120311,,1.30681777,20.0
1463935280752054068,989,1463935280674756898,,1.2770690918,20.0
1463935280760729552,990,1463935280708261026,,1.27914905548,20.0
1463935280761788662,991,1463935280736167573,,1.27914905548,20.0
1463935280762662252,992,1463935280757983209,,0.0,20.0
1463935280800896359,993,1463935280784668199,,1.24468696117,20.0
1463935280884091628,994,1463935280814062136,,1.2427175045,-20.0
1463935280886449639,995,1463935280844894504,,1.25063300133,-20.0
1463935280887956143,996,1463935280874328389,,1.2157856226,-20.0
1463935281013788938,997,1463935280903979460,,0.0,-20.0
1463935281014147583,998,1463935280933740895,,0.0,20.0
1463935281014409092,999,1463935280972150783,,1.24864470959,20.0
1463935281014776382,1000,1463935280983385318,,1.24864470959,20.0
1463935281030633918,1001,1463935281016111064,,1.2157856226,20.0
1463935281053080437,1002,1463935281045557605,,1.18819594383,20.0
1463935281060824102,1003,1463935281054076839,,1.18819594383,20.0
1463935281074093785,1004,1463935281070080885,,1.18640100956,20.0
1463935281093450785,1005,1463935281083742493,,1.18640100956,20.0
1463935281116849487,1006,1463935281110570191,,1.18640100956,-20.0
1463935281144845461,1007,1463935281129546673,,1.16011452675,-20.0
1463935281148051385,1008,1463935281141636413,,1.15840339661,20.0
1463935281185933254,1009,1463935281163891005,,1.16183066368,20.0
1463935281185975806,1010,1463935281181302285,,0.0,20.0
1463935281209997527,1011,1463935281201345793,,0.0,20.0
1463935281224819286,1012,1463935281221279978,,1.1635518074,20.0
1463935281250036991,1013,1463935281244451494,,1.1635518074,20.0
1463935281268104778,1014,1463935281263062768,,1.1635518074,20.2800006866
1463935281287597507,1015,1463935281282707476,,1.1635518074,21.1200008392
1463935281314094946,1016,1463935281302057914,,1.16183066368,21.4799995422
1463935281336045061,1017,1463935281321230436,,0.0,21.7199993134
1463935281352514521,1018,1463935281341230663,,1.13496744633,23.5200004578
1463935281364820510,1019,1463935281361128183,,0.0,22.9200000763
1463935281389844414,1020,1463935281381048045,,1.13825726509,23.2800006866
1463935281407817306,1021,1463935281401025147,,0.0,24.6000003815
1463935281425903010,1022,1463935281421762975,,1.11246109009,26.2800006866
1463935281448991401,1023,1463935281442347627,,0.0,25.0799999237
1463935281468554598,1024,1463935281461740773,,1.13661003113,24.3600006104
1463935281490072371,1025,1463935281481742563,,1.13496744633,25.0799999237
1463935281514692318,1026,1463935281501759040,,1.13496744633,25.0799999237
1463935281532443596,1027,1463935281521802443,,1.11088752747,24.3600006104
1463935281546367599,1028,1463935281541127257,,0.0,25.0799999237
1463935281569677239,1029,1463935281560791860,,1.13332974911,24.6000003815
1463935281588808563,1030,1463935281580899951,,0.0,24.4799995422
1463935281617218390,1031,1463935281612297525,,0.0,24.0
1463935281649764240,1032,1463935281638910016,,1.06566822529,22.3199996948
1463935281669328636,1033,1463935281666717657,,0.0,20.0
1463935281691849998,1034,1463935281689396154,,0.0,20.0
1463935281730027595,1035,1463935281711493247,,0.0,20.0
1463935281737204023,1036,1463935281731264048,,0.0,-20.0
1463935281766556345,1037,1463935281757293937,,0.0,-20.0
1463935281786241782,1038,1463935281784027156,,1.08630359173,-20.0
1463935281822388971,1039,1463935281804808525,,0.0,-20.0
1463935281875090777,1040,1463935281825790415,,1.08630359173,-20.0
1463935281875600358,1041,1463935281847352093,,0.0,-20.0
1463935281876004887,1042,1463935281870009080,,0.0,20.0
1463935281908608498,1043,1463935281905385283,,0.0,20.0
1463935281954107731,1044,1463935281931360328,,1.06278419495,20.0
1463935281959598124,1045,1463935281952499613,,0.0,20.0
1463935281976743363,1046,1463935281974325873,,1.06278419495,20.0
1463935282003204187,1047,1463935281995977916,,0.0,20.0
1463935282028570641,1048,1463935282016642567,,1.04164123535,-20.0
1463935282068339013,1049,1463935282037812008,,0.0,-20.0
1463935282069913694,1050,1463935282059281968,,1.06566822529,20.0
1463935282097731856,1051,1463935282078016211,,1.06566822529,20.0
1463935282144250095,1052,1463935282100525438,,1.04302453995,20.0
1463935282148701482,1053,1463935282121796441,,0.0,20.0
1463935282148762523,1054,1463935282144121502,,1.06566822529,-20.0
1463935282223216424,1055,1463935282167540776,,0.0,-20.0
1463935282227516666,1056,1463935282187406994,,1.10775387287,20.0
1463935282227568072,1057,1463935282206130820,,0.0,20.0
1463935282228977128,1058,1463935282225975266,,1.08480322361,20.0
1463935282385424012,1059,1463935282245864087,,0.0,20.0
1463935282385471616,1060,1463935282266500093,,1.13169670105,-20.0
1463935282385886666,1061,1463935282286013864,,0.0,-20.0
1463935282386128800,1062,1463935282306175288,,0.0,20.0
1463935282386171560,1063,1463935282327338791,,1.13661003113,20.0
1463935282388662644,1064,1463935282347048551,,1.13496744633,-20.0
1463935282389143110,1065,1463935282367589557,,1.08780813217,-20.0
1463935282481600944,1066,1463935282388165250,,1.08780813217,20.0
1463935282487916021,1067,1463935282408400840,,1.1093184948,20.0
1463935282487986646,1068,1463935282428507682,,1.1093184948,20.0
1463935282488733049,1069,1463935282449630508,,1.05991566181,20.0
1463935282488778466,1070,1463935282467273505,,1.05991566181,-20.0
1463935282556417551,1071,1463935282488442269,,1.05991566181,-20.0
1463935282557041403,1072,1463935282510252072,,1.0584871769,20.0
1463935282557505724,1073,1463935282537501851,,0.0,20.0
1463935282706237744,1074,1463935282557473953,,0.0,20.0
1463935282706498368,1075,1463935282579585056,,0.0,20.0
1463935282707877685,1076,1463935282599300545,,1.01999676228,-20.0
1463935282708219350,1077,1463935282618491921,,0.0,-20.0
1463935282708490599,1078,1463935282641169897,,0.0,-20.0
1463935282713737764,1079,1463935282659564350,,1.01867377758,-20.0
1463935282714222345,1080,1463935282680403740,,0.0,-20.0
1463935282717482279,1081,1463935282697582208,,0.979298651218,-20.0
1463935283005467506,1082,1463935282717586394,,0.0,20.0
1463935283005713912,1083,1463935282737356309,,0.0,20.0
1463935283005968754,1084,1463935282756684091,,0.980521202087,20.0
1463935283006227712,1085,1463935282777093170,,0.0,20.0
1463935283008334838,1086,1463935282797291834,,0.980521202087,-20.0
1463935283008657545,1087,1463935282817600393,,0.0,-20.0
1463935283008910669,1088,1463935282836769842,,0.945123374462,20.0
1463935283009138480,1089,1463935282855972260,,0.0,20.0
1463935283009389938,1090,1463935282875932696,,0.0,20.0
1463935283009688530,1091,1463935282893615433,,0.0,20.0
1463935283011371596,1092,1463935282914167064,,0.0,20.0
1463935283011659928,1093,1463935282934081458,,0.0,20.0
1463935283011913052,1094,1463935282957539170,,0.91007822752,-20.0
1463935283012383727,1095,1463935282983135467,,0.0,-20.0
1463935283012771746,1096,1463935283009167907,,0.0,20.0
1463935284107353525,1097,1463935283039225487,,0.0,20.0
1463935284107689357,1098,1463935283064842357,,0.893512487411,20.0
1463935284107950033,1099,1463935283091378650,,0.0,20.0
1463935284108221750,1100,1463935283119780195,,0.0,20.0
1463935284109789504,1101,1463935283141473956,,0.0,20.0
1463935284110561167,1102,1463935283163414696,,0.0,-20.0
1463935284112070692,1103,1463935283184026847,,0.0,-20.0
1463935284113630425,1104,1463935283203815252,,0.0,20.0
1463935284115356668,1105,1463935283223771104,,0.0,20.0
1463935284115703124,1106,1463935283245538876,,0.0,-20.0
1463935284117277180,1107,1463935283265236604,,0.0,-20.0
1463935284117664887,1108,1463935283286314691,,0.0,20.0
1463935284120053627,1109,1463935283306616479,,0.0,20.0
1463935284120847217,1110,1463935283328538990,,0.0,-20.0
1463935284122614397,1111,1463935283348210937,,0.0,-20.0
1463935284122931843,1112,1463935283367531011,,0.0,20.0
1463935284123205228,1113,1463935283387601289,,0.0,20.0
1463935284123476737,1114,1463935283404293770,,0.821545481682,-20.0
1463935284123774288,1115,1463935283424353841,,0.0,-20.0
1463935284124047620,1116,1463935283444593650,,0.0,20.0
1463935284127201044,1117,1463935283465250072,,0.794936716557,20.0
1463935284127567032,1118,1463935283486164878,,0.0,-20.0
1463935284131178475,1119,1463935283506469010,,0.0,-20.0
1463935284133745235,1120,1463935283525922729,,0.0,-20.0
1463935284134067838,1121,1463935283545840769,,0.0,-20.0
1463935284134322159,1122,1463935283566544795,,0.0,-20.0
1463935284134592939,1123,1463935283588288036,,0.0,-20.0
1463935284134875438,1124,1463935283608557688,,0.779937922955,-20.0
1463935284135218145,1125,1463935283630557646,,0.0,-20.0
1463935284135283614,1126,1463935283651685837,,0.0,-20.0
1463935284135479498,1127,1463935283672200489,,0.779937922955,-20.0
1463935284135741632,1128,1463935283694365030,,0.0,-20.0
1463935284136044287,1129,1463935283714528694,,0.0,-20.0
1463935284136447515,1130,1463935283734851471,,0.0,-20.0
1463935284136499338,1131,1463935283755204822,,0.0,-20.0
1463935284136885586,1132,1463935283777871652,,0.0,-20.0
1463935284137190220,1133,1463935283798189846,,0.0,-20.0
1463935284137445063,1134,1463935283818534291,,0.0,20.0
1463935284137711884,1135,1463935283837923583,,0.0,20.0
1463935284137959748,1136,1463935283858421776,,0.0,-20.0
1463935284138007508,1137,1463935283878383879,,0.779937922955,-20.0
1463935284138342871,1138,1463935283899248112,,0.0,-20.0
1463935284138610006,1139,1463935283921411663,,0.0,-20.0
1463935284138857973,1140,1463935283941498348,,0.0,-20.0
1463935284139092035,1141,1463935283961467690,,0.0,-20.0
1463935284139335003,1142,1463935283981487657,,0.0,-20.0
1463935284139583335,1143,1463935284001517727,,0.0,-20.0
1463935284139839636,1144,1463935284022799303,,0.779937922955,-20.0
1463935284140237030,1145,1463935284042951352,,0.0,-20.0
1463935284140526612,1146,1463935284063950585,,0.0,-20.0
1463935284140781715,1147,1463935284084467373,,0.0,-20.0
1463935284143529620,1148,1463935284107888158,,0.779937922955,20.0
1463935284812500458,1149,1463935284144622219,,0.0,20.0
1463935284812765040,1150,1463935284169025032,,0.0,-20.0
1463935284813046914,1151,1463935284198880165,,0.0,-20.0
1463935284813300975,1152,1463935284214958533,,0.0,20.0
1463935284820566569,1153,1463935284235386831,,0.0,20.0
1463935284820941515,1154,1463935284259178084,,0.0,-20.0
1463935284821248910,1155,1463935284280888564,,0.0,-20.0
1463935284821520628,1156,1463935284303552998,,0.779937922955,-20.0
1463935284821766564,1157,1463935284324029109,,0.0,-20.0
1463935284822029584,1158,1463935284343507098,,0.0,-20.0
1463935284822286718,1159,1463935284365098569,,0.0,-20.0
1463935284822545207,1160,1463935284386339676,,0.0,-20.0
1463935284822810205,1161,1463935284409149214,,0.0,-20.0
1463935284823067548,1162,1463935284431296358,,0.0,20.0
1463935284823315672,1163,1463935284454222615,,0.0,20.0
1463935284823572233,1164,1463935284477197673,,0.0,-20.0
1463935284823810409,1165,1463935284499459609,,0.0,-20.0
1463935284824076033,1166,1463935284522857634,,0.0,-20.0
1463935284824367282,1167,1463935284546952374,,0.0,-20.0
1463935284824617802,1168,1463935284568461657,,0.0,-20.0
1463935284825018425,1169,1463935284592431711,,0.0,-20.0
1463935284825280611,1170,1463935284617033793,,0.0,20.0
1463935284825535871,1171,1463935284643902220,,0.0,20.0
1463935284825795245,1172,1463935284664289216,,0.0,-20.0
1463935284826056754,1173,1463935284683918299,,0.0,-20.0
1463935284826344878,1174,1463935284703830245,,0.0,-20.0
1463935284826612793,1175,1463935284722515009,,0.0,-20.0
1463935284826897480,1176,1463935284742131071,,0.0,20.0
1463935284827155291,1177,1463935284757911941,,0.0,20.0
1463935284827408884,1178,1463935284778815550,,0.0,-20.0
1463935284827915913,1179,1463935284799818481,,0.0,-20.0
1463935284828305963,1180,1463935284819914332,,0.0,20.0
1463935285029028699,1181,1463935284840027423,,0.0,20.0
1463935285055226972,1182,1463935284863121908,,0.0,-20.0
1463935285055261764,1183,1463935284887904094,,0.0,-20.0
1463935285055299211,1184,1463935284907642499,,0.0,20.0
1463935285055337024,1185,1463935284926380908,,0.0,20.0
1463935285055382024,1186,1463935284946198740,,0.0,-20.0
1463935285055462961,1187,1463935284964738661,,0.0,-20.0
1463935285055501086,1188,1463935284983452696,,0.0,20.0
1463935285055578064,1189,1463935285002471781,,0.0,20.0
1463935285055613637,1190,1463935285020267851,,0.0,20.0
1463935285556076966,1191,1463935285036730645,,0.0,20.0
1463935285556813161,1192,1463935285055998167,,0.0,-20.0
1463935285556854150,1193,1463935285075216991,,0.0,-20.0
1463935285556918108,1194,1463935285093827015,,0.0,-20.0
1463935285556955035,1195,1463935285113283859,,0.0,-20.0
1463935285556992639,1196,1463935285133866271,,0.0,-20.0
1463935285557028108,1197,1463935285155366804,,0.0,-20.0
1463935285557076597,1198,1463935285174725524,,0.0,-20.0
1463935285557119045,1199,1463935285195821892,,0.0,-20.0
1463935285575686153,1200,1463935285214442177,,0.0,-20.0
1463935285579232388,1201,1463935285236899112,,0.0,-20.0
1463935285579548376,1202,1463935285254941795,,0.0,-20.0
1463935285580028374,1203,1463935285272623491,,0.0,-20.0
1463935285580359154,1204,1463935285292880800,,0.0,20.0
1463935285580483893,1205,1463935285313026026,,0.0,20.0
1463935285580552487,1206,1463935285332683338,,0.0,20.0
1463935285580594049,1207,1463935285351659455,,0.0,20.0
1463935285581903262,1208,1463935285371846087,,0.0,20.0
1463935285582204042,1209,1463935285391915064,,0.0,20.0
1463935285582253781,1210,1463935285412820964,,0.0,-20.0
1463935285582292271,1211,1463935285433640927,,0.0,-20.0
1463935285582336021,1212,1463935285454125683,,0.0,-20.0
1463935285582399302,1213,1463935285474198670,,0.0,-20.0
1463935285582457531,1214,1463935285494648531,,0.0,-20.0
1463935285582537843,1215,1463935285515858753,,0.0,-20.0
1463935285582581332,1216,1463935285535469867,,0.0,-20.0
1463935285587203708,1217,1463935285555797332,,0.0,-20.0
1463935285667407532,1218,1463935285576961408,,0.0,20.0
1463935285667454980,1219,1463935285597481945,,0.0,20.0
1463935285667525865,1220,1463935285615874940,,0.0,20.0
1463935285667869613,1221,1463935285633226845,,0.0,20.0
1463935285668015654,1222,1463935285652318117,,0.0,-20.0
1463935285752418418,1223,1463935285672419594,,0.0,-20.0
1463935285752457064,1224,1463935285692450706,,0.0,20.0
1463935285752492376,1225,1463935285712372860,,0.0,20.0
1463935285752529928,1226,1463935285731634653,,0.0,20.0
1463935285796795052,1227,1463935285751127226,,0.0,20.0
1463935285796843906,1228,1463935285772067293,,0.0,-20.0
1463935285796881353,1229,1463935285793394650,,0.0,-20.0
1463935285837534252,1230,1463935285812721129,,0.0,-20.0
1463935285837645658,1231,1463935285831316623,,0.0,-20.0
1463935285881318076,1232,1463935285858250987,,0.0,20.0
1463935285889891060,1233,1463935285883850461,,0.0,20.0
1463935285915791157,1234,1463935285907761452,,0.0,20.0
1463935285965067978,1235,1463935285928641467,,0.0,20.0
1463935285965405060,1236,1463935285948644455,,0.0,20.0
1463935286007831545,1237,1463935285973295651,,0.0,20.0
1463935286007898889,1238,1463935285995742170,,0.0,-20.0
1463935286086077773,1239,1463935286019960348,,0.0,-20.0
1463935286086139544,1240,1463935286041272183,,0.0,20.0
1463935286086208398,1241,1463935286063172871,,0.0,20.0
1463935286130299511,1242,1463935286086470844,,0.0,20.0
1463935286130344303,1243,1463935286110684647,,0.0,20.0
1463935286214427954,1244,1463935286129534879,,0.0,20.0
1463935286214464620,1245,1463935286158262985,,0.0,20.0
1463935286214500349,1246,1463935286187908171,,0.0,20.0
1463935286214628942,1247,1463935286208484698,,0.0,20.0
1463935286243280330,1248,1463935286232597355,,0.0,20.0
1463935286284514269,1249,1463935286254325439,,0.0,20.0
1463935286285012912,1250,1463935286274395458,,0.0,-20.0
1463935286324870711,1251,1463935286297946867,,0.0,-20.0
1463935286343190372,1252,1463935286323067229,,0.0,20.0
1463935286361349721,1253,1463935286347883529,,0.0,20.0
1463935286374507165,1254,1463935286370839368,,0.0,-20.0
1463935286425120907,1255,1463935286404154434,,0.0,-20.0
1463935286436856586,1256,1463935286431950722,,0.0,20.0
1463935286456686449,1257,1463935286453688858,,0.0,20.0
1463935286499264861,1258,1463935286477686776,,0.0,-20.0
1463935286517948062,1259,1463935286500565324,,0.0,-20.0
1463935286538562818,1260,1463935286523193092,,0.0,-20.0
1463935286560380068,1261,1463935286550384486,,0.0,-20.0
1463935286578531136,1262,1463935286573185482,,0.0,-20.0
1463935286611552141,1263,1463935286601269685,,0.0,-20.0
1463935286634929437,1264,1463935286625764164,,0.0,20.0
1463935286657504341,1265,1463935286647771309,,0.0,20.0
1463935286677765868,1266,1463935286670264911,,0.0,-20.0
1463935286698744737,1267,1463935286692528618,,0.0,-20.0
1463935286719094598,1268,1463935286715264719,,0.0,-20.0
1463935286759095885,1269,1463935286754212156,,0.0,-20.0
1463935286801654922,1270,1463935286797357441,,0.0,-20.0
1463935286857074373,1271,1463935286835911807,,0.0,-20.0
1463935286863325544,1272,1463935286860920450,,0.0,-20.0
1463935286885692375,1273,1463935286882817492,,0.0,-20.0
1463935286914922250,1274,1463935286904961564,,0.0,20.0
1463935286936357107,1275,1463935286928080684,,0.0,20.0
1463935286963663448,1276,1463935286950549025,,0.0,-20.0
1463935286979576453,1277,1463935286970694304,,0.0,-20.0
1463935287007719406,1278,1463935286999086891,,0.0,20.0
1463935287044551748,1279,1463935287019501282,,0.0,20.0
1463935287044957372,1280,1463935287039038386,,0.0,-20.0
1463935287065848272,1281,1463935287059581424,,0.0,-20.0
1463935287089711972,1282,1463935287079446078,,0.0,20.0
1463935287109342305,1283,1463935287099905105,,0.0,20.0
1463935287145285901,1284,1463935287120807099,,0.0,-20.0
1463935287145339651,1285,1463935287141852426,,0.0,-20.0
1463935287165415346,1286,1463935287162121818,,0.0,-20.0
1463935287221355836,1287,1463935287181409080,,0.0,-20.0
1463935287223069995,1288,1463935287199928376,,0.0,20.0
1463935287223122131,1289,1463935287216903980,,0.0,20.0
1463935287275621750,1290,1463935287238177900,,0.0,-20.0
1463935287275674666,1291,1463935287258518386,,0.0,-20.0
1463935287479649784,1292,1463935287278424186,,0.0,-20.0
1463935287479701711,1293,1463935287297718270,,0.0,-20.0
1463935287479767075,1294,1463935287317648810,,0.0,-20.0
1463935287479804992,1295,1463935287338126847,,0.0,-20.0
1463935287479841398,1296,1463935287358153793,,0.0,-20.0
1463935287479891085,1297,1463935287376377777,,0.0,-20.0
1463935287480188167,1298,1463935287397002898,,0.0,-20.0
1463935287480233844,1299,1463935287419113845,,0.0,-20.0
1463935287480273635,1300,1463935287438829281,,0.0,20.0
1463935287480309937,1301,1463935287459865546,,0.0,20.0
1463935287535636055,1302,1463935287479552597,,0.0,20.0
1463935287538190002,1303,1463935287499461314,,0.0,20.0
1463935287538360627,1304,1463935287517813319,,0.0,-20.0
1463935287782049064,1305,1463935287538983489,,0.0,-20.0
1463935287782327917,1306,1463935287556127009,,0.0,20.0
1463935287782636822,1307,1463935287576155205,,0.0,20.0
1463935287782912029,1308,1463935287596593711,,0.0,-20.0
1463935287783867858,1309,1463935287616953936,,0.0,-20.0
1463935287784157440,1310,1463935287637219579,,0.0,-20.0
1463935287784436814,1311,1463935287656782829,,0.0,-20.0
1463935287784701344,1312,1463935287677586906,,0.0,-20.0
1463935287784957489,1313,1463935287697289739,,0.0,-20.0
1463935287785236134,1314,1463935287717299289,,0.0,20.0
1463935287786618471,1315,1463935287736023844,,0.0,20.0
1463935287786916647,1316,1463935287755247147,,0.0,20.0
1463935287787297479,1317,1463935287777892103,,0.0,20.0
1463935288181593033,1318,1463935287798731649,,0.0,20.0
1463935288181910115,1319,1463935287818113441,,0.0,20.0
1463935288182179332,1320,1463935287837142474,,0.0,-20.0
1463935288183694326,1321,1463935287852984386,,0.0,-20.0
1463935288185385621,1322,1463935287876710430,,0.0,-20.0
1463935288186932958,1323,1463935287886073671,,0.0,-20.0
1463935288187321185,1324,1463935287909784872,,0.0,20.0
1463935288188727117,1325,1463935287929582027,,0.0,20.0
1463935288189084042,1326,1463935287951605266,,0.0,-20.0
1463935288190671119,1327,1463935287970374821,,0.0,-20.0
1463935288191017055,1328,1463935287989935883,,0.0,20.0
1463935288192516476,1329,1463935288011427614,,0.0,20.0
1463935288192857568,1330,1463935288031294561,,0.0,20.0
1463935288195958701,1331,1463935288052610095,,0.0,20.0
1463935288196305991,1332,1463935288072754227,,0.0,-20.0
1463935288196633489,1333,1463935288092654559,,0.0,-20.0
1463935288196914842,1334,1463935288112632911,,0.0,20.0
1463935288197188539,1335,1463935288134824274,,0.0,20.0
1463935288200842534,1336,1463935288157455896,,0.0,20.0
1463935288201288261,1337,1463935288178524296,,0.0,20.0
