%time,field.header.seq,field.header.stamp,field.header.frame_id,field.temperature,field.variance
1464076540787939486,295,1464076540507110839,,1493.0,1419.0
1464076540787974235,296,1464076540519516910,,1494.0,1418.0
1464076540788014715,297,1464076540533891491,,1494.0,1415.0
1464076540788055612,298,1464076540554072775,,1494.0,1644.0
1464076540788123235,299,1464076540567790926,,1494.0,1461.0
1464076540788269577,300,1464076540585572330,,1494.0,1458.0
1464076540788433997,301,1464076540626324588,,1494.0,1460.0
1464076540788523709,302,1464076540644733926,,1493.0,1250.0
1464076540788618892,303,1464076540649455850,,1494.0,1421.0
1464076540788805401,304,1464076540668679058,,1494.0,1419.0
1464076540788962163,305,1464076540693448115,,1493.0,1421.0
1464076540789091209,306,1464076540719577389,,1493.0,1421.0
1464076540789261621,307,1464076540736376388,,1493.0,1426.0
1464076540789647612,308,1464076540755916245,,1493.0,1661.0
1464076540797031780,309,1464076540770124531,,1493.0,1464.0
1464076540857088831,310,1464076540795003149,,1493.0,1260.0
1464076540857364740,311,1464076540823515111,,1493.0,1424.0
1464076540857406053,312,1464076540836401418,,1493.0,1427.0
1464076540857681129,313,1464076540849620108,,1493.0,1423.0
1464076540877030413,314,1464076540868542869,,1494.0,1426.0
1464076540942777779,315,1464076540904158869,,1493.0,1425.0
1464076541139812322,316,1464076540933895231,,1493.0,1426.0
1464076541139862752,317,1464076540958809275,,1493.0,1425.0
1464076541140606238,318,1464076540987314412,,1493.0,1426.0
1464076541140656825,319,1464076541015730462,,1493.0,1426.0
1464076541140693294,320,1464076541037488691,,1493.0,1467.0
1464076541140732419,321,1464076541069692658,,1494.0,1466.0
1464076541141139666,322,1464076541096380629,,1493.0,1250.0
1464076541141401093,323,1464076541110400842,,1493.0,1426.0
1464076541144020147,324,1464076541137779419,,1493.0,1671.0
1464076541221964724,325,1464076541173451841,,1494.0,1468.0
1464076541222528682,326,1464076541219021154,,1493.0,1250.0
1464076541265825859,327,1464076541259944917,,1493.0,1427.0
1464076541289932338,328,1464076541282676643,,1493.0,1661.0
1464076541316756491,329,1464076541313565821,,1494.0,1469.0
1464076541382264104,330,1464076541327965983,,1493.0,1471.0
1464076541382317452,331,1464076541333331105,,1493.0,1469.0
1464076541382355640,332,1464076541360509731,,1493.0,1467.0
1464076541382389451,333,1464076541376331847,,1494.0,1468.0
1464076541430560834,334,1464076541426087155,,1493.0,1257.0
1464076541464745399,335,1464076541462454092,,1493.0,1433.0
1464076541481670839,336,1464076541470750959,,1493.0,1658.0
1464076541516663126,337,1464076541501247529,,1493.0,1470.0
1464076541517018276,338,1464076541513550811,,1493.0,1472.0
1464076541549042090,339,1464076541534474539,,1493.0,1469.0
1464076541573251514,340,1464076541556767862,,1493.0,1468.0
1464076541573594056,341,1464076541567666435,,1493.0,1469.0
1464076541639895116,342,1464076541598384108,,1494.0,1471.0
1464076541644621469,343,1464076541628999461,,1493.0,1473.0
1464076541674534442,344,1464076541656359908,,1493.0,1250.0
1464076541703129864,345,1464076541685047648,,1493.0,1430.0
1464076541749682208,346,1464076541712238465,,1493.0,1660.0
1464076541749726283,347,1464076541737109998,,1493.0,1472.0
1464076541789739848,348,1464076541759908044,,1494.0,1250.0
1464076541789800229,349,1464076541783924133,,1493.0,1430.0
1464076541801108029,350,1464076541792852632,,1493.0,1659.0
1464076541812299130,351,1464076541797206590,,1493.0,1471.0
1464076541840830524,352,1464076541832965651,,1493.0,1250.0
1464076541848772033,353,1464076541847137573,,1493.0,1434.0
1464076541880240434,354,1464076541877984969,,1493.0,1657.0
1464076541913617953,355,1464076541901965215,,1494.0,1471.0
1464076541957864142,356,1464076541923672179,,1493.0,1473.0
1464076541957925565,357,1464076541950944112,,1493.0,1472.0
1464076541993355160,358,1464076541984252707,,1494.0,1250.0
1464076542055591873,359,1464076542017680397,,1493.0,1433.0
1464076542055630165,360,1464076542046817322,,1493.0,1474.0
1464076542137111862,361,1464076542079546226,,1493.0,1474.0
1464076542139311530,362,1464076542109149582,,1493.0,1475.0
1464076542151012823,363,1464076542139029785,,1493.0,1472.0
1464076542220797811,364,1464076542167283864,,1493.0,1473.0
1464076542221244497,365,1464076542195255521,,1493.0,1474.0
1464076542221752293,366,1464076542219782740,,1493.0,1474.0
1464076542403591351,367,1464076542242648617,,1493.0,1474.0
1464076542403658505,368,1464076542266135758,,1493.0,1474.0
1464076542403695442,369,1464076542288491130,,1493.0,1474.0
1464076542403925037,370,1464076542319033234,,1494.0,1250.0
1464076542403979426,371,1464076542346072082,,1494.0,1433.0
1464076542404484670,372,1464076542365270596,,1493.0,1433.0
1464076542404545207,373,1464076542386667526,,1494.0,1433.0
1464076542875201830,374,1464076542411494412,,1493.0,1671.0
1464076542875238767,375,1464076542432961362,,1493.0,1474.0
1464076542875274819,376,1464076542451203466,,1494.0,1250.0
1464076542875305400,377,1464076542473983850,,1494.0,1432.0
1464076542875391726,378,1464076542498114606,,1493.0,1661.0
1464076542875420223,379,1464076542518431969,,1494.0,1474.0
1464076542875449606,380,1464076542537590471,,1493.0,1475.0
1464076542875521293,381,1464076542559728387,,1494.0,1475.0
1464076542875547706,382,1464076542584033150,,1493.0,1471.0
1464076542875589072,383,1464076542603786868,,1493.0,1473.0
1464076542875656486,384,1464076542626371208,,1493.0,1250.0
1464076542875691235,385,1464076542645365759,,1493.0,1433.0
1464076542875722025,386,1464076542665140525,,1494.0,1432.0
1464076542875776311,387,1464076542685801211,,1494.0,1432.0
1464076542875806580,388,1464076542707380067,,1494.0,1433.0
1464076542875855551,389,1464076542726241665,,1493.0,1432.0
1464076542875886029,390,1464076542747360133,,1494.0,1666.0
1464076542875931562,391,1464076542768457034,,1493.0,1473.0
1464076542875960997,392,1464076542795884687,,1493.0,1473.0
1464076542876361368,393,1464076542820362934,,1493.0,1473.0
1464076542877038950,394,1464076542836421417,,1494.0,1250.0
1464076542877388682,395,1464076542852999104,,1494.0,1433.0
1464076543427479250,396,1464076542881105538,,1493.0,1664.0
1464076543427749064,397,1464076542900480454,,1493.0,1474.0
1464076543427999862,398,1464076542921756466,,1494.0,1257.0
1464076543428252171,399,1464076542943673957,,1493.0,1433.0
1464076543428564080,400,1464076542964177725,,1493.0,1432.0
1464076543428627952,401,1464076542985059618,,1493.0,1434.0
1464076543428908967,402,1464076543011358940,,1493.0,1654.0
1464076543429174873,403,1464076543034175428,,1493.0,1474.0
1464076543429426922,404,1464076543053512000,,1493.0,1250.0
1464076543429685795,405,1464076543074061510,,1494.0,1433.0
1464076543429957797,406,1464076543095587278,,1493.0,1432.0
1464076543430223599,407,1464076543115214034,,1493.0,1434.0
1464076543430473460,408,1464076543139143016,,1493.0,1438.0
1464076543430725821,409,1464076543159383170,,1493.0,1436.0
1464076543430988966,410,1464076543183771914,,1494.0,1668.0
1464076543431250340,411,1464076543204917213,,1494.0,1475.0
1464076543431495720,412,1464076543229433805,,1493.0,1476.0
1464076543431760324,413,1464076543249711521,,1493.0,1476.0
1464076543432019094,414,1464076543287980752,,1493.0,1250.0
1464076543432436917,415,1464076543330909025,,1493.0,1438.0
1464076543437260849,416,1464076543341641146,,1493.0,1439.0
1464076543437344778,417,1464076543351721056,,1493.0,1436.0
1464076543437853043,418,1464076543368263525,,1494.0,1687.0
1464076543438200691,419,1464076543407714227,,1493.0,1479.0
1464076543438628673,420,1464076543435249983,,1494.0,1271.0
1464076543488265251,421,1464076543457127462,,1494.0,1437.0
1464076543488689899,422,1464076543481980292,,1493.0,1673.0
1464076543510414889,423,1464076543505241486,,1493.0,1480.0
1464076543536381046,424,1464076543532819128,,1493.0,1250.0
1464076543562787846,425,1464076543557239860,,1493.0,1435.0
1464076543584669545,426,1464076543580157887,,1493.0,1436.0
1464076543608504074,427,1464076543605730967,,1493.0,1438.0
1464076543635468891,428,1464076543629565860,,1493.0,1440.0
1464076543658994377,429,1464076543653276866,,1494.0,1437.0
1464076543687878368,430,1464076543683320082,,1494.0,1432.0
1464076543711008849,431,1464076543708090077,,1494.0,1435.0
1464076543735984890,432,1464076543732215779,,1493.0,1435.0
1464076543760439172,433,1464076543757459029,,1493.0,1435.0
1464076543784279953,434,1464076543780646036,,1494.0,1663.0
1464076543814127230,435,1464076543810734995,,1493.0,1477.0
1464076543844476260,436,1464076543839784657,,1493.0,1478.0
1464076543869796719,437,1464076543862589266,,1493.0,1476.0
1464076543891182553,438,1464076543888432004,,1494.0,1476.0
1464076543927031690,439,1464076543924064780,,1495.0,1477.0
1464076543955209550,440,1464076543949562006,,1494.0,1250.0
1464076543980765282,441,1464076543977502665,,1493.0,1435.0
1464076544010914569,442,1464076544005333346,,1493.0,1614.0
1464076544021284611,443,1464076544019751741,,1493.0,1476.0
1464076544036125623,444,1464076544030801710,,1494.0,1476.0
1464076544044673861,445,1464076544041989164,,1494.0,1476.0
1464076544105098512,446,1464076544064699529,,1494.0,1475.0
1464076544105555670,447,1464076544086532986,,1493.0,1472.0
1464076544105922854,448,1464076544096099317,,1493.0,1250.0
1464076544135697247,449,1464076544115144871,,1493.0,1434.0
1464076544147453347,450,1464076544139642603,,1494.0,1435.0
1464076544172328422,451,1464076544155595015,,1493.0,1435.0
1464076544231970828,452,1464076544208414605,,1493.0,1664.0
1464076544256325864,453,1464076544245678507,,1494.0,1476.0
1464076544293887140,454,1464076544287296159,,1494.0,1255.0
1464076544349745274,455,1464076544333542585,,1494.0,1434.0
1464076544398604451,456,1464076544370951840,,1493.0,1676.0
1464076544416436181,457,1464076544404947707,,1493.0,1479.0
1464076544499924681,458,1464076544437471242,,1493.0,1263.0
1464076544500238361,459,1464076544445649170,,1493.0,1434.0
1464076544500275975,460,1464076544459797022,,1494.0,1670.0
1464076544500612370,461,1464076544479433677,,1493.0,1477.0
1464076544527539208,462,1464076544501549086,,1493.0,1255.0
1464076544549447061,463,1464076544543607850,,1494.0,1438.0
1464076544612389593,464,1464076544585221647,,1494.0,1437.0
1464076544612435231,465,1464076544590158474,,1493.0,1439.0
1464076544612589023,466,1464076544602688850,,1494.0,1437.0
1464076544637521614,467,1464076544626815907,,1494.0,1437.0
1464076544670811402,468,1464076544665939279,,1493.0,1671.0
1464076544723338098,469,1464076544690143181,,1493.0,1477.0
1464076544846847040,470,1464076544712562580,,1493.0,1477.0
1464076544846882883,471,1464076544731555620,,1494.0,1476.0
1464076544846915183,472,1464076544750144382,,1493.0,1475.0
1464076544846948317,473,1464076544769733211,,1493.0,1478.0
1464076544846984421,474,1464076544790747381,,1494.0,1477.0
1464076544847070851,475,1464076544813341880,,1494.0,1477.0
1464076544847423084,476,1464076544830457841,,1493.0,1477.0
1464076544960634972,477,1464076544849192946,,1493.0,1477.0
1464076544961063788,478,1464076544867388318,,1493.0,1250.0
1464076544961368559,479,1464076544886126653,,1493.0,1436.0
1464076544961834625,480,1464076544904406944,,1493.0,1672.0
1464076544962492619,481,1464076544922755432,,1493.0,1477.0
1464076544962771706,482,1464076544941779678,,1493.0,1250.0
1464076544982649156,483,1464076544961932569,,1493.0,1436.0
1464076544983104229,484,1464076544980174204,,1493.0,1435.0
1464076545081757632,485,1464076544997569565,,1493.0,1436.0
1464076545083259087,486,1464076545018069061,,1493.0,1670.0
1464076545083682537,487,1464076545039951438,,1494.0,1477.0
1464076545084210182,488,1464076545057650215,,1494.0,1477.0
1464076545084654523,489,1464076545078825575,,1493.0,1477.0
1464076545182887601,490,1464076545098737097,,1494.0,1477.0
1464076545183303289,491,1464076545117355398,,1493.0,1477.0
1464076545183806761,492,1464076545144423942,,1493.0,1250.0
1464076545184181239,493,1464076545179884483,,1493.0,1437.0
1464076545252979549,494,1464076545224593038,,1493.0,1665.0
1464076545303231609,495,1464076545267980032,,1494.0,1479.0
1464076545326221322,496,1464076545314235523,,1493.0,1475.0
1464076545369901834,497,1464076545359183415,,1493.0,1476.0
1464076545425942675,498,1464076545415447286,,1494.0,1250.0
1464076545481418777,499,1464076545464114170,,1493.0,1434.0
1464076545514708981,500,1464076545508169889,,1494.0,1435.0
1464076545562957469,501,1464076545556367478,,1494.0,1437.0
1464076545613292625,502,1464076545607405015,,1493.0,1432.0
1464076545664436753,503,1464076545656692851,,1493.0,1436.0
1464076545723208554,504,1464076545710506308,,1493.0,1664.0
1464076545777747263,505,1464076545763318031,,1493.0,1476.0
1464076545815018667,506,1464076545807571669,,1494.0,1250.0
1464076545856418863,507,1464076545831615422,,1493.0,1433.0
1464076545910163708,508,1464076545855182742,,1493.0,1670.0
1464076545910648737,509,1464076545877658563,,1494.0,1477.0
1464076545911026914,510,1464076545892012045,,1493.0,1250.0
1464076545931501091,511,1464076545907726787,,1494.0,1435.0
1464076545937273148,512,1464076545929960667,,1493.0,1434.0
1464076545951355253,513,1464076545943731853,,1494.0,1434.0
1464076545978256824,514,1464076545970929339,,1494.0,1436.0
1464076545986800165,515,1464076545983604077,,1494.0,1436.0
1464076546010749934,516,1464076546003786976,,1493.0,1673.0
1464076546047346829,517,1464076546035514771,,1494.0,1476.0
1464076546101395872,518,1464076546069121260,,1493.0,1250.0
1464076546103388347,519,1464076546093889796,,1493.0,1434.0
1464076546178086198,520,1464076546123707377,,1493.0,1669.0
1464076546178128970,521,1464076546136715541,,1494.0,1479.0
1464076546178410871,522,1464076546157782798,,1493.0,1478.0
1464076546178738409,523,1464076546167320892,,1493.0,1477.0
1464076546192603058,524,1464076546187863837,,1493.0,1476.0
1464076546230794768,525,1464076546207098298,,1493.0,1472.0
1464076546277099283,526,1464076546246204634,,1493.0,1250.0
1464076546285440172,527,1464076546279277435,,1494.0,1436.0
1464076546313911446,528,1464076546310723850,,1493.0,1668.0
1464076546347814892,529,1464076546340780300,,1493.0,1474.0
1464076546388468790,530,1464076546377003915,,1494.0,1250.0
1464076546417107193,531,1464076546411239223,,1495.0,1423.0
1464076546466321988,532,1464076546451732973,,1493.0,1640.0
1464076546502979056,533,1464076546481331640,,1493.0,1476.0
1464076546545095283,534,1464076546514751828,,1493.0,1471.0
1464076546545476586,535,1464076546541693878,,1494.0,1471.0
1464076546577207038,536,1464076546568245822,,1493.0,1250.0
1464076546600474328,537,1464076546591612513,,1493.0,1430.0
1464076546620467747,538,1464076546616848626,,1493.0,1666.0
1464076546646764047,539,1464076546641263366,,1493.0,1469.0
1464076546675786097,540,1464076546672065803,,1498.0,1250.0
1464076546750508590,541,1464076546700879358,,1580.0,1420.0
1464076546754166107,542,1464076546727899086,,1580.0,1664.0
1464076546847345607,543,1464076546756417039,,1580.0,1468.0
1464076546847624330,544,1464076546780690804,,1580.0,1470.0
1464076546850813749,545,1464076546815588221,,1580.0,1462.0
1464076546851348740,546,1464076546844932547,,1580.0,1467.0
1464076547083357388,547,1464076546875464388,,1580.0,1471.0
1464076547083638663,548,1464076546901228771,,1580.0,1250.0
1464076547083905925,549,1464076546931019523,,1580.0,1431.0
1464076547084229191,550,1464076546959064273,,1580.0,1426.0
1464076547084548028,551,1464076546985612569,,1580.0,1419.0
1464076547084865303,552,1464076547014696147,,1580.0,1652.0
1464076547085320272,553,1464076547036720021,,1580.0,1464.0
1464076547088463273,554,1464076547053520843,,1580.0,1464.0
1464076547089155286,555,1464076547073883062,,1580.0,1464.0
1464076547230110540,556,1464076547094013654,,1580.0,1460.0
1464076547230441985,557,1464076547114674289,,1580.0,1461.0
1464076547230807971,558,1464076547136491075,,1580.0,1250.0
1464076547231113941,559,1464076547156986507,,1580.0,1418.0
1464076547231515041,560,1464076547191580612,,1580.0,1691.0
1464076547270105818,561,1464076547230468919,,1580.0,1473.0
1464076547275166534,562,1464076547269476739,,1580.0,1250.0
1464076547307958684,563,1464076547299632435,,1580.0,1439.0
1464076547349099226,564,1464076547343688050,,1580.0,1427.0
1464076547402062033,565,1464076547381361439,,1580.0,1408.0
1464076547461885998,566,1464076547419510377,,1580.0,1441.0
1464076547461959872,567,1464076547426547730,,1580.0,1431.0
1464076547462045677,568,1464076547446943917,,1580.0,1449.0
1464076547499897554,569,1464076547466786826,,1580.0,1447.0
1464076547500272396,570,1464076547489334438,,1580.0,1684.0
1464076547516173075,571,1464076547511937013,,1580.0,1500.0
1464076547537898273,572,1464076547528821348,,1580.0,1267.0
1464076547560721482,573,1464076547546764568,,1580.0,1445.0
1464076547574196232,574,1464076547567134497,,1580.0,1696.0
1464076547639417152,575,1464076547596598752,,1580.0,1502.0
1464076547639805852,576,1464076547622327709,,1580.0,1481.0
1464076547858746059,577,1464076547653895355,,1580.0,1486.0
1464076547860230843,578,1464076547676184980,,1580.0,1250.0
1464076547864791630,579,1464076547700844683,,1580.0,1390.0
1464076547868266753,580,1464076547723307064,,1580.0,1658.0
1464076547871193131,581,1464076547743637555,,1580.0,1445.0
1464076547871364324,582,1464076547765424072,,1580.0,1431.0
1464076547879388824,583,1464076547791835977,,1580.0,1441.0
1464076547879443944,584,1464076547814367178,,1580.0,1250.0
1464076547879484684,585,1464076547837134643,,1580.0,1396.0
1464076547879521048,586,1464076547863772703,,1580.0,1623.0
1464076548350711203,587,1464076547885177970,,1580.0,1442.0
1464076548350754132,588,1464076547905191499,,1580.0,1437.0
1464076548353525728,589,1464076547930744417,,1580.0,1440.0
1464076548353584650,590,1464076547951360248,,1580.0,1250.0
1464076548353633414,591,1464076547976582711,,1580.0,1414.0
1464076548353888015,592,1464076547998924589,,1580.0,1408.0
1464076548354152567,593,1464076548020179762,,1580.0,1412.0
1464076548354424465,594,1464076548038711216,,1580.0,1450.0
1464076548354470050,595,1464076548059221549,,1580.0,1467.0
1464076548354722776,596,1464076548081478248,,1580.0,1250.0
1464076548354992173,597,1464076548103556668,,1580.0,1437.0
1464076548355459177,598,1464076548122981233,,1580.0,1445.0
1464076548355516223,599,1464076548147569407,,1580.0,1440.0
1464076548355555557,600,1464076548168953730,,1580.0,1676.0
1464076548357159176,601,1464076548186999269,,1580.0,1492.0
1464076548357216066,602,1464076548205487796,,1580.0,1250.0
1464076548357491038,603,1464076548235939354,,1580.0,1490.0
1464076548357758559,604,1464076548259625665,,1580.0,1458.0
1464076548357987841,605,1464076548281968220,,1580.0,1448.0
1464076548359607506,606,1464076548304434091,,1580.0,1442.0
1464076548359956560,607,1464076548327912063,,1580.0,1439.0
1464076548361522043,608,1464076548354921476,,1580.0,1446.0
1464076549260520152,609,1464076548381841073,,1580.0,1441.0
1464076549293542939,610,1464076548407209618,,1580.0,1669.0
1464076549293767741,611,1464076548436239014,,1580.0,1468.0
1464076549293824319,612,1464076548456844841,,1580.0,1262.0
1464076549293861516,613,1464076548483393711,,1580.0,1439.0
1464076549293902100,614,1464076548508471811,,1580.0,1427.0
1464076549293937371,615,1464076548539737656,,1580.0,1411.0
1464076549293970140,616,1464076548565358145,,1580.0,1652.0
1464076549294004889,617,1464076548594697418,,1580.0,1447.0
1464076549294039690,618,1464076548625849951,,1580.0,1250.0
1464076549294075586,619,1464076548650379358,,1580.0,1416.0
1464076549294112940,620,1464076548675506951,,1580.0,1664.0
1464076549294147637,621,1464076548705344643,,1580.0,1463.0
1464076549294183272,622,1464076548735378221,,1580.0,1469.0
1464076549294218854,623,1464076548760805740,,1580.0,1457.0
1464076549294254593,624,1464076548793796748,,1580.0,1250.0
1464076549294289342,625,1464076548822373988,,1580.0,1404.0
1464076549294322945,626,1464076548848279087,,1580.0,1632.0
1464076549294355663,627,1464076548877446594,,1580.0,1436.0
1464076549294388901,628,1464076548906164133,,1580.0,1250.0
1464076549294421827,629,1464076548931948313,,1580.0,1420.0
1464076549294463036,630,1464076548961226788,,1580.0,1428.0
1464076549294497212,631,1464076548986681294,,1580.0,1422.0
1464076549294530138,632,1464076549015572371,,1580.0,1660.0
1464076549294564053,633,1464076549040971080,,1580.0,1467.0
1464076549294598959,634,1464076549070883219,,1580.0,1475.0
1464076549294635792,635,1464076549095930842,,1580.0,1472.0
1464076549294670385,636,1464076549117987381,,1580.0,1250.0
1464076549294705082,637,1464076549144271230,,1580.0,1412.0
1464076549294738893,638,1464076549171670438,,1580.0,1379.0
1464076549294771454,639,1464076549200636431,,1580.0,1397.0
1464076549294897010,640,1464076549227749258,,1580.0,1623.0
1464076549295155987,641,1464076549260426429,,1580.0,1442.0
1464076549526847985,642,1464076549286296518,,1580.0,1458.0
1464076549527124415,643,1464076549308943063,,1580.0,1468.0
1464076549529748054,644,1464076549340467833,,1580.0,1250.0
1464076549530125293,645,1464076549366007571,,1580.0,1415.0
1464076549530439234,646,1464076549391018153,,1580.0,1412.0
1464076549530724521,647,1464076549417191033,,1580.0,1406.0
1464076549530994231,648,1464076549445592861,,1580.0,1402.0
1464076549533278557,649,1464076549471806638,,1580.0,1415.0
1464076549534532496,650,1464076549498891332,,1580.0,1413.0
1464076549534932189,651,1464076549528950595,,1580.0,1429.0
1464076550077345593,652,1464076549557990463,,1580.0,1458.0
1464076550078708885,653,1464076549585539191,,1580.0,1437.0
1464076550080041491,654,1464076549609347671,,1580.0,1440.0
1464076550081312466,655,1464076549640578037,,1580.0,1453.0
1464076550081615466,656,1464076549668334218,,1580.0,1451.0
1464076550081873141,657,1464076549695502112,,1580.0,1437.0
1464076550082422980,658,1464076549725777476,,1580.0,1446.0
1464076550083697289,659,1464076549752004955,,1580.0,1434.0
1464076550084044207,660,1464076549778335015,,1580.0,1437.0
1464076550084313865,661,1464076549812981321,,1580.0,1443.0
1464076550084607540,662,1464076549839714096,,1580.0,1680.0
1464076550084891211,663,1464076549866052751,,1580.0,1479.0
1464076550085162953,664,1464076549895316587,,1580.0,1489.0
1464076550085424118,665,1464076549928078677,,1580.0,1250.0
1464076550085715344,666,1464076549941173687,,1580.0,1290.0
1464076550085958068,667,1464076549956151195,,1580.0,1399.0
1464076550086212981,668,1464076549984111703,,1580.0,1327.0
1464076550086480503,669,1464076550019651120,,1580.0,1373.0
1464076550086953133,670,1464076550055443784,,1580.0,1380.0
1464076550087356630,671,1464076550085008848,,1580.0,1657.0
1464076550493184836,672,1464076550114574590,,1580.0,1736.0
1464076550493449701,673,1464076550135496858,,1580.0,1516.0
1464076550493720609,674,1464076550155798488,,1580.0,1519.0
1464076550493953850,675,1464076550175959922,,1580.0,1526.0
1464076550494191363,676,1464076550196167828,,1580.0,1279.0
1464076550494449768,677,1464076550216436896,,1580.0,1475.0
1464076550496128511,678,1464076550237619549,,1580.0,1440.0
1464076550496490434,679,1464076550257346437,,1580.0,1432.0
1464076550496754882,680,1464076550275072566,,1580.0,1664.0
1464076550496992238,681,1464076550296716596,,1580.0,1466.0
1464076550498574809,682,1464076550318906036,,1580.0,1465.0
1464076550498887969,683,1464076550340631547,,1580.0,1470.0
1464076550499177684,684,1464076550369199201,,1580.0,1250.0
1464076550508483057,685,1464076550391068502,,1580.0,1250.0
1464076550509799461,686,1464076550409978029,,1580.0,1377.0
1464076550510070161,687,1464076550429985671,,1580.0,1386.0
1464076550510326065,688,1464076550449927149,,1580.0,1367.0
1464076550510814376,689,1464076550469327801,,1580.0,1348.0
1464076550511181717,690,1464076550494532864,,1580.0,1373.0
1464076550658654910,691,1464076550516659683,,1580.0,1385.0
1464076550658935196,692,1464076550542952961,,1580.0,1391.0
1464076550659202092,693,1464076550561899061,,1580.0,1434.0
1464076550659452421,694,1464076550580733307,,1580.0,1419.0
1464076550659720308,695,1464076550600555273,,1580.0,1393.0
1464076550661014831,696,1464076550634961097,,1580.0,1428.0
1464076550688712141,697,1464076550674774816,,1580.0,1451.0
1464076550724804523,698,1464076550685351060,,1580.0,1443.0
1464076550734751062,699,1464076550727122296,,1580.0,1414.0
1464076550869352171,700,1464076550772376887,,1580.0,1417.0
1464076550869733578,701,1464076550779801431,,1580.0,1448.0
1464076550869780050,702,1464076550791591186,,1580.0,1420.0
1464076550870046164,703,1464076550811107339,,1580.0,1420.0
1464076550870453985,704,1464076550847003364,,1580.0,1423.0
1464076550891110452,705,1464076550872816927,,1580.0,1424.0
1464076550898249083,706,1464076550894961668,,1580.0,1438.0
1464076550925579626,707,1464076550906978309,,1580.0,1414.0
1464076550925900600,708,1464076550913578563,,1580.0,1451.0
1464076550939390146,709,1464076550932214213,,1580.0,1427.0
1464076550978595624,710,1464076550963465522,,1580.0,1431.0
1464076550992467359,711,1464076550988599732,,1580.0,1423.0
1464076551237356583,712,1464076551011765743,,1580.0,1427.0
1464076551237407690,713,1464076551032498949,,1580.0,1429.0
1464076551237447910,714,1464076551053848211,,1580.0,1437.0
1464076551237484951,715,1464076551075964558,,1580.0,1453.0
1464076551237521941,716,1464076551095847531,,1580.0,1416.0
1464076551237557471,717,1464076551115249850,,1580.0,1431.0
1464076551237594356,718,1464076551134560582,,1580.0,1442.0
1464076551237630929,719,1464076551153562530,,1580.0,1440.0
1464076551237668491,720,1464076551169619658,,1580.0,1414.0
1464076551237705116,721,1464076551189734569,,1580.0,1448.0
1464076551237742105,722,1464076551209928982,,1580.0,1508.0
1464076551237777428,723,1464076551228770938,,1580.0,1448.0
1464076551282285303,724,1464076551249052718,,1580.0,1750.0
1464076551282674837,725,1464076551270361708,,1580.0,1251.0
1464076551317491815,726,1464076551290520798,,1580.0,1479.0
1464076551317872545,727,1464076551309700296,,1580.0,1526.0
1464076551331977573,728,1464076551330050480,,1580.0,1472.0
1464076551399353878,729,1464076551350034314,,1580.0,1472.0
1464076551399388939,730,1464076551366321505,,1580.0,1482.0
1464076551399422803,731,1464076551384270039,,1580.0,1451.0
1464076551422625491,732,1464076551403075006,,1580.0,1702.0
1464076551454086806,733,1464076551420887773,,1580.0,1504.0
1464076551454275556,734,1464076551441506521,,1580.0,1279.0
1464076551492685555,735,1464076551475643677,,1580.0,1459.0
1464076551562074184,736,1464076551503940580,,1580.0,1692.0
1464076551562670129,737,1464076551526079850,,1580.0,1461.0
1464076551563077168,738,1464076551549310411,,1580.0,1478.0
1464076551573664041,739,1464076551569836685,,1580.0,1472.0
1464076551595327347,740,1464076551589118294,,1580.0,1483.0
1464076551612236636,741,1464076551609738970,,1580.0,1466.0
1464076551723738627,742,1464076551629613658,,1580.0,1466.0
1464076551723988800,743,1464076551648588933,,1580.0,1463.0
1464076551724247257,744,1464076551671297579,,1580.0,1448.0
1464076551724775162,745,1464076551688737640,,1580.0,1458.0
1464076551725161675,746,1464076551709567175,,1580.0,1250.0
1464076551727767861,747,1464076551725872027,,1580.0,1397.0
1464076551767155837,748,1464076551746587155,,1580.0,1644.0
1464076551771284109,749,1464076551767409605,,1580.0,1453.0
1464076551804818026,750,1464076551787510033,,1580.0,1446.0
1464076551857704509,751,1464076551810755546,,1580.0,1458.0
1464076551857966977,752,1464076551829542435,,1580.0,1250.0
1464076551860666939,753,1464076551849306729,,1580.0,1421.0
1464076551930118398,754,1464076551868704099,,1580.0,1654.0
1464076551930158878,755,1464076551887083480,,1580.0,1453.0
1464076551930556279,756,1464076551905800299,,1580.0,1465.0
1464076551954059050,757,1464076551950589605,,1580.0,1469.0
1464076551999681398,758,1464076551983994580,,1580.0,1467.0
1464076551999895988,759,1464076551988486859,,1580.0,1460.0
1464076552021516366,760,1464076552018438904,,1580.0,1250.0
1464076552050432762,761,1464076552042979721,,1580.0,1417.0
1464076552070856196,762,1464076552063425088,,1580.0,1631.0
1464076552101185325,763,1464076552084211642,,1580.0,1451.0
1464076552101501349,764,1464076552092615726,,1580.0,1250.0
1464076552128941297,765,1464076552125615121,,1580.0,1413.0
1464076552158630146,766,1464076552147256599,,1580.0,1402.0
1464076552158969666,767,1464076552152832612,,1580.0,1411.0
1464076552177247197,768,1464076552170595731,,1580.0,1642.0
1464076552189059719,769,1464076552186585183,,1580.0,1469.0
1464076552229644535,770,1464076552224579755,,1580.0,1250.0
1464076552269926038,771,1464076552252829874,,1580.0,1464.0
1464076552280198240,772,1464076552275916906,,1580.0,1667.0
1464076552336606630,773,1464076552300752283,,1580.0,1471.0
1464076552344288849,774,1464076552339658929,,1580.0,1250.0
1464076552393457277,775,1464076552387316785,,1580.0,1420.0
1464076552439012159,776,1464076552432691878,,1580.0,1648.0
1464076552497762079,777,1464076552492738457,,1580.0,1451.0
1464076552549653028,778,1464076552543667161,,1580.0,1504.0
1464076552597378767,779,1464076552557947029,,1580.0,1460.0
1464076552613448815,780,1464076552610729994,,1580.0,1250.0
1464076552655224480,781,1464076552651169614,,1580.0,1346.0
1464076552692514952,782,1464076552681078419,,1580.0,1378.0
1464076552736958955,783,1464076552712924423,,1580.0,1398.0
1464076552777588471,784,1464076552750224012,,1580.0,1631.0
1464076552793586572,785,1464076552772039704,,1580.0,1497.0
1464076552819138917,786,1464076552798763309,,1580.0,1452.0
1464076552847480884,787,1464076552830811192,,1580.0,1498.0
1464076552882844055,788,1464076552861086660,,1580.0,1445.0
1464076552896302342,789,1464076552866528314,,1580.0,1472.0
1464076552896560330,790,1464076552877518110,,1580.0,1460.0
1464076552921219982,791,1464076552914717880,,1580.0,1460.0
1464076552962612364,792,1464076552951184375,,1580.0,1250.0
1464076552983280552,793,1464076552968546862,,1580.0,1382.0
1464076552984246287,794,1464076552975455013,,1580.0,1404.0
1464076553023663802,795,1464076552999455733,,1580.0,1404.0
1464076553065750542,796,1464076553019721520,,1580.0,1384.0
1464076553066088813,797,1464076553034861520,,1580.0,1401.0
1464076553079578827,798,1464076553077533421,,1580.0,1408.0
1464076553130032401,799,1464076553112910032,,1580.0,1413.0
1464076553139700166,800,1464076553117620339,,1580.0,1444.0
1464076553150573888,801,1464076553138048774,,1580.0,1411.0
1464076553172813082,802,1464076553161190196,,1580.0,1663.0
1464076553205525315,803,1464076553181018518,,1580.0,1471.0
1464076553267940670,804,1464076553201630180,,1580.0,1477.0
1464076553268371831,805,1464076553227471251,,1580.0,1474.0
1464076553268791009,806,1464076553243399385,,1580.0,1258.0
1464076553268876345,807,1464076553262387215,,1580.0,1422.0
1464076553292810328,808,1464076553278572607,,1580.0,1423.0
1464076553313309303,809,1464076553299273982,,1580.0,1419.0
1464076553334774169,810,1464076553321697601,,1580.0,1630.0
1464076553401472891,811,1464076553343614206,,1580.0,1472.0
1464076553401891913,812,1464076553366644764,,1580.0,1449.0
1464076553402332243,813,1464076553385142980,,1580.0,1478.0
1464076553412582043,814,1464076553404435738,,1580.0,1473.0
1464076553431415039,815,1464076553424475368,,1580.0,1462.0
1464076553475411731,816,1464076553448028986,,1580.0,1250.0
1464076553476000748,817,1464076553469736732,,1580.0,1412.0
1464076553502801093,818,1464076553479830187,,1580.0,1416.0
1464076553511489942,819,1464076553502691427,,1580.0,1421.0
1464076553552722489,820,1464076553529874325,,1580.0,1417.0
1464076553552855286,821,1464076553544038380,,1580.0,1400.0
1464076553578243523,822,1464076553560306659,,1580.0,1417.0
1464076553606333442,823,1464076553589607172,,1580.0,1426.0
1464076553630617834,824,1464076553621872615,,1580.0,1458.0
1464076553650488824,825,1464076553644874050,,1580.0,1440.0
1464076553679733488,826,1464076553672666230,,1580.0,1448.0
1464076553739670766,827,1464076553696666638,,1580.0,1436.0
1464076553739732189,828,1464076553721519051,,1580.0,1707.0
1464076553758575917,829,1464076553745949004,,1580.0,1494.0
1464076553774991893,830,1464076553772637547,,1580.0,1250.0
1464076553827945478,831,1464076553800792484,,1580.0,1439.0
1464076553856492293,832,1464076553826214116,,1580.0,1440.0
1464076553856565855,833,1464076553850978380,,1580.0,1434.0
1464076553882317266,834,1464076553878056927,,1580.0,1643.0
1464076553943068987,835,1464076553902715641,,1580.0,1495.0
1464076553943396733,836,1464076553910224270,,1580.0,1250.0
1464076553943744016,837,1464076553936529687,,1580.0,1750.0
1464076553973842300,838,1464076553968642640,,1580.0,1495.0
1464076554012296790,839,1464076553994324500,,1580.0,1502.0
1464076554012560561,840,1464076554001651777,,1580.0,1490.0
1464076554012721751,841,1464076554010411115,,1580.0,1488.0
1464076554043430411,842,1464076554037492371,,1580.0,1444.0
1464076554064008471,843,1464076554052224550,,1580.0,1426.0
1464076554086927227,844,1464076554083486175,,1580.0,1642.0
1464076554111420635,845,1464076554107983387,,1580.0,1443.0
1464076554142562018,846,1464076554138471465,,1580.0,1250.0
1464076554165402576,847,1464076554160235216,,1580.0,1387.0
1464076554199488415,848,1464076554179434979,,1580.0,1408.0
1464076554199829968,849,1464076554192707799,,1580.0,1409.0
1464076554221079306,850,1464076554210075861,,1580.0,1415.0
1464076554244386971,851,1464076554235419659,,1580.0,1407.0
1464076554268331009,852,1464076554264851093,,1580.0,1638.0
1464076554295544020,853,1464076554291664566,,1580.0,1470.0
1464076554332639646,854,1464076554309565222,,1580.0,1479.0
1464076554332693515,855,1464076554315959691,,1580.0,1470.0
1464076554340337754,856,1464076554332045576,,1580.0,1250.0
1464076554362422427,857,1464076554358139581,,1580.0,1432.0
1464076554389425900,858,1464076554380967843,,1580.0,1666.0
1464076554403425066,859,1464076554397533184,,1580.0,1453.0
1464076554452041572,860,1464076554426544346,,1580.0,1463.0
1464076554473119404,861,1464076554459734783,,1580.0,1467.0
1464076554473175305,862,1464076554469595570,,1580.0,1250.0
1464076554481681709,863,1464076554478216119,,1580.0,1426.0
1464076554507153511,864,1464076554498381097,,1580.0,1676.0
1464076554531125005,865,1464076554528080781,,1580.0,1482.0
1464076554568428813,866,1464076554551998354,,1580.0,1250.0
1464076554587708026,867,1464076554572729216,,1580.0,1439.0
1464076554606840948,868,1464076554593510248,,1580.0,1445.0
1464076554646887335,869,1464076554612037430,,1580.0,1436.0
1464076554647485624,870,1464076554630893922,,1580.0,1437.0
1464076554723614754,871,1464076554648050728,,1580.0,1437.0
1464076554724213096,872,1464076554665828381,,1580.0,1664.0
1464076554724627846,873,1464076554684513732,,1580.0,1481.0
1464076554725169818,874,1464076554704094278,,1580.0,1250.0
1464076554725519758,875,1464076554720907968,,1580.0,1434.0
1464076554757681943,876,1464076554743626096,,1580.0,1435.0
1464076554774959720,877,1464076554755043248,,1580.0,1442.0
1464076554807692583,878,1464076554785311944,,1580.0,1628.0
1464076554838737429,879,1464076554805759915,,1580.0,1472.0
1464076554838863402,880,1464076554817311897,,1580.0,1466.0
1464076554859764571,881,1464076554846454032,,1580.0,1473.0
1464076554889714168,882,1464076554883255099,,1580.0,1250.0
1464076554933608176,883,1464076554922448438,,1580.0,1422.0
1464076554938300093,884,1464076554931351722,,1580.0,1651.0
1464076554974374188,885,1464076554950057339,,1580.0,1456.0
1464076554974594353,886,1464076554966689469,,1580.0,1294.0
1464076554984085871,887,1464076554981605762,,1580.0,1428.0
1464076555008254034,888,1464076555005035544,,1580.0,1686.0
1464076555025766406,889,1464076555020270987,,1580.0,1473.0
1464076555043875140,890,1464076555040395432,,1580.0,1431.0
1464076555066901581,891,1464076555060346913,,1580.0,1441.0
1464076555082757768,892,1464076555080513974,,1580.0,1448.0
1464076555104925901,893,1464076555100370012,,1580.0,1450.0
1464076555123243182,894,1464076555120485913,,1580.0,1438.0
1464076555151137005,895,1464076555140488658,,1580.0,1444.0
1464076555171774456,896,1464076555160483275,,1580.0,1430.0
1464076555185463067,897,1464076555180305658,,1580.0,1436.0
1464076555206977218,898,1464076555200524661,,1580.0,1650.0
1464076555222313470,899,1464076555220111875,,1580.0,1447.0
1464076555243736867,900,1464076555240320301,,1580.0,1474.0
1464076555270158670,901,1464076555260304864,,1580.0,1472.0
1464076555295870538,902,1464076555289991629,,1580.0,1491.0
1464076555306419535,903,1464076555303326028,,1580.0,1464.0
1464076555345684665,904,1464076555330745345,,1580.0,1470.0
1464076555346040336,905,1464076555340956906,,1580.0,1466.0
1464076555365538776,906,1464076555360355370,,1580.0,1250.0
1464076555384282528,907,1464076555380684507,,1580.0,1414.0
1464076555410125110,908,1464076555400291205,,1580.0,1628.0
1464076555433355826,909,1464076555421700483,,1580.0,1461.0
1464076555453908775,910,1464076555445442382,,1580.0,1451.0
1464076555475791308,911,1464076555467245154,,1580.0,1458.0
1464076555516919711,912,1464076555494339173,,1580.0,1250.0
1464076555517266004,913,1464076555505165278,,1580.0,1421.0
1464076555535830020,914,1464076555526478540,,1580.0,1420.0
1464076555553163645,915,1464076555545452252,,1580.0,1427.0
1464076555584729729,916,1464076555570158427,,1580.0,1664.0
1464076555606305302,917,1464076555587695597,,1580.0,1454.0
1464076555618770348,918,1464076555615367015,,1580.0,1469.0
1464076555648359221,919,1464076555639653283,,1580.0,1461.0
1464076555935771190,920,1464076555658292528,,1580.0,1268.0
1464076555936073461,921,1464076555678302879,,1580.0,1425.0
1464076555936984128,922,1464076555701273628,,1580.0,1667.0
1464076555937599141,923,1464076555720928465,,1580.0,1460.0
1464076555938324757,924,1464076555741677196,,1580.0,1250.0
1464076555938644845,925,1464076555757548127,,1580.0,1416.0
1464076555939122789,926,1464076555784928371,,1580.0,1400.0
1464076555939401460,927,1464076555810030801,,1580.0,1388.0
1464076555939611830,928,1464076555829811870,,1580.0,1389.0
1464076555939888834,929,1464076555848703580,,1580.0,1250.0
1464076555940139840,930,1464076555869024121,,1580.0,1371.0
1464076555940416114,931,1464076555887404128,,1580.0,1405.0
1464076555940895673,932,1464076555907156179,,1580.0,1370.0
1464076555941529181,933,1464076555926011160,,1580.0,1368.0
1464076555965380277,934,1464076555944312916,,1580.0,1397.0
1464076555966326996,935,1464076555963213639,,1580.0,1428.0
1464076556329712792,936,1464076555982048406,,1580.0,1379.0
1464076556330630492,937,1464076555998946599,,1580.0,1416.0
1464076556331101664,938,1464076556015760758,,1580.0,1391.0
1464076556332414473,939,1464076556036949819,,1580.0,1397.0
1464076556333248348,940,1464076556075187530,,1580.0,1416.0
1464076556333916084,941,1464076556116746364,,1580.0,1438.0
1464076556334813206,942,1464076556151775954,,1580.0,1438.0
1464076556335283179,943,1464076556192860022,,1580.0,1750.0
1464076556336347899,944,1464076556233427020,,1580.0,1541.0
1464076556337474980,945,1464076556271418727,,1580.0,1533.0
1464076556338406956,946,1464076556306714952,,1580.0,1512.0
1464076556544427565,947,1464076556347097941,,1580.0,1463.0
1464076556545198923,948,1464076556384685162,,1580.0,1429.0
1464076556545835348,949,1464076556419115419,,1580.0,1415.0
1464076556546836249,950,1464076556450849622,,1580.0,1250.0
1464076556547220157,951,1464076556490845891,,1580.0,1400.0
1464076556548367087,952,1464076556530571512,,1580.0,1697.0
1464076556622831436,953,1464076556568760981,,1580.0,1250.0
1464076556623819625,954,1464076556602497141,,1580.0,1457.0
1464076556680003005,955,1464076556644208934,,1580.0,1477.0
1464076556714162146,956,1464076556684100956,,1580.0,1679.0
1464076556744164935,957,1464076556724438672,,1580.0,1250.0
1464076556777758973,958,1464076556764481412,,1580.0,1476.0
1464076556811955728,959,1464076556805203141,,1580.0,1477.0
1464076556853201612,960,1464076556846728945,,1580.0,1648.0
1464076556897167775,961,1464076556887159917,,1580.0,1474.0
1464076556935381939,962,1464076556928795699,,1580.0,1470.0
1464076556969376295,963,1464076556966090339,,1580.0,1545.0
1464076557009631854,964,1464076557004562959,,1580.0,1564.0
1464076557051488270,965,1464076557045693915,,1580.0,1452.0
1464076557078916652,966,1464076557060403171,,1549.0,1465.0
1464076557113997089,967,1464076557108972164,,1561.0,1468.0
1464076557157973984,968,1464076557152892638,,1543.0,1437.0
1464076557199459829,969,1464076557195859411,,1487.0,1319.0
1464076557243601145,970,1464076557218506895,,1498.0,1526.0
1464076557243896174,971,1464076557231466399,,1477.0,1470.0
1464076557261651530,972,1464076557251747346,,1488.0,1443.0
1464076557280538134,973,1464076557275537852,,1488.0,1465.0
1464076557306782337,974,1464076557299177066,,1493.0,1480.0
1464076557326149855,975,1464076557317620841,,1493.0,1464.0
1464076557340016744,976,1464076557332880093,,1485.0,1440.0
1464076557379951277,977,1464076557357008869,,1499.0,1468.0
1464076557380258289,978,1464076557374449867,,1495.0,1435.0
1464076557402727963,979,1464076557391756818,,1498.0,1250.0
1464076557416923797,980,1464076557411242598,,1488.0,1398.0
1464076557438789867,981,1464076557432865685,,1499.0,1500.0
1464076557460324023,982,1464076557454013276,,1493.0,1400.0
1464076557480917087,983,1464076557472724572,,1493.0,1375.0
1464076557501693639,984,1464076557491548971,,1493.0,1398.0
1464076557531448286,985,1464076557511507433,,1500.0,1399.0
1464076557567208754,986,1464076557531532320,,1495.0,1398.0
1464076557567251161,987,1464076557553349106,,1494.0,1301.0
1464076557624495771,988,1464076557577054380,,1493.0,1300.0
1464076557624767929,989,1464076557600112862,,1494.0,1381.0
1464076557624888639,990,1464076557611752211,,1493.0,1352.0
1464076557642259931,991,1464076557631488789,,1511.0,1374.0
1464076557658680023,992,1464076557651575828,,1489.0,1455.0
1464076557681769503,993,1464076557675666313,,1493.0,1397.0
1464076557697054908,994,1464076557691389651,,1493.0,1441.0
1464076557724402227,995,1464076557714895495,,1468.0,1413.0
1464076557738277347,996,1464076557731584255,,1431.0,1435.0
1464076557769903552,997,1464076557751567724,,1425.0,1447.0
1464076557787688343,998,1464076557780357315,,1418.0,1520.0
1464076557817326187,999,1464076557801645934,,1418.0,1462.0
1464076557849028090,1000,1464076557822010810,,1402.0,1629.0
1464076557849404183,1001,1464076557834231622,,1355.0,1485.0
1464076557886100064,1002,1464076557867571892,,1337.0,1472.0
1464076557916736413,1003,1464076557884575530,,1309.0,1467.0
1464076557916787677,1004,1464076557911495752,,1306.0,1467.0
1464076558014277843,1005,1464076557937194700,,1246.0,1468.0
1464076558014618145,1006,1464076557960780045,,1246.0,1681.0
1464076558014882071,1007,1464076557984053586,,1242.0,1488.0
1464076558017743849,1008,1464076558008937831,,1226.0,1258.0
1464076558204767928,1009,1464076558030596553,,1229.0,1441.0
1464076558205035189,1010,1464076558055188165,,1226.0,1455.0
1464076558205305002,1011,1464076558080370148,,1226.0,1423.0
1464076558205563042,1012,1464076558106126351,,1226.0,1423.0
1464076558205817696,1013,1464076558129579369,,1226.0,1440.0
1464076558206073860,1014,1464076558154250482,,1226.0,1436.0
1464076558209044469,1015,1464076558175569579,,1227.0,1426.0
1464076558209287453,1016,1464076558183907238,,1240.0,1686.0
1464076558268865152,1017,1464076558212377782,,1240.0,1483.0
1464076558269426453,1018,1464076558228264968,,1257.0,1482.0
1464076558269838181,1019,1464076558261902090,,1258.0,1483.0
1464076558306868737,1020,1464076558278516871,,1304.0,1250.0
1464076558306915677,1021,1464076558298445950,,1306.0,1424.0
1464076558332744401,1022,1464076558316585370,,1298.0,1659.0
1464076558344378280,1023,1464076558335408311,,1305.0,1456.0
1464076558360171481,1024,1464076558355017354,,1305.0,1250.0
1464076558379144828,1025,1464076558375600884,,1302.0,1421.0
1464076558401757301,1026,1464076558396032445,,1305.0,1622.0
1464076558419460351,1027,1464076558415625754,,1292.0,1443.0
1464076558438859544,1028,1464076558434906738,,1275.0,1460.0
1464076558467562653,1029,1464076558454789502,,1287.0,1432.0
1464076558508117513,1030,1464076558494693870,,1257.0,1250.0
1464076558509368273,1031,1464076558500419873,,1249.0,1363.0
1464076558543914969,1032,1464076558514568142,,1258.0,1398.0
1464076558547642922,1033,1464076558537466163,,1261.0,1371.0
1464076558557354397,1034,1464076558554716171,,1269.0,1370.0
1464076558588970287,1035,1464076558576350355,,1275.0,1360.0
1464076558602750381,1036,1464076558596949514,,1286.0,1610.0
1464076558628532946,1037,1464076558616793257,,1298.0,1434.0
1464076558653106637,1038,1464076558649251044,,1298.0,1431.0
1464076558732204240,1039,1464076558672247322,,1322.0,1446.0
1464076558732795913,1040,1464076558692790059,,1333.0,1447.0
1464076558732851658,1041,1464076558714894111,,1338.0,1446.0
1464076558741542331,1042,1464076558739301767,,1338.0,1250.0
1464076558784857326,1043,1464076558759026883,,1348.0,1402.0
1464076558877256819,1044,1464076558780519986,,1338.0,1401.0
1464076558880231857,1045,1464076558805059240,,1331.0,1393.0
1464076558880474267,1046,1464076558826070700,,1354.0,1402.0
1464076558881052031,1047,1464076558846190977,,1353.0,1406.0
1464076558953605854,1048,1464076558871692528,,1353.0,1649.0
1464076558953879575,1049,1464076558892929310,,1354.0,1443.0
1464076558954274996,1050,1464076558911937771,,1354.0,1250.0
1464076558954722463,1051,1464076558930803745,,1354.0,1420.0
1464076558955443599,1052,1464076558948320753,,1354.0,1422.0
1464076558983799008,1053,1464076558966703104,,1338.0,1402.0
1464076559001169674,1054,1464076558987396144,,1327.0,1641.0
1464076559011903357,1055,1464076559007815878,,1264.0,1455.0
1464076559031331361,1056,1464076559026844345,,1275.0,1406.0
1464076559058640283,1057,1464076559055586422,,1257.0,1419.0
1464076559081090160,1058,1464076559075177074,,1258.0,1424.0
1464076559123706838,1059,1464076559094692237,,1257.0,1416.0
1464076559126333133,1060,1464076559113724142,,1258.0,1651.0
1464076559174914317,1061,1464076559131481946,,1257.0,1456.0
1464076559175347926,1062,1464076559146918278,,1246.0,1250.0
1464076559206567716,1063,1464076559189684163,,1246.0,1415.0
1464076559230129201,1064,1464076559217892187,,1241.0,1630.0
1464076559251057670,1065,1464076559243633230,,1226.0,1425.0
1464076559277816701,1066,1464076559255415640,,1240.0,1250.0
1464076559290385786,1067,1464076559287609344,,1242.0,1393.0
1464076559315287796,1068,1464076559312335264,,1240.0,1377.0
1464076559334008469,1069,1464076559322920105,,1241.0,1382.0
1464076559343818721,1070,1464076559331872100,,1228.0,1634.0
1464076559369489432,1071,1464076559364198080,,1211.0,1427.0
1464076559382019704,1072,1464076559379476660,,1211.0,1250.0
1464076559421395854,1073,1464076559405103766,,1209.0,1379.0
1464076559433349509,1074,1464076559427490657,,1209.0,1390.0
1464076559463571316,1075,1464076559458439227,,1209.0,1364.0
1464076559484236379,1076,1464076559481326307,,1223.0,1604.0
1464076559511560306,1077,1464076559508156713,,1226.0,1409.0
1464076559551131926,1078,1464076559532407450,,1226.0,1406.0
1464076559561679933,1079,1464076559556817606,,1226.0,1398.0
1464076559589414338,1080,1464076559586692547,,1230.0,1376.0
1464076559620640067,1081,1464076559615620561,,1225.0,1396.0
1464076559648492733,1082,1464076559645463149,,1257.0,1250.0
1464076559677606111,1083,1464076559674969239,,1288.0,1314.0
1464076559710115475,1084,1464076559705550781,,1258.0,1283.0
1464076559741172252,1085,1464076559730303062,,1258.0,1278.0
1464076559744488946,1086,1464076559741500050,,1213.0,1510.0
1464076559817361711,1087,1464076559807658207,,1179.0,1308.0
1464076559907126626,1088,1464076559868999205,,1135.0,1250.0
1464076559907188987,1089,1464076559901927434,,1121.0,1250.0
1464076559931684322,1090,1464076559929490750,,1114.0,1263.0
1464076560018934326,1091,1464076559952074465,,1114.0,1250.0
1464076560019205807,1092,1464076559978157999,,1098.0,1250.0
1464076560019716781,1093,1464076559998176321,,1098.0,1250.0
1464076560020099698,1094,1464076560018056532,,1098.0,1449.0
1464076560056239281,1095,1464076560035812096,,1102.0,1289.0
1464076560056617406,1096,1464076560052727377,,1098.0,1250.0
1464076560081157754,1097,1464076560073209264,,1098.0,1250.0
1464076560094271519,1098,1464076560092254974,,1082.0,1250.0
1464076560126327634,1099,1464076560113748546,,1066.0,1250.0
1464076560137353168,1100,1464076560133341231,,1066.0,1250.0
1464076560158507324,1101,1464076560156206430,,1065.0,1250.0
1464076560184958041,1102,1464076560173422523,,1066.0,1409.0
1464076560195942679,1103,1464076560193307787,,1066.0,1250.0
1464076560227202325,1104,1464076560214480542,,1055.0,1250.0
1464076560240016893,1105,1464076560235602084,,1038.0,1250.0
1464076560283915694,1106,1464076560256193168,,1034.0,1443.0
1464076560284368892,1107,1464076560278055592,,1034.0,1260.0
1464076560339591851,1108,1464076560298811565,,1049.0,1250.0
1464076560344755668,1109,1464076560318962476,,1113.0,1250.0
1464076560346129536,1110,1464076560339697662,,1113.0,1438.0
1464076560466295839,1111,1464076560356788616,,1130.0,1252.0
1464076560477508664,1112,1464076560375006807,,1130.0,1250.0
1464076560477662144,1113,1464076560395092439,,1130.0,1250.0
1464076560478976881,1114,1464076560411759422,,1114.0,1455.0
1464076560479022727,1115,1464076560433204439,,1114.0,1262.0
1464076560479316141,1116,1464076560453455690,,1130.0,1250.0
1464076560479658267,1117,1464076560465933656,,1130.0,1250.0
1464076560511754757,1118,1464076560474829333,,1130.0,1452.0
1464076560511823995,1119,1464076560490092232,,1162.0,1264.0
1464076560531338011,1120,1464076560521469305,,1223.0,1259.0
1464076560555113670,1121,1464076560549407359,,1226.0,1265.0
1464076560581333751,1122,1464076560575127563,,1257.0,1265.0
1464076560605771310,1123,1464076560600195244,,1269.0,1272.0
1464076560709367583,1124,1464076560621274171,,1275.0,1269.0
1464076560709787595,1125,1464076560645237276,,1322.0,1270.0
1464076560709847559,1126,1464076560666528241,,1367.0,1271.0
1464076560710331547,1127,1464076560686331243,,1448.0,1271.0
1464076560710734939,1128,1464076560705995197,,1450.0,1272.0
1464076560774933390,1129,1464076560726414254,,1493.0,1272.0
1464076560775429203,1130,1464076560743257849,,1493.0,1268.0
1464076560775792480,1131,1464076560764388612,,1494.0,1273.0
1464076560833333786,1132,1464076560783134553,,1493.0,1274.0
1464076560833803134,1133,1464076560804181440,,1493.0,1275.0
1464076560834182561,1134,1464076560821483806,,1494.0,1250.0
1464076560856083745,1135,1464076560841351149,,1493.0,1250.0
1464076560856449680,1136,1464076560849306776,,1494.0,1477.0
1464076560874575971,1137,1464076560871413225,,1494.0,1273.0
1464076560909017637,1138,1464076560895013939,,1494.0,1277.0
1464076560925141867,1139,1464076560922058623,,1494.0,1281.0
1464076560947431439,1140,1464076560944395708,,1493.0,1279.0
1464076560971549796,1141,1464076560965924342,,1494.0,1279.0
1464076560991541601,1142,1464076560988720095,,1493.0,1280.0
1464076561015471781,1143,1464076561008641359,,1493.0,1280.0
1464076561035342927,1144,1464076561031162818,,1494.0,1281.0
1464076561048452316,1145,1464076561039310217,,1493.0,1279.0
1464076561070680830,1146,1464076561060400709,,1493.0,1279.0
1464076561085243849,1147,1464076561081237329,,1493.0,1282.0
1464076561133884632,1148,1464076561102041805,,1494.0,1250.0
1464076561134034465,1149,1464076561119615861,,1494.0,1250.0
1464076561160317011,1150,1464076561140872232,,1493.0,1476.0
1464076561160496592,1151,1464076561156224635,,1493.0,1284.0
1464076561214472541,1152,1464076561197391590,,1493.0,1250.0
1464076561248421625,1153,1464076561233096886,,1494.0,1250.0
1464076561248771200,1154,1464076561240674493,,1494.0,1476.0
1464076561270906980,1155,1464076561267113176,,1494.0,1284.0
1464076561553126635,1156,1464076561288276969,,1493.0,1290.0
1464076561553172585,1157,1464076561307381550,,1493.0,1288.0
1464076561553434741,1158,1464076561326961887,,1494.0,1288.0
1464076561553479336,1159,1464076561346056257,,1493.0,1289.0
1464076561557434591,1160,1464076561366994260,,1493.0,1289.0
1464076561557753221,1161,1464076561385930044,,1493.0,1289.0
1464076561559244152,1162,1464076561406528474,,1493.0,1250.0
1464076561559552726,1163,1464076561425922249,,1493.0,1250.0
1464076561559804671,1164,1464076561445343480,,1493.0,1474.0
1464076561562065710,1165,1464076561468522255,,1493.0,1291.0
1464076561562487961,1166,1464076561486934042,,1493.0,1291.0
1464076561562758453,1167,1464076561504851629,,1493.0,1291.0
1464076561562987682,1168,1464076561526287425,,1493.0,1292.0
1464076561563160490,1169,1464076561544900829,,1493.0,1292.0
1464076561717882189,1170,1464076561566153449,,1493.0,1250.0
1464076561718657767,1171,1464076561585820842,,1493.0,1252.0
1464076561718704082,1172,1464076561605156163,,1493.0,1494.0
1464076561718891581,1173,1464076561627082875,,1494.0,1293.0
1464076561718948160,1174,1464076561645604119,,1494.0,1294.0
1464076561719281949,1175,1464076561667430282,,1494.0,1294.0
1464076561719534310,1176,1464076561687264752,,1494.0,1250.0
1464076561723816531,1177,1464076561707963938,,1494.0,1254.0
1464076561763632177,1178,1464076561727700152,,1493.0,1488.0
1464076561766063262,1179,1464076561749367990,,1493.0,1295.0
1464076561797285658,1180,1464076561768272673,,1493.0,1250.0
1464076561797349061,1181,1464076561788000967,,1491.0,1255.0
1464076561827243434,1182,1464076561818001047,,1493.0,1488.0
1464076561842896388,1183,1464076561825544217,,1494.0,1298.0
1464076561843199284,1184,1464076561838100433,,1494.0,1250.0
1464076561867494930,1185,1464076561859998596,,1494.0,1254.0
1464076561888219800,1186,1464076561886052120,,1493.0,1484.0
1464076561911042071,1187,1464076561908169302,,1494.0,1297.0
1464076561957203110,1188,1464076561943106365,,1494.0,1250.0
1464076561973219289,1189,1464076561949611906,,1493.0,1256.0
1464076561978040616,1190,1464076561973857694,,1493.0,1255.0
1464076562006677716,1191,1464076562003060262,,1494.0,1259.0
1464076562033778040,1192,1464076562030613887,,1493.0,1483.0
1464076562059774465,1193,1464076562057626791,,1493.0,1297.0
1464076562089756780,1194,1464076562080839274,,1494.0,1299.0
1464076562148533999,1195,1464076562104568721,,1493.0,1299.0
1464076562148899829,1196,1464076562127782246,,1493.0,1299.0
1464076562172702943,1197,1464076562149839254,,1494.0,1299.0
1464076562182492460,1198,1464076562172231511,,1493.0,1301.0
1464076562200625732,1199,1464076562197175460,,1494.0,1300.0
1464076562240945110,1200,1464076562221868245,,1494.0,1300.0
1464076562255960128,1201,1464076562246736184,,1493.0,1300.0
1464076562279122285,1202,1464076562274996566,,1494.0,1300.0
1464076562304894117,1203,1464076562301264368,,1494.0,1300.0
1464076562336483749,1204,1464076562325961478,,1493.0,1250.0
1464076562356644767,1205,1464076562350158555,,1493.0,1260.0
1464076562377373024,1206,1464076562373883470,,1493.0,1260.0
1464076562405632886,1207,1464076562400846360,,1494.0,1261.0
1464076562428880534,1208,1464076562425691583,,1494.0,1260.0
1464076562451281804,1209,1464076562448414296,,1493.0,1261.0
1464076562476068157,1210,1464076562471900604,,1494.0,1495.0
1464076562499541180,1211,1464076562497230023,,1493.0,1302.0
1464076562526998946,1212,1464076562524589637,,1493.0,1303.0
1464076562549946199,1213,1464076562547037065,,1493.0,1302.0
1464076562573939104,1214,1464076562570986052,,1494.0,1302.0
1464076562597408689,1215,1464076562595538226,,1493.0,1302.0
1464076562620689576,1216,1464076562617940798,,1493.0,1303.0
1464076562644585528,1217,1464076562641728543,,1493.0,1303.0
1464076562664597963,1218,1464076562659191579,,1494.0,1250.0
1464076562684323288,1219,1464076562681343353,,1494.0,1262.0
1464076562706800933,1220,1464076562704098262,,1494.0,1262.0
1464076562730916997,1221,1464076562726733762,,1493.0,1262.0
1464076562751935334,1222,1464076562748499753,,1493.0,1502.0
1464076562775207937,1223,1464076562769091410,,1494.0,1303.0
1464076562793765128,1224,1464076562791169622,,1494.0,1250.0
1464076562820228245,1225,1464076562815926592,,1493.0,1263.0
1464076562853013675,1226,1464076562838632998,,1493.0,1263.0
1464076562865050842,1227,1464076562859365944,,1493.0,1263.0
1464076562883593862,1228,1464076562880354012,,1494.0,1499.0
1464076562916634675,1229,1464076562903683767,,1493.0,1304.0
1464076562927183620,1230,1464076562924931281,,1494.0,1304.0
1464076562950676596,1231,1464076562947950950,,1494.0,1304.0
1464076562961273992,1232,1464076562956373633,,1493.0,1250.0
1464076562984050105,1233,1464076562981604379,,1493.0,1263.0
1464076563007632481,1234,1464076563005037600,,1493.0,1264.0
1464076563038679307,1235,1464076563033996560,,1494.0,1264.0
1464076563051725658,1236,1464076563046234876,,1494.0,1263.0
1464076563073521501,1237,1464076563060452904,,1494.0,1263.0
1464076563085286458,1238,1464076563080815540,,1493.0,1501.0
1464076563154431895,1239,1464076563109325053,,1495.0,1304.0
1464076563168586259,1240,1464076563134389087,,1494.0,1250.0
1464076563210918067,1241,1464076563155507608,,1494.0,1264.0
1464076563210953233,1242,1464076563177894915,,1494.0,1264.0
1464076563221646749,1243,1464076563207954855,,1493.0,1264.0
1464076563228829298,1244,1464076563226387897,,1493.0,1264.0
1464076563265051403,1245,1464076563259091221,,1493.0,1264.0
1464076563330349532,1246,1464076563320565380,,1493.0,1265.0
1464076563386298472,1247,1464076563347009429,,1493.0,1265.0
1464076563386399854,1248,1464076563368630953,,1493.0,1265.0
1464076563421820645,1249,1464076563393801475,,1494.0,1265.0
1464076563426772685,1250,1464076563414141083,,1494.0,1507.0
1464076563443405961,1251,1464076563425217621,,1494.0,1306.0
1464076563443899169,1252,1464076563438650485,,1494.0,1250.0
1464076563482918346,1253,1464076563452968905,,1494.0,1265.0
1464076563483285999,1254,1464076563477776202,,1494.0,1501.0
1464076563515362640,1255,1464076563512060013,,1493.0,1306.0
1464076563562321138,1256,1464076563556932467,,1493.0,1250.0
1464076563602531893,1257,1464076563593729366,,1493.0,1264.0
1464076563665211071,1258,1464076563615300355,,1493.0,1501.0
1464076563665704800,1259,1464076563634034834,,1493.0,1306.0
1464076563666122468,1260,1464076563655377218,,1493.0,1306.0
1464076563690315637,1261,1464076563685032516,,1494.0,1306.0
1464076563719535398,1262,1464076563713053509,,1493.0,1307.0
1464076563761742431,1263,1464076563740967911,,1493.0,1306.0
1464076563806628222,1264,1464076563764967485,,1493.0,1250.0
1464076563807098977,1265,1464076563783931455,,1493.0,1266.0
1464076563807861895,1266,1464076563805777572,,1493.0,1500.0
1464076563894531479,1267,1464076563822990330,,1493.0,1306.0
1464076563894918043,1268,1464076563845549612,,1494.0,1306.0
1464076563897364185,1269,1464076563865088896,,1494.0,1307.0
1464076563897825146,1270,1464076563882562143,,1494.0,1306.0
1464076563933068596,1271,1464076563898551179,,1493.0,1307.0
1464076563933470529,1272,1464076563919685485,,1493.0,1306.0
1464076563956308638,1273,1464076563944897007,,1494.0,1306.0
1464076564014906537,1274,1464076563954610931,,1493.0,1250.0
1464076564015203441,1275,1464076563962972243,,1493.0,1266.0
1464076564015489457,1276,1464076563981246283,,1493.0,1537.0
1464076564015946458,1277,1464076564001144416,,1494.0,1307.0
1464076564046818601,1278,1464076564021301005,,1494.0,1250.0
1464076564047204749,1279,1464076564041053942,,1494.0,1266.0
1464076564066463175,1280,1464076564062337820,,1494.0,1487.0
1464076564110118992,1281,1464076564082551509,,1493.0,1307.0
1464076564110566511,1282,1464076564101111513,,1493.0,1250.0
1464076564155519561,1283,1464076564122758304,,1494.0,1266.0
1464076564155961088,1284,1464076564141657933,,1493.0,1499.0
1464076564185342665,1285,1464076564162497887,,1493.0,1307.0
1464076564195406893,1286,1464076564182293961,,1494.0,1307.0
1464076564225612811,1287,1464076564202372716,,1493.0,1307.0
1464076564225975150,1288,1464076564224498546,,1493.0,1250.0
1464076564293899001,1289,1464076564241022573,,1493.0,1266.0
1464076564293936616,1290,1464076564261117114,,1493.0,1494.0
1464076564737546002,1291,1464076564294435190,,1493.0,1307.0
1464076564737827173,1292,1464076564316695692,,1493.0,1307.0
1464076564741428790,1293,1464076564337799052,,1494.0,1307.0
1464076564741758047,1294,1464076564358720905,,1493.0,1307.0
1464076564742035154,1295,1464076564380615941,,1493.0,1307.0
1464076564742643916,1296,1464076564400982953,,1493.0,1307.0
1464076564742919877,1297,1464076564422402963,,1493.0,1307.0
1464076564745760659,1298,1464076564442373720,,1493.0,1307.0
1464076564746107213,1299,1464076564464909819,,1493.0,1307.0
1464076564746403075,1300,1464076564484742412,,1489.0,1250.0
1464076564746671014,1301,1464076564505864945,,1494.0,1266.0
1464076564746926501,1302,1464076564525222460,,1493.0,1266.0
1464076564749995314,1303,1464076564546142801,,1493.0,1266.0
1464076564750322279,1304,1464076564567902332,,1493.0,1504.0
1464076564750614026,1305,1464076564589418514,,1494.0,1307.0
1464076564750880610,1306,1464076564610376939,,1493.0,1250.0
1464076564751126615,1307,1464076564630610112,,1493.0,1266.0
1464076564755124017,1308,1464076564651472521,,1493.0,1500.0
1464076564755424569,1309,1464076564672842048,,1493.0,1307.0
1464076564755678128,1310,1464076564693414325,,1493.0,1307.0
1464076564757226940,1311,1464076564714572648,,1493.0,1307.0
1464076564757775424,1312,1464076564734577529,,1494.0,1307.0
1464076564759234576,1313,1464076564755156474,,1494.0,1307.0
1464076564973802850,1314,1464076564777448078,,1494.0,1250.0
1464076564974116166,1315,1464076564796907549,,1493.0,1266.0
1464076564974370923,1316,1464076564818136777,,1493.0,1267.0
1464076564974662358,1317,1464076564839152665,,1493.0,1266.0
1464076564974930348,1318,1464076564859525252,,1493.0,1267.0
1464076564977211080,1319,1464076564881599140,,1493.0,1266.0
1464076564977539191,1320,1464076564902597627,,1493.0,1507.0
1464076564977831511,1321,1464076564923881767,,1493.0,1307.0
1464076564978105337,1322,1464076564945122821,,1493.0,1307.0
1464076564980517250,1323,1464076564966075151,,1494.0,1307.0
1464076566176599522,1324,1464076564986987781,,1493.0,1250.0
1464076566178025540,1325,1464076565006742281,,1493.0,1267.0
1464076566178326768,1326,1464076565028922865,,1494.0,1309.0
1464076566179734448,1327,1464076565048876117,,1494.0,1308.0
1464076566180075791,1328,1464076565069547900,,1493.0,1250.0
1464076566180342636,1329,1464076565091717387,,1493.0,1266.0
1464076566180588120,1330,1464076565111482671,,1493.0,1267.0
1464076566180836470,1331,1464076565134149326,,1493.0,1267.0
1464076566181124101,1332,1464076565155205434,,1493.0,1495.0
1464076566183713980,1333,1464076565177304694,,1493.0,1308.0
1464076566184065640,1334,1464076565197846181,,1493.0,1250.0
1464076566185548079,1335,1464076565218595069,,1493.0,1266.0
1464076566185857904,1336,1464076565240369239,,1493.0,1267.0
1464076566186115839,1337,1464076565260405691,,1494.0,1267.0
1464076566186391644,1338,1464076565281272892,,1493.0,1267.0
1464076566186682297,1339,1464076565302075441,,1493.0,1267.0
1464076566186939191,1340,1464076565323774903,,1494.0,1498.0
1464076566187187280,1341,1464076565344174580,,1493.0,1307.0
1464076566187452405,1342,1464076565365330611,,1494.0,1308.0
1464076566187685751,1343,1464076565385852301,,1493.0,1308.0
1464076566187943686,1344,1464076565406616089,,1493.0,1250.0
1464076566188186097,1345,1464076565427998328,,1494.0,1267.0
1464076566188437676,1346,1464076565447893804,,1493.0,1267.0
1464076566188698634,1347,1464076565469044208,,1493.0,1267.0
1464076566188964801,1348,1464076565486772369,,1494.0,1502.0
1464076566190456669,1349,1464076565508303243,,1493.0,1308.0
1464076566190774622,1350,1464076565530616050,,1494.0,1250.0
1464076566191048239,1351,1464076565551169520,,1493.0,1267.0
1464076566193766851,1352,1464076565570913183,,1495.0,1505.0
1464076566194089909,1353,1464076565597620846,,1495.0,1308.0
1464076566194355763,1354,1464076565617643128,,1494.0,1250.0
1464076566194631048,1355,1464076565637915322,,1493.0,1267.0
1464076566194904769,1356,1464076565657445333,,1494.0,1267.0
1464076566195172603,1357,1464076565678424961,,1494.0,1267.0
1464076566195439135,1358,1464076565734858983,,1494.0,1267.0
1464076566195712491,1359,1464076565764848904,,1493.0,1267.0
1464076566196009604,1360,1464076565785988056,,1494.0,1267.0
1464076566196301351,1361,1464076565815324151,,1493.0,1267.0
1464076566196623627,1362,1464076565842551384,,1494.0,1267.0
1464076566198325971,1363,1464076565864185567,,1493.0,1267.0
1464076566199784393,1364,1464076565888211711,,1493.0,1499.0
1464076566200143085,1365,1464076565912416967,,1493.0,1308.0
1464076566200434832,1366,1464076565933185340,,1493.0,1308.0
1464076566201826413,1367,1464076565957073946,,1493.0,1308.0
1464076566202219490,1368,1464076565986209986,,1494.0,1308.0
1464076566202531295,1369,1464076566014520694,,1494.0,1308.0
1464076566204249424,1370,1464076566048498431,,1494.0,1250.0
1464076566205765727,1371,1464076566087786224,,1493.0,1267.0
1464076566206084773,1372,1464076566119847183,,1493.0,1512.0
1464076566207772581,1373,1464076566150290510,,1494.0,1308.0
1464076566209464922,1374,1464076566184410318,,1493.0,1308.0
1464076566367611365,1375,1464076566218237909,,1493.0,1308.0
1464076566367881023,1376,1464076566241881396,,1493.0,1308.0
1464076566368158651,1377,1464076566264657248,,1494.0,1308.0
1464076566368417264,1378,1464076566286630483,,1493.0,1250.0
1464076566368665197,1379,1464076566306932581,,1493.0,1267.0
1464076566369062546,1380,1464076566327569459,,1493.0,1267.0
1464076566369471200,1381,1464076566346670914,,1494.0,1267.0
1464076566633556906,1382,1464076566369304436,,1494.0,1505.0
1464076566633821562,1383,1464076566389465662,,1493.0,1308.0
1464076566634078664,1384,1464076566410503952,,1493.0,1250.0
1464076566634373537,1385,1464076566428456758,,1493.0,1267.0
1464076566634648664,1386,1464076566448955837,,1493.0,1511.0
1464076566635043877,1387,1464076566464689126,,1493.0,1308.0
1464076566635317755,1388,1464076566485675787,,1494.0,1250.0
1464076566635572929,1389,1464076566505633676,,1494.0,1267.0
1464076566637682051,1390,1464076566527273382,,1494.0,1502.0
1464076566638001358,1391,1464076566549618647,,1493.0,1308.0
1464076566638250906,1392,1464076566571068874,,1493.0,1250.0
1464076566638771674,1393,1464076566587054836,,1493.0,1267.0
1464076566639042634,1394,1464076566605566650,,1494.0,1267.0
1464076566639392626,1395,1464076566625490519,,1493.0,1267.0
1464076566683636731,1396,1464076566645090757,,1493.0,1267.0
1464076566683987296,1397,1464076566665425468,,1493.0,1267.0
1464076566692441550,1398,1464076566686252972,,1494.0,1499.0
1464076566711149199,1399,1464076566709006526,,1493.0,1308.0
1464076566756441196,1400,1464076566728862720,,1493.0,1308.0
1464076566756803066,1401,1464076566749113242,,1492.0,1308.0
1464076566776361262,1402,1464076566772071123,,1493.0,1308.0
1464076566819671203,1403,1464076566790112442,,1493.0,1308.0
1464076566820036981,1404,1464076566812686937,,1493.0,1308.0
1464076566835754432,1405,1464076566833399200,,1494.0,1308.0
1464076566873161446,1406,1464076566854006122,,1493.0,1308.0
1464076566886514809,1407,1464076566874535262,,1493.0,1308.0
1464076566897521119,1408,1464076566895939330,,1494.0,1250.0
1464076566926059234,1409,1464076566916004279,,1494.0,1267.0
1464076566954765781,1410,1464076566936857571,,1493.0,1497.0
1464076566987317761,1411,1464076566957877419,,1493.0,1308.0
1464076566987371161,1412,1464076566976339219,,1493.0,1250.0
1464076567202183670,1413,1464076566996793338,,1493.0,1267.0
1464076567202475156,1414,1464076567016584149,,1493.0,1267.0
1464076567202729445,1415,1464076567036346307,,1493.0,1267.0
1464076567205234405,1416,1464076567056987249,,1493.0,1309.0
1464076567205778044,1417,1464076567079466769,,1493.0,1308.0
1464076567206070312,1418,1464076567098772447,,1493.0,1308.0
1464076567208573762,1419,1464076567119149097,,1493.0,1308.0
1464076567208639144,1420,1464076567140508882,,1493.0,1308.0
1464076567208675196,1421,1464076567159754544,,1494.0,1308.0
1464076567211099926,1422,1464076567180877858,,1493.0,1250.0
1464076567218909679,1423,1464076567201519945,,1493.0,1267.0
1464076567264301339,1424,1464076567221866743,,1494.0,1507.0
1464076567264409859,1425,1464076567246102789,,1494.0,1308.0
