%time,field.header.seq,field.header.stamp,field.header.frame_id,field.temperature,field.variance
1464076540899534888,314,1464076540868604813,,0.0,6.0
1464076541051839672,315,1464076540904219667,,0.0,6.0
1464076541051876557,316,1464076540933942118,,0.0,6.0
1464076541051911462,317,1464076540958866218,,0.0,6.0
1464076541051946055,318,1464076540987377398,,0.0,6.0
1464076541052020972,319,1464076541015797304,,0.0,6.0
1464076541198664509,320,1464076541037545060,,0.0,-6.0
1464076541200142937,321,1464076541069744756,,0.0,-6.0
1464076541200421608,322,1464076541096460651,,0.0,6.0
1464076541200704238,323,1464076541110455075,,0.0,6.0
1464076541200956807,324,1464076541137831829,,0.0,-6.0
1464076541203607484,325,1464076541176191814,,0.0,-6.0
1464076541250950932,326,1464076541219074658,,0.0,6.0
1464076541271857102,327,1464076541259993004,,0.0,6.0
1464076541290153127,328,1464076541282741608,,0.0,-6.0
1464076541347151680,329,1464076541313621253,,0.0,-6.0
1464076541347390027,330,1464076541328022925,,0.0,-6.0
1464076541347510320,331,1464076541333380754,,0.0,-6.0
1464076541387803337,332,1464076541360595484,,0.0,-6.0
1464076541388953966,333,1464076541376385455,,0.0,-6.0
1464076541431192258,334,1464076541426142327,,0.0,6.0
1464076541469099462,335,1464076541462511034,,0.0,6.0
1464076541482036096,336,1464076541470802171,,0.0,-6.0
1464076541521230581,337,1464076541501296345,,0.0,-6.0
1464076541527158463,338,1464076541513608536,,0.0,-6.0
1464076541552626983,339,1464076541534530388,,0.0,-6.0
1464076541574033343,340,1464076541556822461,,0.0,-6.0
1464076541574368748,341,1464076541567709832,,0.0,-6.0
1464076541644694146,342,1464076541598446000,,0.0,-6.0
1464076541644830850,343,1464076541629057342,,0.0,-6.0
1464076541674590916,344,1464076541656424978,,0.0,6.0
1464076541703624063,345,1464076541685107456,,0.0,6.0
1464076541749859236,346,1464076541712296658,,0.0,-6.0
1464076541749981614,347,1464076541737163606,,0.0,-6.0
1464076541797392110,348,1464076541759964205,,0.0,6.0
1464076541798168835,349,1464076541783979669,,0.0,6.0
1464076541798654958,350,1464076541792915618,,0.0,-6.0
1464076541812733520,351,1464076541797259522,,0.0,-6.0
1464076541846298175,352,1464076541833046090,,0.0,6.0
1464076541849175217,353,1464076541847190816,,0.0,6.0
1464076541880305868,354,1464076541878036963,,0.0,-6.0
1464076541914425363,355,1464076541902025075,,0.0,-6.0
1464076541958086390,356,1464076541923730320,,0.0,-6.0
1464076541958218771,357,1464076541950994439,,0.0,-6.0
1464076541996082056,358,1464076541984305534,,0.0,6.0
1464076542062200619,359,1464076542017736245,,0.0,6.0
1464076542062718001,360,1464076542046869055,,0.0,-6.0
1464076542139311530,361,1464076542079598376,,0.0,-6.0
1464076542139421195,362,1464076542109234866,,0.0,-6.0
1464076542151075809,363,1464076542139087978,,0.0,-6.0
1464076542405090305,364,1464076542167340494,,0.0,-6.0
1464076542405149123,365,1464076542195315850,,0.0,-6.0
1464076542405185800,366,1464076542219837339,,0.0,-6.0
1464076542405223884,367,1464076542242701496,,0.0,-6.0
1464076542405655304,368,1464076542266191347,,0.0,-6.0
1464076542405705370,369,1464076542288544218,,0.0,-6.0
1464076542405739963,370,1464076542319096637,,0.0,6.0
1464076542406005922,371,1464076542346129911,,0.0,6.0
1464076542406045568,372,1464076542365323787,,0.0,6.0
1464076542406539714,373,1464076542386731554,,0.0,6.0
1464076543286790528,374,1464076542411543644,,0.0,-6.0
1464076543286841584,375,1464076542433016585,,0.0,-6.0
1464076543287121922,376,1464076542451256709,,0.0,6.0
1464076543287496556,377,1464076542474044544,,0.0,6.0
1464076543287546414,378,1464076542498163109,,0.0,-6.0
1464076543287590697,379,1464076542518480368,,0.0,-6.0
1464076543287622945,380,1464076542537643611,,0.0,-6.0
1464076543289393068,381,1464076542559784236,,0.0,-6.0
1464076543289459596,382,1464076542584099730,,0.0,-6.0
1464076543289518363,383,1464076542603854178,,0.0,-6.0
1464076543289957650,384,1464076542626419190,,0.0,6.0
1464076543290001516,385,1464076542645413585,,0.0,6.0
1464076543290121497,386,1464076542665197103,,0.0,6.0
1464076543296405623,387,1464076542685854143,,0.0,6.0
1464076543296820737,388,1464076542707438781,,0.0,6.0
1464076543296871688,389,1464076542726297045,,0.0,6.0
1464076543296909095,390,1464076542747420671,,0.0,-6.0
1464076543296954941,391,1464076542768513612,,0.0,-6.0
1464076543297255075,392,1464076542795938347,,0.0,-6.0
1464076543297303839,393,1464076542820420033,,0.0,-6.0
1464076543297347861,394,1464076542836473098,,0.0,6.0
1464076543297592460,395,1464076542853054484,,0.0,6.0
1464076543297798402,396,1464076542881166180,,0.0,-6.0
1464076543297906713,397,1464076542900532499,,0.0,-6.0
1464076543298114166,398,1464076542921817056,,0.0,6.0
1464076543298156209,399,1464076542943735849,,0.0,6.0
1464076543298578825,400,1464076542964230812,,0.0,6.0
1464076543298629724,401,1464076542985121719,,0.0,6.0
1464076543298667756,402,1464076543011413747,,0.0,-6.0
1464076543298716207,403,1464076543034228255,,0.0,-6.0
1464076543300775263,404,1464076543053574778,,0.0,6.0
1464076543300836582,405,1464076543074111524,,0.0,6.0
1464076543300876280,406,1464076543095642398,,0.0,6.0
1464076543300916083,407,1464076543115267643,,0.0,6.0
1464076543301281600,408,1464076543139195739,,0.0,6.0
1464076543301563553,409,1464076543159430683,,0.0,6.0
1464076543301618307,410,1464076543183826512,,0.0,-6.0
1464076543301967049,411,1464076543204971186,,0.0,-6.0
1464076543302539394,412,1464076543229486684,,0.0,-6.0
1464076543303033749,413,1464076543249768828,,0.0,-6.0
1464076543304340463,414,1464076543288042904,,0.0,6.0
1464076543489014364,415,1464076543330967427,,0.0,6.0
1464076543489491526,416,1464076543341706893,,0.0,6.0
1464076543489933471,417,1464076543351824886,,0.0,6.0
1464076543490205421,418,1464076543368315362,,0.0,-6.0
1464076543490442569,419,1464076543407763824,,0.0,-6.0
1464076543490487530,420,1464076543435304269,,0.0,6.0
1464076543490990481,421,1464076543457267501,,0.0,6.0
1464076543491345630,422,1464076543482030098,,0.0,-6.0
1464076543510786971,423,1464076543505292073,,0.0,-6.0
1464076543538229993,424,1464076543532874196,,0.0,6.0
1464076543563496791,425,1464076543557323477,,0.0,6.0
1464076543586337765,426,1464076543580207692,,0.0,6.0
1464076543610460498,427,1464076543605778845,,0.0,6.0
1464076543635897603,428,1464076543629666878,,0.0,6.0
1464076543659187034,429,1464076543653326619,,0.0,6.0
1464076543689353514,430,1464076543683372128,,0.0,6.0
1464076543711378951,431,1464076543708147801,,0.0,6.0
1464076543737714480,432,1464076543732267669,,0.0,6.0
1464076543761040067,433,1464076543757513419,,0.0,6.0
1464076543786193605,434,1464076543780692976,,0.0,-6.0
1464076543816315801,435,1464076543810789853,,0.0,-6.0
1464076543844876006,436,1464076543839833733,,0.0,-6.0
1464076543870427101,437,1464076543862646001,,0.0,-6.0
1464076543891954067,438,1464076543888483268,,0.0,-6.0
1464076543927551417,439,1464076543924112918,,0.0,-6.0
1464076543955990911,440,1464076543949620929,,0.0,6.0
1464076543981500797,441,1464076543977558149,,0.0,6.0
1464076544013194832,442,1464076544005471352,,0.0,-6.0
1464076544022415599,443,1464076544019900167,,0.0,-6.0
1464076544036645089,444,1464076544030854224,,0.0,-6.0
1464076544046131345,445,1464076544042041887,,0.0,-6.0
1464076544123479926,446,1464076544064861448,,0.0,-6.0
1464076544124005800,447,1464076544086588001,,0.0,-6.0
1464076544124306664,448,1464076544096147090,,0.0,6.0
1464076544124751943,449,1464076544115202752,,0.0,6.0
1464076544147679711,450,1464076544139702464,,0.0,6.0
1464076544173432216,451,1464076544155647946,,0.0,6.0
1464076544247734645,452,1464076544208463055,,0.0,-6.0
1464076544268104366,453,1464076544245739305,,0.0,-6.0
1464076544293934236,454,1464076544287358051,,0.0,6.0
1464076544352388606,455,1464076544333591505,,0.0,6.0
1464076544414986355,456,1464076544371004042,,0.0,-6.0
1464076544415106649,457,1464076544405003191,,0.0,-6.0
1464076544500907087,458,1464076544437524694,,0.0,6.0
1464076544501179610,459,1464076544445699340,,0.0,6.0
1464076544502809068,460,1464076544459847713,,0.0,-6.0
1464076544504175122,461,1464076544479479939,,0.0,-6.0
1464076544528149949,462,1464076544501609363,,0.0,6.0
1464076544550041287,463,1464076544543667241,,0.0,6.0
1464076544614754671,464,1464076544585275620,,0.0,6.0
1464076544614961290,465,1464076544590212552,,0.0,6.0
1464076544615067934,466,1464076544602741260,,0.0,6.0
1464076544637926674,467,1464076544626868943,,0.0,6.0
1464076544670943834,468,1464076544665998098,,0.0,-6.0
1464076544722579087,469,1464076544690198456,,0.0,-6.0
1464076544847472003,470,1464076544712619992,,0.0,-6.0
1464076544847510295,471,1464076544731608395,,0.0,-6.0
1464076544847544888,472,1464076544750204764,,0.0,-6.0
1464076544847579168,473,1464076544769785726,,0.0,-6.0
1464076544847615011,474,1464076544790806772,,0.0,-6.0
1464076544848241746,475,1464076544813390123,,0.0,-6.0
1464076544848309265,476,1464076544830510877,,0.0,-6.0
1464076544963106798,477,1464076544849255150,,0.0,-6.0
1464076544963369735,478,1464076544867443594,,0.0,6.0
1464076544963650854,479,1464076544886178750,,0.0,6.0
1464076544963904726,480,1464076544904472119,,0.0,-6.0
1464076544964186366,481,1464076544922815709,,0.0,-6.0
1464076544964628259,482,1464076544941838132,,0.0,6.0
1464076544964997371,483,1464076544961983312,,0.0,6.0
1464076545084980029,484,1464076544980231980,,0.0,6.0
1464076545085242445,485,1464076544997623538,,0.0,6.0
1464076545085516218,486,1464076545018137309,,0.0,-6.0
1464076545085807028,487,1464076545040006505,,0.0,-6.0
1464076545086246263,488,1464076545057712576,,0.0,-6.0
1464076545086638350,489,1464076545078890332,,0.0,-6.0
1464076545184488823,490,1464076545098792685,,0.0,-6.0
1464076545184763691,491,1464076545117404109,,0.0,-6.0
1464076545185194382,492,1464076545144482396,,0.0,6.0
1464076545186502711,493,1464076545179939081,,0.0,6.0
1464076545253393986,494,1464076545224641385,,0.0,-6.0
1464076545307372645,495,1464076545268029733,,0.0,-6.0
1464076545326618254,496,1464076545314289965,,0.0,-6.0
1464076545370111683,497,1464076545359231866,,0.0,-6.0
1464076545426372741,498,1464076545415497508,,0.0,6.0
1464076545481831130,499,1464076545464162725,,0.0,6.0
1464076545514985099,500,1464076545508231000,,0.0,6.0
1464076545563351640,501,1464076545556421764,,0.0,6.0
1464076545613361133,502,1464076545607455080,,0.0,6.0
1464076545664562777,503,1464076545656744428,,0.0,6.0
1464076545723292535,504,1464076545710556061,,0.0,-6.0
1464076545784170280,505,1464076545763371691,,0.0,-6.0
1464076545816873240,506,1464076545807630383,,0.0,6.0
1464076545876622810,507,1464076545831670385,,0.0,6.0
1464076545882715893,508,1464076545855242863,,0.0,-6.0
1464076545883630207,509,1464076545877711234,,0.0,-6.0
1464076545932210765,510,1464076545892059871,,0.0,6.0
1464076545932632965,511,1464076545907785397,,0.0,6.0
1464076545937672425,512,1464076545930013129,,0.0,6.0
1464076545957927062,513,1464076545943778220,,0.0,6.0
1464076545978648494,514,1464076545970982739,,0.0,6.0
1464076545990588551,515,1464076545983651486,,0.0,6.0
1464076546021274653,516,1464076546003838292,,0.0,-6.0
1464076546047528963,517,1464076546035572703,,0.0,-6.0
1464076546103557769,518,1464076546069180964,,0.0,6.0
1464076546104454318,519,1464076546093941685,,0.0,6.0
1464076546179012130,520,1464076546123758381,,0.0,-6.0
1464076546180978609,521,1464076546136765398,,0.0,-6.0
1464076546181036021,522,1464076546157841876,,0.0,-6.0
1464076546181406591,523,1464076546167373406,,0.0,-6.0
1464076546197758227,524,1464076546187918800,,0.0,-6.0
1464076546247825288,525,1464076546207149822,,0.0,-6.0
1464076546277988226,526,1464076546246256315,,0.0,6.0
1464076546285162179,527,1464076546279345474,,0.0,6.0
1464076546314189075,528,1464076546310781105,,0.0,-6.0
1464076546349664359,529,1464076546340846933,,0.0,-6.0
1464076546388942149,530,1464076546377062525,,0.0,6.0
1464076546418093037,531,1464076546411297312,,0.0,6.0
1464076546467033017,532,1464076546451791322,,0.0,-6.0
1464076546524451477,533,1464076546481384832,,0.0,-6.0
1464076546526455570,534,1464076546514813772,,0.0,-6.0
1464076546571109943,535,1464076546541759678,,0.0,-6.0
1464076546572794834,536,1464076546568307141,,0.0,6.0
1464076546600648542,537,1464076546591667685,,0.0,6.0
1464076546622646263,538,1464076546616902130,,0.0,-6.0
1464076546646841308,539,1464076546641319580,,0.0,-6.0
1464076546678892473,540,1464076546672378284,,0.0,6.0
1464076546754581274,541,1464076546700937134,,0.0,6.0
1464076546757257792,542,1464076546727951184,,0.0,-6.0
1464076546853434262,543,1464076546756470856,,0.0,-6.0
1464076546853805719,544,1464076546780745037,,0.0,-6.0
1464076546854480436,545,1464076546815641465,,0.0,-6.0
1464076546856456292,546,1464076546844995950,,0.0,-6.0
1464076547138768316,547,1464076546875518674,,0.0,-6.0
1464076547139095594,548,1464076546901284464,,0.0,6.0
1464076547139385465,549,1464076546931070682,,0.0,6.0
1464076547139663354,550,1464076546959112984,,0.0,6.0
1464076547139956768,551,1464076546985668939,,0.0,6.0
1464076547140259143,552,1464076547014761321,,0.0,-6.0
1464076547140524789,553,1464076547036773942,,0.0,-6.0
1464076547140786424,554,1464076547053573514,,0.0,-6.0
1464076547141601075,555,1464076547073941307,,0.0,-6.0
1464076547152074426,556,1464076547094081746,,0.0,-6.0
1464076547152205191,557,1464076547114732482,,0.396665394306,-6.0
1464076547153399270,558,1464076547136557551,,0.894776821136,6.0
1464076547270419707,559,1464076547157044596,,1.30986964703,6.0
1464076547271681200,560,1464076547191638909,,1.79531931877,-6.0
1464076547272271362,561,1464076547230522893,,2.23149037361,-6.0
1464076547272654384,562,1464076547269531077,,2.59496617317,6.0
1464076547310669118,563,1464076547299692243,,2.95580291748,6.0
1464076547349295322,564,1464076547343751348,,3.30768251419,6.0
1464076547404504840,565,1464076547381423279,,3.62328672409,6.0
1464076547462905133,566,1464076547419572529,,3.90386247635,6.0
1464076547463053298,567,1464076547426603735,,4.13767528534,6.0
1464076547463207143,568,1464076547447004454,,4.31494760513,6.0
1464076547500708871,569,1464076547466849343,,4.48024654388,6.0
1464076547500920179,570,1464076547489384191,,4.61799526215,-6.0
1464076547520586633,571,1464076547512000729,,4.73880290985,-6.0
1464076547540626524,572,1464076547528877301,,4.83947563171,6.0
1464076547561151704,573,1464076547546812185,,4.92336988449,6.0
1464076547582377911,574,1464076547567185917,,4.99328184128,-6.0
1464076547711156063,575,1464076547596658248,,5.05154180527,-6.0
1464076547711489853,576,1464076547622400333,,5.1000919342,-6.0
1464076547712070325,577,1464076547653948703,,5.14055013657,-6.0
1464076547712702947,578,1464076547676245882,,5.17426538467,6.0
1464076547713182194,579,1464076547700904492,,5.20236158371,6.0
1464076548361579194,580,1464076547723360255,,5.23187398911,-6.0
1464076548363310348,581,1464076547743689809,,5.26891994476,-6.0
1464076548363563959,582,1464076547765474711,,5.29979133606,-6.0
1464076548363626685,583,1464076547791895421,,5.33187437057,-6.0
1464076548363663570,584,1464076547814422454,,5.3586101532,6.0
1464076548363883474,585,1464076547837191533,,5.38088989258,6.0
1464076548364099628,586,1464076547863835377,,5.39945650101,-6.0
1464076548364140420,587,1464076547885237570,,5.41492891312,-6.0
1464076548364415704,588,1464076547905246358,,5.42782258987,-6.0
1464076548365775401,589,1464076547930793806,,5.43856716156,-6.0
1464076548365821872,590,1464076547951415888,,5.47386264801,6.0
1464076548366089238,591,1464076547976646374,,5.50327587128,6.0
1464076548366384163,592,1464076547998982990,,5.52778673172,6.0
1464076548367977882,593,1464076548020235975,,5.5218706131,6.0
1464076548368033054,594,1464076548038762272,,5.52338695526,-6.0
1464076548368069001,595,1464076548059287713,,5.54454612732,-6.0
1464076548368241184,596,1464076548081531908,,5.56217861176,6.0
1464076548368283748,597,1464076548103616112,,5.57014608383,6.0
1464076548368532931,598,1464076548123046095,,5.57678556442,6.0
1464076548369914926,599,1464076548147625099,,5.56270313263,6.0
1464076548370353328,600,1464076548169003639,,5.57730960846,-6.0
1464076548370415845,601,1464076548187053347,,5.58948135376,-6.0
1464076548370692484,602,1464076548205543071,,5.59962463379,6.0
1464076548370980376,603,1464076548236001871,,5.60807752609,6.0
1464076548373711336,604,1464076548259681253,,5.61512136459,6.0
1464076548373774478,605,1464076548282024955,,5.62099123001,6.0
1464076548373818553,606,1464076548305420092,,5.62588310242,6.0
1464076548373856792,607,1464076548327962077,,5.63678359985,6.0
1464076548373892635,608,1464076548354972011,,5.63904333115,6.0
1464076549297089488,609,1464076548382041597,,5.63420009613,6.0
1464076549299987109,610,1464076548407270728,,5.66479349136,-6.0
1464076549300256193,611,1464076548436293716,,5.66238498688,-6.0
1464076549300526684,612,1464076548456905014,,5.68115091324,6.0
1464076549300784359,613,1464076548483454144,,5.70391893387,6.0
1464076549304425205,614,1464076548508522971,,5.69498920441,6.0
1464076549304783793,615,1464076548539799288,,5.70832109451,6.0
1464076549305042510,616,1464076548565407221,,5.6986579895,-6.0
1464076549306207519,617,1464076548594756445,,5.72574424744,-6.0
1464076549306453680,618,1464076548625908300,,5.74108028412,6.0
1464076549306721514,619,1464076548650436197,,5.7538599968,6.0
1464076549306978252,620,1464076548675559778,,5.76451015472,-6.0
1464076549307239052,621,1464076548705400179,,5.77338504791,-6.0
1464076549307489486,622,1464076548735432455,,5.78078079224,-6.0
1464076549307761696,623,1464076548760855546,,5.77981424332,-6.0
1464076549308037241,624,1464076548793867913,,5.80817556381,6.0
1464076549308305752,625,1464076548822432963,,5.80977296829,6.0
1464076549308570565,626,1464076548848327277,,5.80397462845,-6.0
1464076549309711608,627,1464076548877499785,,5.83587884903,-6.0
1464076549310031019,628,1464076548906215710,,5.83285903931,6.0
1464076549310280775,629,1464076548931997181,,5.85994911194,6.0
1464076549310547307,630,1464076548961285554,,5.88252449036,6.0
1464076549310805399,631,1464076548986729536,,5.87173032761,6.0
1464076549312220267,632,1464076549015626656,,5.89234209061,-6.0
1464076549314725123,633,1464076549041026251,,5.91720533371,-6.0
1464076549316665345,634,1464076549070943652,,5.90063095093,-6.0
1464076549316996790,635,1464076549095989348,,5.90885591507,-6.0
1464076549317257643,636,1464076549118039844,,5.91571044922,6.0
1464076549317551162,637,1464076549144339530,,5.92142248154,6.0
1464076549317832906,638,1464076549171738581,,5.93375205994,6.0
1464076549318095113,639,1464076549200699521,,5.94402694702,6.0
1464076549318345807,640,1464076549227799688,,5.95258903503,-6.0
1464076549320122755,641,1464076549260480714,,5.95972442627,-6.0
1464076549326037247,642,1464076549286347521,,5.97335720062,-6.0
1464076549327333489,643,1464076549309003601,,6.01668357849,-6.0
1464076550087639832,644,1464076549340540197,,6.04460859299,6.0
1464076550087912043,645,1464076549366058835,,6.02883768082,6.0
1464076550088153828,646,1464076549391073585,,6.02326488495,6.0
1464076550088406762,647,1464076549417245423,,6.02630758286,6.0
1464076550088647506,648,1464076549445646730,,6.05262851715,6.0
1464076550088923884,649,1464076549471862070,,6.04309082031,6.0
1464076550090254823,650,1464076549498947910,,6.03514242172,6.0
1464076550090581892,651,1464076549529007955,,6.02851867676,6.0
1464076550090841755,652,1464076549558051834,,6.03068590164,6.0
1464076550091085625,653,1464076549585588319,,6.02480506897,6.0
1464076550092937072,654,1464076549609413626,,6.05955696106,6.0
1464076550094128233,655,1464076549640629822,,6.08033657074,6.0
1464076550094459887,656,1464076549668381679,,6.06618070602,6.0
1464076550094752780,657,1464076549695567964,,6.08585643768,6.0
1464076550095025355,658,1464076549725831085,,6.07078075409,6.0
1464076550095304859,659,1464076549752053875,,6.05821752548,6.0
1464076550095589260,660,1464076549778393156,,6.07922029495,6.0
1464076550095850426,661,1464076549813040087,,6.08867025375,6.0
1464076550096121021,662,1464076549839766610,,6.09654521942,-6.0
1464076550096400785,663,1464076549866107402,,6.10310792923,-6.0
1464076550096687739,664,1464076549895364881,,6.07758712769,-6.0
1464076550096935464,665,1464076549928132181,,6.09536170959,12.9600000381
1464076550097160682,666,1464076549941222190,,6.11017370224,18.0
1464076550097426953,667,1464076549956211524,,6.12251710892,18.0
1464076550097685254,668,1464076549984202249,,6.124751091,21.7600002289
1464076550097937875,669,1464076550019775164,,6.11087942123,21.8400001526
1464076550098200500,670,1464076550055497184,,6.12310504913,21.7600002289
1464076550099740715,671,1464076550085063707,,6.13329315186,8.39999961853
1464076550511492063,672,1464076550114635179,,6.14996337891,-6.0
1464076550511764794,673,1464076550135655548,,6.15567541122,-6.0
1464076550512005016,674,1464076550155855847,,6.16043519974,-6.0
1464076550512523284,675,1464076550176122050,,6.15634918213,-6.0
1464076550512904222,676,1464076550196221488,,6.12952470779,6.0
1464076550514210519,677,1464076550216496235,,6.13059043884,6.0
1464076550514489606,678,1464076550237819344,,6.13147878647,6.0
1464076550514746604,679,1464076550257414737,,6.14027118683,6.0
1464076550515004800,680,1464076550275235683,,6.1475982666,-6.0
1464076550515295870,681,1464076550296773538,,6.15370416641,-6.0
1464076550515565528,682,1464076550318968918,,6.16697263718,-6.0
1464076550515831695,683,1464076550340685155,,6.16984939575,-6.0
1464076550516127974,684,1464076550369258072,,6.19718313217,9.35999965668
1464076550516425087,685,1464076550391127112,,6.16355276108,22.1599998474
1464076550516724492,686,1464076550410196058,,6.13552761078,22.1599998474
1464076550516984512,687,1464076550430045427,,6.16858148575,21.7600002289
1464076550517247084,688,1464076550450100322,,6.17119026184,21.7600002289
1464076550517735135,689,1464076550469389641,,6.18154430389,22.2399997711
1464076550518175413,690,1464076550494586472,,6.20692873001,22.3999996185
1464076550661391497,691,1464076550516722044,,6.20314645767,22.3199996948
1464076550662539469,692,1464076550543007872,,6.22493076324,22.4799995422
1464076550662838353,693,1464076550561950482,,6.24308443069,22.3999996185
1464076550663180479,694,1464076550580781810,,6.25821208954,22.3999996185
1464076550663577098,695,1464076550600601224,,6.23783016205,22.3999996185
1464076550664000704,696,1464076550635011059,,6.25383377075,22.4799995422
1464076550688806803,697,1464076550674824152,,6.2757525444,22.0799999237
1464076550701854404,698,1464076550685407794,,6.28543567657,22.5599994659
1464076550737096864,699,1464076550727172935,,6.26051664352,22.4799995422
1464076550870750838,700,1464076550772435966,,6.24780273438,23.1200008392
1464076550871000854,701,1464076550779849412,,6.23720788956,22.3999996185
1464076550871263531,702,1464076550791647347,,6.22837877274,22.3999996185
1464076550871785602,703,1464076550811161468,,6.22920131683,22.3999996185
1464076550871850463,704,1464076550847056347,,6.25522565842,22.4799995422
1464076550891462476,705,1464076550872868243,,6.2683300972,22.4799995422
1464076550898290136,706,1464076550895015433,,6.25431394577,22.4799995422
1464076550926319257,707,1464076550907036397,,6.24263381958,23.2800006866
1464076550926654557,708,1464076550913628941,,6.23290061951,22.4799995422
1464076550940272941,709,1464076550932268603,,6.25830841064,22.4799995422
1464076550989110028,710,1464076550963520642,,6.28820466995,22.6399993896
1464076550993668887,711,1464076550988657300,,6.29581260681,22.4799995422
1464076551237987642,712,1464076551011825395,,6.31073522568,22.4799995422
1464076551238039791,713,1464076551032770274,,6.31458806992,22.4799995422
1464076551238076729,714,1464076551053904581,,6.32638120651,22.3999996185
1464076551238118667,715,1464076551076018792,,6.30269002914,21.6000003815
1464076551238169723,716,1464076551095898118,,6.28294754028,22.3999996185
1464076551238216038,717,1464076551115306168,,6.26649522781,22.3999996185
1464076551238258185,718,1464076551134769962,,6.27772140503,22.4799995422
1464076551238289912,719,1464076551153670737,,6.29565906525,22.4799995422
1464076551238317941,720,1464076551169724322,,6.31060695648,23.1200008392
1464076551238357431,721,1464076551189791929,,6.31448125839,22.3999996185
1464076551238940248,722,1464076551209978631,,6.31770944595,18.6399993896
1464076551239594855,723,1464076551228821213,,6.32898235321,18.6399993896
1464076551282966271,724,1464076551249103357,,6.34709978104,-7.76000022888
1464076551283343667,725,1464076551270415577,,6.34489154816,9.19999980927
1464076551318335277,726,1464076551290574876,,6.34305143356,9.43999958038
1464076551318688343,727,1464076551309750466,,6.35010051727,6.0
1464076551333241254,728,1464076551330102422,,6.31440401077,6.0
1464076551400790731,729,1464076551350084432,,6.31764507294,6.0
1464076551400827252,730,1464076551366370581,,6.32892894745,6.0
1464076551400863303,731,1464076551384327815,,6.33833217621,6.0
1464076551449737641,732,1464076551403127104,,6.3548913002,-6.0
1464076551449937175,733,1464076551420935599,,6.36869049072,-6.0
1464076551450039390,734,1464076551441557368,,6.36288404465,6.0
1464076551532479997,735,1464076551475699838,,6.36662769318,6.0
1464076551535823209,736,1464076551503999867,,6.3697476387,-6.0
1464076551536280887,737,1464076551526138929,,6.37234735489,-6.0
1464076551572693461,738,1464076551549361883,,6.36593151093,-6.0
1464076551573097426,739,1464076551569891075,,6.36916732788,-6.0
1464076551595908340,740,1464076551589170704,,6.37186384201,-6.0
1464076551612422260,741,1464076551609791119,,6.38283443451,-6.0
1464076551725475720,742,1464076551629668465,,6.38325309753,-6.0
1464076551725738448,743,1464076551648639051,,6.37501955032,-6.0
1464076551726009512,744,1464076551671348478,,6.38546419144,-6.0
1464076551726489228,745,1464076551689566930,,6.38544464111,-6.0
1464076551726847712,746,1464076551709621148,,6.38542842865,6.0
1464076551737323147,747,1464076551725927928,,6.38541507721,6.0
1464076551767565325,748,1464076551746635450,,6.38540363312,-6.0
1464076551771944186,749,1464076551767462588,,6.38539409637,-6.0
1464076551814747269,750,1464076551787568956,,6.38538646698,-6.0
1464076551815140763,751,1464076551810806549,,6.38537979126,-6.0
1464076551930877357,752,1464076551829603962,,6.37679195404,6.0
1464076551931152380,753,1464076551849363880,,6.37821769714,6.0
1464076551931424747,754,1464076551868755363,,6.37082338333,-6.0
1464076551931919102,755,1464076551887140944,,6.36466121674,-6.0
1464076551932428878,756,1464076551905848854,,6.4132027626,-6.0
1464076551954548455,757,1464076551950646808,,6.44433259964,-6.0
1464076552000315687,758,1464076551984048710,,6.47027397156,-6.0
1464076552000416809,759,1464076551988601005,,6.49189186096,-6.0
1464076552023997570,760,1464076552018492773,,6.47413444519,6.0
1464076552050845219,761,1464076552043033955,,6.45075416565,6.0
1464076552077468693,762,1464076552063477134,,6.43127059937,-6.0
1464076552101967467,763,1464076552084274212,,6.41503429413,-6.0
1464076552102436346,764,1464076552092668658,,6.41008663177,6.0
1464076552128980579,765,1464076552125675971,,6.40596342087,6.0
1464076552167010629,766,1464076552147314792,,6.40252733231,6.0
1464076552167059080,767,1464076552153019070,,6.39966392517,6.0
1464076552179948513,768,1464076552170656320,,6.39727783203,-6.0
1464076552189189754,769,1464076552186638584,,6.43106174469,-6.0
1464076552229685796,770,1464076552224640345,,6.43216609955,6.0
1464076552270025493,771,1464076552252881399,,6.42436313629,6.0
1464076552280405276,772,1464076552276084816,,6.41786050797,-6.0
1464076552342931079,773,1464076552300807871,,6.45753574371,-6.0
1464076552344796541,774,1464076552339708421,,6.43692159653,6.0
1464076552398858191,775,1464076552387365080,,6.42832565308,6.0
1464076552439268584,776,1464076552432742777,,6.44776821136,-6.0
1464076552498589859,777,1464076552492788887,,6.46397018433,-6.0
1464076552550200887,778,1464076552543722645,,6.45086622238,-6.0
1464076552603894050,779,1464076552557998189,,6.43994617462,-6.0
1464076552613590886,780,1464076552610776413,,6.42226362228,6.0
1464076552655523312,781,1464076552651224212,,6.40752840042,6.0
1464076552693206340,782,1464076552681132392,,6.39524888992,6.0
1464076552737304727,783,1464076552712985534,,6.4202041626,6.0
1464076552778723210,784,1464076552750277569,,6.45016717911,-6.0
1464076552811861706,785,1464076552772262369,,6.46596956253,-6.0
1464076552812000025,786,1464076552798821190,,6.48830461502,-6.0
1464076552847633687,787,1464076552830864592,,6.49775075912,-6.0
1464076552887544620,788,1464076552861140165,,6.50562238693,-6.0
1464076552896602842,789,1464076552866577286,,6.51218223572,-6.0
1464076552896702921,790,1464076552877563435,,6.5176486969,-6.0
1464076552921277029,791,1464076552914778938,,6.49559831619,-6.0
1464076552962771053,792,1464076552951237879,,6.48594617844,6.0
1464076552984466556,793,1464076552968597865,,6.46917963028,6.0
1464076552984673540,794,1464076552975511800,,6.44662475586,6.0
1464076553053706863,795,1464076552999503715,,6.47218418121,6.0
1464076553054355896,796,1464076553019777681,,6.4934835434,6.0
1464076553055020089,797,1464076553034912940,,6.51123332977,6.0
1464076553080081362,798,1464076553077591510,,6.51685810089,6.0
1464076553130548481,799,1464076553112958744,,6.49493980408,6.0
1464076553140125596,800,1464076553117668009,,6.47667455673,6.0
1464076553150774569,801,1464076553138100351,,6.46145343781,6.0
1464076553173135254,802,1464076553161256620,,6.44018650055,-6.0
1464076553213059993,803,1464076553181078899,,6.4310464859,-6.0
1464076553269099479,804,1464076553201690457,,6.43215322495,-6.0
1464076553269332095,805,1464076553227525328,,6.46944618225,-6.0
1464076553269851144,806,1464076553243456223,,6.5005235672,6.0
1464076553270416873,807,1464076553262442647,,6.48132753372,6.0
1464076553301148300,808,1464076553278621475,,6.46533060074,6.0
1464076553313847160,809,1464076553299438090,,6.45200014114,6.0
1464076553372338050,810,1464076553321750324,,6.44089126587,-6.0
1464076553373155879,811,1464076553343773573,,6.45823955536,-6.0
1464076553373769694,812,1464076553366696132,,6.44609069824,-6.0
1464076553409956372,813,1464076553385196120,,6.44469022751,-6.0
1464076553409990600,814,1464076553404493514,,6.44352293015,-6.0
1464076553431467657,815,1464076553424538094,,6.44255018234,-6.0
1464076553476263684,816,1464076553448080563,,6.4330163002,6.0
1464076553476443682,817,1464076553469790549,,6.43379449844,6.0
1464076553504049926,818,1464076553479893433,,6.43444299698,6.0
1464076553504546104,819,1464076553502753319,,6.45286607742,6.0
1464076553571924857,820,1464076553529931216,,6.43303012848,6.0
1464076553572229629,821,1464076553544095948,,6.4250831604,6.0
1464076553572625883,822,1464076553560363394,,6.41846036911,6.0
1464076553612428140,823,1464076553591517489,,6.43954706192,6.0
1464076553638322767,824,1464076553621928776,,6.45711946487,6.0
1464076553651131397,825,1464076553644934118,,6.43657493591,6.0
1464076553686045590,826,1464076553672718536,,6.45464277267,6.0
1464076553747774038,827,1464076553696725039,,6.43451070786,6.0
1464076553748230830,828,1464076553721569638,,6.47141075134,-6.0
1464076553748281781,829,1464076553746020899,,6.502161026,-6.0
1464076553775591381,830,1464076553772692875,,6.47410964966,6.0
1464076553840867003,831,1464076553800850990,,6.45931577682,6.0
1464076553841777358,832,1464076553826268923,,6.47359323502,6.0
1464076553867351793,833,1464076553851026622,,6.48549127579,6.0
1464076553883028816,834,1464076553878111786,,6.49540615082,-6.0
1464076553945017387,835,1464076553902768259,,6.47706317902,-6.0
1464076553945076206,836,1464076553910264854,,6.46177721024,12.0
1464076553945636933,837,1464076553936585119,,6.49413299561,-6.0
1464076553974088410,838,1464076553968702604,,6.47600221634,-6.0
1464076554020266380,839,1464076553994458808,,6.48749876022,-6.0
1464076554020352497,840,1464076554001693820,,6.49707889557,-6.0
1464076554020390841,841,1464076554010459774,,6.47845697403,-6.0
1464076554045298530,842,1464076554037548845,,6.46293878555,6.0
1464076554077649777,843,1464076554052290350,,6.48577928543,6.0
1464076554086982190,844,1464076554083541920,,6.46904039383,-6.0
1464076554111792716,845,1464076554108043195,,6.48169708252,-6.0
1464076554142643291,846,1464076554138525543,,6.49224424362,6.0
1464076554165522765,847,1464076554160300651,,6.50103378296,6.0
1464076554200338441,848,1464076554179487702,,6.47317028046,6.0
1464076554200718858,849,1464076554192765002,,6.44995069504,6.0
1464076554221479937,850,1464076554210122905,,6.43060064316,6.0
1464076554245615694,851,1464076554235478998,,6.46815252304,6.0
1464076554268777121,852,1464076554264910901,,6.49012374878,-6.0
1464076554295977160,853,1464076554291724635,,6.49926662445,-6.0
1464076554338631556,854,1464076554309625499,,6.50688552856,-6.0
1464076554338708504,855,1464076554316014185,,6.51323461533,-6.0
1464076554338850105,856,1464076554332172382,,6.51852560043,6.0
1464076554363199776,857,1464076554358190637,,6.49632930756,6.0
1464076554392521805,858,1464076554381015773,,6.47783231735,-6.0
1464076554404283219,859,1464076554397589710,,6.45383548737,-6.0
1464076554452184840,860,1464076554426593057,,6.48751497269,-6.0
1464076554474578452,861,1464076554459793288,,6.51558113098,-6.0
1464076554474643678,862,1464076554469646625,,6.52048110962,6.0
1464076554486695901,863,1464076554478270666,,6.5245642662,6.0
1464076554511945820,864,1464076554498430068,,6.52796697617,-6.0
1464076554531180384,865,1464076554528130899,,6.53080272675,-6.0
1464076554568685290,866,1464076554552057849,,6.54233264923,6.0
1464076554588092298,867,1464076554572791420,,6.51616859436,6.0
1464076554606897474,868,1464076554593570421,,6.4943652153,6.0
1464076554648018844,869,1464076554612187941,,6.50280094147,6.0
1464076554648424060,870,1464076554630947896,,6.50983095169,6.0
1464076554725806608,871,1464076554648108973,,6.51568937302,6.0
1464076554726055218,872,1464076554665891055,,6.52057123184,-6.0
1464076554726310965,873,1464076554684571300,,6.52463960648,-6.0
1464076554727252214,874,1464076554704146219,,6.52802991867,6.0
1464076554727702442,875,1464076554720956783,,6.53085517883,6.0
1464076554758293362,876,1464076554743680642,,6.53320932388,6.0
1464076554775191815,877,1464076554755093679,,6.53517103195,6.0
1464076554808081075,878,1464076554785368574,,6.53680610657,-6.0
1464076554853154366,879,1464076554805812534,,6.54733514786,-6.0
1464076554853902697,880,1464076554817362223,,6.55610942841,-6.0
1464076554854642276,881,1464076554846510142,,6.55425453186,-6.0
1464076554892233820,882,1464076554883309384,,6.55270910263,6.0
1464076554935729281,883,1464076554922504130,,6.55142116547,6.0
1464076554938350679,884,1464076554931400329,,6.55034780502,-6.0
1464076554975036714,885,1464076554950115063,,6.54945325851,-6.0
1464076554975352738,886,1464076554966744067,,6.54870796204,6.0
1464076554985189821,887,1464076554981654317,,6.54808664322,6.0
1464076555008294566,888,1464076555005088631,,6.5660572052,-6.0
1464076555026292332,889,1464076555020315895,,6.58103275299,-6.0
1464076555048694226,890,1464076555040443205,,6.61263895035,6.0
1464076555067261837,891,1464076555060393436,,6.63897752762,6.0
1464076555085036833,892,1464076555080563727,,6.62331151962,6.0
1464076555104987324,893,1464076555100422370,,6.6194229126,6.0
1464076555126550082,894,1464076555120534051,,6.61618280411,6.0
1464076555151280691,895,1464076555140535910,,6.61348247528,6.0
1464076555172150914,896,1464076555160535477,,6.61123228073,6.0
1464076555185771173,897,1464076555180356506,,6.60019016266,6.0
1464076555206596957,898,1464076555200571965,,6.59098863602,-6.0
1464076555229868154,899,1464076555220152250,,6.60180902481,-6.0
1464076555247835338,900,1464076555240418401,,6.59233760834,-6.0
1464076555270536222,901,1464076555260349876,,6.59361171722,-6.0
1464076555295909143,902,1464076555290046071,,6.6231212616,-6.0
1464076555306562231,903,1464076555303376406,,6.62858629227,-6.0
1464076555346391839,904,1464076555330791973,,6.63314056396,-6.0
1464076555346438154,905,1464076555341054068,,6.63693571091,-6.0
1464076555365845579,906,1464076555360402362,,6.64009809494,6.0
1464076555388551932,907,1464076555380732957,,6.63341188431,6.0
1464076555410557468,908,1464076555400341010,,6.61867332458,-6.0
1464076555433913636,909,1464076555421755967,,6.03707361221,-6.0
1464076555456407640,910,1464076555445643375,,5.55240678787,-6.0
1464076555476136820,911,1464076555467294282,,5.75545072556,-6.0
1464076555523437390,912,1464076555494403201,,5.88703918457,6.0
1464076555523848285,913,1464076555505219564,,6.00586271286,6.0
1464076555536318123,914,1464076555526533659,,6.12368535995,6.0
1464076555553342132,915,1464076555545507006,,6.2218708992,6.0
1464076555596548607,916,1464076555570214640,,6.27572250366,-6.0
1464076555597307670,917,1464076555587749570,,6.35821390152,-6.0
1464076555620880251,918,1464076555615421353,,6.38934183121,-6.0
1464076555648426010,919,1464076555639719603,,6.41528177261,-6.0
1464076555942783380,920,1464076555658342020,,6.43689823151,6.0
1464076555943188023,921,1464076555678359561,,6.45491218567,6.0
1464076555944146776,922,1464076555701327289,,6.50753831863,-6.0
1464076555944448839,923,1464076555720979052,,6.51377868652,-6.0
1464076555945506838,924,1464076555741727627,,6.51897907257,6.0
1464076555945560759,925,1464076555757605434,,6.52331256866,6.15999984741
1464076555946335452,926,1464076555784980313,,6.57435131073,7.36000013351
1464076555946855907,927,1464076555810084097,,6.57862281799,9.76000022888
1464076555947774181,928,1464076555829862405,,6.58218240738,10.5600004196
1464076555948182783,929,1464076555848749635,,6.57598209381,22.4799995422
1464076555948762630,930,1464076555869073458,,6.60842990875,22.4799995422
1464076555949560714,931,1464076555887456746,,6.59785509109,20.9599990845
1464076555949949050,932,1464076555907206140,,6.636469841,21.0400009155
1464076555951235290,933,1464076555926066279,,6.65883636475,22.3999996185
1464076555952849380,934,1464076555944365639,,6.63986063004,22.4799995422
1464076556339212802,935,1464076555963270998,,6.62404727936,21.0400009155
1464076556340267416,936,1464076555982213972,,6.65829658508,23.2800006866
1464076556340623451,937,1464076555998995623,,6.64857721329,23.7600002289
1464076556341403614,938,1464076556015814314,,6.64047765732,23.7600002289
1464076556341839098,939,1464076556037002802,,6.62456130981,22.3999996185
1464076556342899390,940,1464076556075239993,,6.65872526169,22.3999996185
1464076556343586402,941,1464076556116800286,,6.63976764679,22.8799991608
1464076556344328846,942,1464076556151828937,,6.62397003174,22.0799999237
1464076556345226906,943,1464076556192914099,,6.61997175217,-6.0
1464076556345697869,944,1464076556233481462,,6.60747337341,-6.0
1464076556346702416,945,1464076556271472596,,6.63467264175,-6.0
1464076556347771512,946,1464076556306766372,,6.65733861923,-6.0
1464076556581125426,947,1464076556347147382,,6.63861227036,-6.0
1464076556581928303,948,1464076556384738249,,6.62300682068,-6.0
1464076556582856215,949,1464076556419163870,,6.6100025177,-6.0
1464076556583459871,950,1464076556450899584,,6.63678026199,6.0
1464076556584236855,951,1464076556490904084,,6.65909528732,6.0
1464076556584831290,952,1464076556530620119,,6.64924287796,-8.88000011444
1464076556586253139,953,1464076556568812975,,6.66948080063,6.0
1464076556671601213,954,1464076556602548041,,6.65789747238,6.0
1464076556672906781,955,1464076556644258896,,6.64824485779,6.0
1464076556715435934,956,1464076556684151282,,6.63103437424,-6.0
1464076556745430700,957,1464076556724494417,,6.65430688858,11.6000003815
1464076556785395866,958,1464076556764537730,,6.63608598709,9.68000030518
1464076556816650771,959,1464076556805251852,,6.62090158463,6.0
1464076556856747900,960,1464076556846783543,,6.64586305618,-6.0
1464076556901560547,961,1464076556887213994,,6.66666412354,-6.0
1464076556936737572,962,1464076556931003859,,6.64638376236,-6.0
1464076556970061015,963,1464076556966145041,,6.66709804535,-10.1599998474
1464076557010518087,964,1464076557004611983,,6.65591192245,-16.4799995422
1464076557053354304,965,1464076557045748721,,6.67503833771,-16.5599994659
1464076557080010547,966,1464076557060457249,,6.65336227417,-17.1200008392
1464076557114538123,967,1464076557109019729,,6.68272590637,-16.8799991608
1464076557158957745,968,1464076557152944371,,6.65976858139,-17.7600002289
1464076557200628328,969,1464076557195908852,,6.67825222015,-11.1999998093
1464076557244118944,970,1464076557218558159,,6.69365501404,-16.5599994659
1464076557244397719,971,1464076557231513912,,6.71630334854,-17.1200008392
1464076557263639577,972,1464076557251800798,,6.72536420822,-16.6399993896
1464076557280638214,973,1464076557275592971,,6.73291492462,-16.6399993896
1464076557307226574,974,1464076557299227132,,6.72008085251,-16.6399993896
1464076557326795449,975,1464076557317679034,,6.69089746475,-16.3199996948
1464076557340382001,976,1464076557332935368,,6.66657781601,-14.8000001907
1464076557363681435,977,1464076557357059091,,6.61970615387,-14.4799995422
1464076557384856533,978,1464076557374498735,,6.58064651489,-12.4799995422
1464076557403174492,979,1464076557391807978,,6.5480966568,13.4399995804
1464076557415059794,980,1464076557411286933,,6.54757738113,12.4799995422
1464076557439270468,981,1464076557432922992,,6.55631113052,6.0
1464076557464780354,982,1464076557454075845,,6.51923465729,6.0
1464076557485591290,983,1464076557472872269,,6.48833751678,7.92000007629
1464076557510228071,984,1464076557491592265,,6.46258974075,7.92000007629
1464076557531552534,985,1464076557511554478,,6.44113349915,8.07999992371
1464076557567729574,986,1464076557531586501,,6.46760797501,9.92000007629
1464076557572490051,987,1464076557553401568,,6.48967027664,14.4799995422
1464076557624946624,988,1464076557577103248,,6.44694423676,20.3999996185
1464076557625190545,989,1464076557600168346,,6.42809534073,20.7999992371
1464076557625249312,990,1464076557611801339,,6.4123878479,22.1599998474
1464076557644564263,991,1464076557631537449,,6.40788125992,23.8400001526
1464076557660086556,992,1464076557651626103,,6.33913469315,20.7999992371
1464076557682460787,993,1464076557675721901,,6.32149791718,21.7600002289
1464076557695916782,994,1464076557691443520,,6.29862070084,20.5599994659
1464076557724696578,995,1464076557714950927,,6.27955627441,19.9200000763
1464076557739993862,996,1464076557731634946,,6.25561714172,19.6000003815
1464076557770314290,997,1464076557751619092,,6.23566770554,19.6000003815
1464076557810523117,998,1464076557780406703,,6.18805360794,15.6800003052
1464076557816660223,999,1464076557801723247,,6.16363143921,15.6800003052
1464076557853365846,1000,1464076557822065617,,6.13559293747,6.0
1464076557853526932,1001,1464076557834780731,,6.11222743988,6.0
1464076557886678452,1002,1464076557867624614,,6.06314945221,6.0
1464076557949553779,1003,1464076557884625908,,6.02948713303,6.0
1464076557950132271,1004,1464076557911546860,,5.99419927597,6.0
1464076557952828794,1005,1464076557937249767,,5.94371414185,6.0
1464076558209560392,1006,1464076557960834487,,5.89481878281,-6.0
1464076558209604259,1007,1464076557984110373,,5.8540725708,-6.0
1464076558209894234,1008,1464076558008990710,,5.8201174736,6.0
1464076558210171446,1009,1464076558030650734,,5.74057149887,6.0
1464076558210432976,1010,1464076558055242190,,5.67428302765,6.0
1464076558210699456,1011,1464076558080423861,,5.61904287338,6.0
1464076558210954735,1012,1464076558106173187,,5.57300949097,6.0
1464076558211198187,1013,1464076558129637093,,5.51683855057,6.0
1464076558211401576,1014,1464076558154385988,,5.44736289978,6.0
1464076558211440545,1015,1464076558175619801,,5.38398265839,6.0
1464076558211817733,1016,1464076558184050715,,5.33116579056,-6.0
1464076558270153528,1017,1464076558212525063,,5.28715181351,-6.0
1464076558270757548,1018,1464076558228315190,,5.21398210526,-6.0
1464076558271158232,1019,1464076558261956376,,5.15300750732,-6.0
1464076558325147987,1020,1464076558278568188,,5.08272504807,6.0
1464076558325488133,1021,1464076558298494922,,5.0241560936,6.0
1464076558325527831,1022,1464076558316637936,,4.98986196518,-6.0
1464076558347184260,1023,1464076558335461503,,4.96128320694,-6.0
1464076558363826705,1024,1464076558355069451,,4.93746757507,6.0
1464076558383319883,1025,1464076558375649595,,4.8845539093,6.0
1464076558407844029,1026,1464076558396083813,,4.84045934677,-6.0
1464076558419512657,1027,1464076558415673475,,4.83678102493,-6.0
1464076558442953848,1028,1464076558434954980,,4.80064868927,-6.0
1464076558476610664,1029,1464076558454836390,,4.75283718109,-6.0
1464076558509449650,1030,1464076558494750500,,4.71299409866,6.0
1464076558510361828,1031,1464076558500468845,,4.6797914505,6.0
1464076558543954563,1032,1464076558514612269,,4.66982364655,6.0
1464076558544315757,1033,1464076558537519876,,4.66151714325,6.0
1464076558561189307,1034,1464076558554762174,,4.63689422607,6.0
1464076558589320800,1035,1464076558576402296,,4.61637496948,6.0
1464076558603029937,1036,1464076558597003435,,4.58237028122,-6.0
1464076558628679445,1037,1464076558616844938,,4.55403280258,-6.0
1464076558675426217,1038,1464076558649301944,,4.530418396,-6.0
1464076558732893753,1039,1464076558672302128,,4.51073980331,-6.0
1464076558733517675,1040,1464076558692837832,,4.49434089661,-6.0
1464076558733566803,1041,1464076558714944386,,4.46451282501,-6.0
1464076558742050023,1042,1464076558739350738,,4.42799282074,6.0
1464076558772019678,1043,1464076558759074344,,4.39755916595,6.0
1464076558916116108,1044,1464076558780577137,,4.35357809067,6.0
1464076558916413378,1045,1464076558805105711,,4.31692695618,6.0
1464076558916696060,1046,1464076558826119880,,4.27567529678,6.0
1464076558917015158,1047,1464076558846240835,,4.24129915237,6.0
1464076558917399483,1048,1464076558871746813,,4.19888114929,-6.0
1464076558918196942,1049,1464076558892980783,,4.16353273392,-6.0
1464076558918632999,1050,1464076558911992369,,4.13407564163,6.0
1464076558984373541,1051,1464076558930857197,,4.10952806473,6.0
1464076558985500361,1052,1464076558948385407,,4.08907175064,6.0
1464076558985965958,1053,1464076558966762861,,4.07202482224,6.0
1464076559001597344,1054,1464076558987449908,,4.04459571838,-6.0
1464076559015286528,1055,1464076559007867872,,4.02173805237,-6.0
1464076559033530820,1056,1464076559026898474,,3.98998308182,6.0
1464076559062993513,1057,1464076559055644928,,3.96352052689,6.0
1464076559081838179,1058,1464076559075236622,,3.94146847725,6.0
1464076559126972580,1059,1464076559094744074,,3.90200805664,6.0
1464076559127351851,1060,1464076559113773427,,3.86622548103,-6.0
1464076559176780664,1061,1464076559131537482,,3.80622768402,-6.0
1464076559177512115,1062,1464076559146969438,,3.75622987747,6.0
1464076559209987616,1063,1464076559189732510,,3.71456480026,6.0
1464076559230562810,1064,1464076559217952152,,3.67984390259,-6.0
1464076559266082065,1065,1464076559243690955,,3.64065766335,-6.0
1464076559266601323,1066,1464076559255465862,,3.60800242424,6.0
1464076559290424025,1067,1464076559287661442,,3.57828259468,6.0
1464076559321779322,1068,1464076559312395125,,3.52731728554,6.0
1464076559340863168,1069,1464076559322972150,,3.48484611511,6.0
1464076559343172293,1070,1464076559331920967,,3.4494535923,-6.0
1464076559369866515,1071,1464076559364256482,,3.40450263023,-6.0
1464076559391941862,1072,1464076559379525893,,3.36704349518,6.0
1464076559421554752,1073,1464076559405156906,,3.33369064331,6.0
1464076559433810156,1074,1464076559429075676,,3.29140734673,6.0
1464076559463981533,1075,1464076559458492731,,3.2581923008,6.0
1464076559493124554,1076,1464076559481382468,,3.23051309586,-6.0
1464076559515183595,1077,1464076559508219751,,3.18052554131,-6.0
1464076559551198246,1078,1464076559532455692,,3.14069867134,-6.0
1464076559563390196,1079,1464076559556866577,,3.09324741364,-6.0
1464076559589464403,1080,1464076559586748187,,3.05198001862,-6.0
1464076559623495280,1081,1464076559615683338,,3.01931524277,-6.0
1464076559648535922,1082,1464076559645516914,,2.96747398376,6.0
1464076559678106509,1083,1464076559675020816,,2.92427301407,6.0
1464076559714361852,1084,1464076559705618300,,2.88827204704,6.0
1464076559741321720,1085,1464076559730365007,,2.84033584595,6.0
1464076559744793926,1086,1464076559741551888,,2.80182886124,-6.0
1464076559817438920,1087,1464076559807713795,,2.75711417198,-6.0
1464076559919097108,1088,1464076559869051875,,2.68146491051,6.0
1464076559919855285,1089,1464076559901988805,,2.61842393875,6.0
1464076559932168570,1090,1464076559929550714,,2.56588959694,6.0
1464076560026975914,1091,1464076559952219141,,2.52211117744,6.0
1464076560027237548,1092,1464076559978210982,,2.48675823212,6.0
1464076560027653444,1093,1464076559998231284,,2.45616817474,6.0
1464076560028000206,1094,1464076560018105139,,2.2835149765,-6.0
1464076560057100090,1095,1464076560035867684,,2.13963723183,-6.0
1464076560057500357,1096,1464076560052785830,,2.019739151,6.0
1464076560081577609,1097,1464076560073264800,,1.91982412338,6.0
1464076560094740138,1098,1464076560092310927,,1.83656156063,6.0
1464076560132847970,1099,1464076560113803145,,1.76717603207,6.0
1464076560138683639,1100,1464076560133401299,,1.47264671326,6.0
1464076560159879160,1101,1464076560156256600,,1.22720563412,6.0
1464076560189220777,1102,1464076560173479986,,1.02267146111,-6.0
1464076560196005926,1103,1464076560193372180,,0.852226257324,-6.0
1464076560235010515,1104,1464076560214539100,,0.710188567638,6.0
1464076560240469987,1105,1464076560235656422,,0.591823816299,6.0
1464076560285908378,1106,1464076560256245735,,0.493186533451,-6.0
1464076560286369286,1107,1464076560278117275,,0.410988807678,-6.0
1464076560347006600,1108,1464076560298864757,,0.342490702868,6.0
1464076560347428852,1109,1464076560319012854,,0.285408943892,6.0
1464076560374716988,1110,1464076560339749186,,0.237840801477,-6.0
1464076560479852174,1111,1464076560356842797,,0.198200672865,-6.0
1464076560479909638,1112,1464076560375064010,,0.165167242289,6.0
1464076560479949180,1113,1464076560395152195,,0.137639373541,6.0
1464076560479986430,1114,1464076560411810166,,0.114699482918,-6.0
1464076560480247439,1115,1464076560433260861,,0.0955829098821,-6.0
1464076560480485057,1116,1464076560453799326,,0.079652428627,6.0
1464076560480655676,1117,1464076560465982732,,0.0663770288229,6.0
1464076560511869788,1118,1464076560474926652,,0.055314194411,-6.0
1464076560511906726,1119,1464076560490143913,,0.0460951626301,-6.0
1464076560532215023,1120,1464076560521524164,,0.0384126380086,-6.0
1464076560555721702,1121,1464076560550001690,,0.0320105329156,-6.0
1464076560581932093,1122,1464076560575186382,,0.026675445959,-6.0
1464076560665546564,1123,1464076560600248696,,0.0222295392305,-6.0
1464076560665585637,1124,1464076560621326946,,0.0185246169567,-6.0
1464076560665622210,1125,1464076560645290937,,0.0154371811077,-6.0
1464076560776076048,1126,1464076560666586798,,0.012864317745,-6.0
1464076560776346018,1127,1464076560686387873,,0.0107202650979,-6.0
1464076560776826306,1128,1464076560706047555,,0.00893355440348,-6.0
1464076560776884812,1129,1464076560726475365,,0.00744462898001,-6.0
1464076560777148062,1130,1464076560743314427,,0.00620385771617,-6.0
1464076560777825852,1131,1464076560764436125,,0.00516988150775,-6.0
1464076560834470766,1132,1464076560783190871,,0.00430823490024,-6.0
1464076560834868271,1133,1464076560804236767,,0.00359019590542,-6.0
1464076560835232694,1134,1464076560821541582,,0.00299182999879,6.0
1464076560860552423,1135,1464076560841406477,,0.00249319174327,6.0
1464076560860852297,1136,1464076560849354706,,0.00207765982486,-6.0
1464076560875127529,1137,1464076560871461624,,0.001731383265,-6.0
1464076560909373985,1138,1464076560895062026,,0.00144281948451,-6.0
1464076560925994289,1139,1464076560922189961,,0.00120234966744,-6.0
1464076560947497707,1140,1464076560944456662,,0.00100195815321,-6.0
1464076560975641599,1141,1464076560965980399,,0.000834965147078,-6.0
1464076560991974220,1142,1464076560988779642,,0.000695804308634,-6.0
1464076561015623854,1143,1464076561008713462,,0.000579836952966,-6.0
1464076561034728800,1144,1464076561031222157,,0.000483197480207,-6.0
1464076561048892906,1145,1464076561039363825,,0.000402664591093,-6.0
1464076561077899588,1146,1464076561060457912,,0.000335553835612,-6.0
1464076561086615372,1147,1464076561081291563,,0.000279628206044,-6.0
1464076561135578171,1148,1464076561102167777,,0.000233023514738,6.0
1464076561135739465,1149,1464076561119664208,,0.000194186271983,6.0
1464076561163230209,1150,1464076561140924747,,0.000161821895745,-6.0
1464076561163403902,1151,1464076561156279754,,0.000134851579787,-6.0
1464076561215125586,1152,1464076561197447595,,0.00011237632134,6.0
1464076561249180740,1153,1464076561233151745,,9.36469368753e-05,6.0
1464076561249486189,1154,1464076561240728778,,7.8039120126e-05,-6.0
1464076561274663118,1155,1464076561267162356,,6.5032603743e-05,-6.0
1464076561655915134,1156,1464076561288333078,,5.41938388778e-05,-6.0
1464076561655974265,1157,1464076561307432710,,4.51615342172e-05,-6.0
1464076561656025477,1158,1464076561327015496,,3.7634614273e-05,-6.0
1464076561656063873,1159,1464076561346113669,,3.13621785608e-05,-6.0
1464076561657033254,1160,1464076561367047920,,2.61351506197e-05,-6.0
1464076561657391373,1161,1464076561385977766,,2.17792930925e-05,-6.0
1464076561657664522,1162,1464076561406584479,,1.81494124263e-05,6.0
1464076561657910423,1163,1464076561425972367,,1.51245112647e-05,6.0
1464076561658170598,1164,1464076561445396411,,1.26037602968e-05,-6.0
1464076561658495896,1165,1464076561468577948,,1.05031340354e-05,-6.0
1464076561658587953,1166,1464076561486987546,,8.75261230249e-06,-6.0
1464076561658646771,1167,1464076561504906749,,7.29384373699e-06,-6.0
1464076561658681989,1168,1464076561526336188,,6.0782035689e-06,-6.0
1464076561658717103,1169,1464076561544951416,,5.06516971654e-06,-6.0
1464076561660296548,1170,1464076561566204401,,4.22097491537e-06,6.0
1464076561660620127,1171,1464076561585875023,,3.51747917193e-06,6.0
1464076561660920678,1172,1464076561605203312,,2.93123275696e-06,-6.0
1464076561661416440,1173,1464076561627133462,,2.44269403993e-06,-6.0
1464076561661781123,1174,1464076561645651476,,2.03557851819e-06,-6.0
1464076561766456339,1175,1464076561667483526,,1.69631550762e-06,-6.0
1464076561766725215,1176,1464076561687322528,,1.41359635109e-06,6.0
1464076561766985964,1177,1464076561708015098,,1.17799697819e-06,6.0
1464076561767447341,1178,1464076561727755375,,9.81664243227e-07,-6.0
1464076561767813327,1179,1464076561749426913,,8.18053592866e-07,-6.0
1464076561797744795,1180,1464076561768328000,,6.8171135581e-07,6.0
1464076561798133600,1181,1464076561788053169,,5.68092843878e-07,6.0
1464076561827760087,1182,1464076561818052780,,4.73410722179e-07,-6.0
1464076561845717530,1183,1464076561825593814,,3.94508958834e-07,-6.0
1464076561845887681,1184,1464076561838153937,,3.28757494117e-07,6.0
1464076561867722492,1185,1464076561860064655,,2.73964587905e-07,6.0
1464076561888288048,1186,1464076561886124328,,2.28303832728e-07,-6.0
1464076561911414882,1187,1464076561908229683,,1.90253203414e-07,-6.0
1464076561958758277,1188,1464076561943167215,,1.58544338547e-07,6.0
1464076561973282118,1189,1464076561949669682,,1.32120291596e-07,6.0
1464076561978659432,1190,1464076561973914480,,1.10100245365e-07,6.0
1464076562009789302,1191,1464076562003117049,,9.17502092079e-08,6.0
1464076562034286930,1192,1464076562030670674,,7.64585124102e-08,-6.0
1464076562060458560,1193,1464076562057678889,,6.37154329297e-08,-6.0
1464076562098671994,1194,1464076562080896321,,5.30961976608e-08,-6.0
1464076562148949686,1195,1464076562104630770,,4.42468319761e-08,-6.0
1464076562149617058,1196,1464076562127832885,,3.68723611643e-08,-6.0
1464076562173317695,1197,1464076562149896405,,3.07269694133e-08,-6.0
1464076562183947913,1198,1464076562172287151,,2.56058090287e-08,-6.0
1464076562201298365,1199,1464076562197235424,,2.13381756708e-08,-6.0
1464076562240968867,1200,1464076562221918363,,1.77818133551e-08,-6.0
1464076562256100271,1201,1464076562246793491,,1.48181786841e-08,-6.0
1464076562279181468,1202,1464076562275047361,,1.23484831249e-08,-6.0
1464076562304958406,1203,1464076562301324541,,1.02904031962e-08,-6.0
1464076562336667654,1204,1464076562326013524,,8.57533599685e-09,6.0
1464076562357731941,1205,1464076562350219301,,7.14611347874e-09,6.0
1464076562377507124,1206,1464076562373938016,,5.95509463963e-09,6.0
1464076562406288743,1207,1464076562400897832,,4.96257923643e-09,6.0
1464076562429215262,1208,1464076562425742222,,4.1354830671e-09,6.0
1464076562451684519,1209,1464076562448468165,,3.44623596327e-09,6.0
1464076562476436435,1210,1464076562471955567,,2.87186341374e-09,-6.0
1464076562500169009,1211,1464076562497280714,,2.39321962248e-09,-6.0
1464076562527398118,1212,1464076562524643453,,1.99434979642e-09,-6.0
1464076562550533444,1213,1464076562547093278,,1.6619582377e-09,-6.0
1464076562574411214,1214,1464076562572045406,,1.38496525359e-09,-6.0
1464076562597732632,1215,1464076562595586208,,1.15413778534e-09,-6.0
1464076562620978562,1216,1464076562617993990,,9.61781543296e-10,-6.0
1464076562645119320,1217,1464076562641777098,,8.01484656421e-10,-6.0
1464076562665633404,1218,1464076562659245031,,6.67903898854e-10,6.0
1464076562686167858,1219,1464076562681401911,,5.56586610134e-10,6.0
1464076562706850269,1220,1464076562704148796,,4.63822202867e-10,6.0
1464076562731651470,1221,1464076562726783464,,3.86518511641e-10,6.0
1464076562752691532,1222,1464076562748562010,,3.22098764327e-10,-6.0
1464076562776893453,1223,1464076562769144133,,2.68415650817e-10,-6.0
1464076562794054843,1224,1464076562791225679,,2.2367971364e-10,6.0
1464076562820283364,1225,1464076562816906602,,1.86399770619e-10,6.0
1464076562853395134,1226,1464076562838683116,,1.55333149121e-10,6.0
1464076562866465190,1227,1464076562859423304,,1.29444302499e-10,6.0
1464076562883822467,1228,1464076562880405693,,1.07870254396e-10,-6.0
1464076562916816131,1229,1464076562903740293,,8.98918856018e-11,-6.0
1464076562928604949,1230,1464076562925453196,,7.49099116071e-11,-6.0
1464076562952421452,1231,1464076562947998620,,6.24249263392e-11,-6.0
1464076562962622541,1232,1464076562956422657,,5.20207731058e-11,6.0
1464076562984209524,1233,1464076562981654706,,4.33506459896e-11,6.0
1464076563008006802,1234,1464076563005087249,,3.61255400594e-11,6.0
1464076563039115677,1235,1464076563034052252,,3.01046167162e-11,6.0
1464076563052235382,1236,1464076563046290412,,2.50871823315e-11,6.0
1464076563079809586,1237,1464076563060505731,,2.0905987011e-11,6.0
1464076563085716159,1238,1464076563080868210,,1.74216561316e-11,-6.0
1464076563189150357,1239,1464076563109373712,,1.45180473546e-11,-6.0
1464076563189457733,1240,1464076563134443373,,1.20983735183e-11,6.0
1464076563189714158,1241,1464076563155556319,,1.00819786547e-11,6.0
1464076563190099316,1242,1464076563177949409,,8.40164916804e-12,6.0
1464076563227099552,1243,1464076563208006119,,7.00137474038e-12,6.0
1464076563232261128,1244,1464076563226439214,,5.83447916716e-12,6.0
1464076563265129237,1245,1464076563259146914,,4.86206604491e-12,6.0
1464076563333116335,1246,1464076563320625449,,4.0517220655e-12,6.0
1464076563386470655,1247,1464076563347066685,,3.37643519914e-12,6.0
1464076563386572193,1248,1464076563368678623,,2.8136961077e-12,6.0
1464076563422230393,1249,1464076563393865034,,2.34474679256e-12,6.0
1464076563427137889,1250,1464076563414202975,,1.95395566047e-12,-6.0
1464076563451290214,1251,1464076563425273158,,1.628296456e-12,-6.0
1464076563451637914,1252,1464076563438698207,,1.35691382176e-12,6.0
1464076563483742219,1253,1464076563453024650,,1.13076160848e-12,6.0
1464076563484127794,1254,1464076563477837260,,9.4230135847e-13,-6.0
1464076563515515287,1255,1464076563512231310,,7.85251150128e-13,-6.0
1464076563562775638,1256,1464076563557849021,,6.54375967475e-13,6.0
1464076563596665486,1257,1464076563593790007,,5.45313306229e-13,6.0
1464076563671427886,1258,1464076563615350942,,4.54427782296e-13,-6.0
1464076563673511064,1259,1464076563634083493,,3.7868983665e-13,-6.0
1464076563674274920,1260,1464076563655434578,,3.15574877428e-13,-6.0
1464076563701273809,1261,1464076563685089042,,2.62979064523e-13,-6.0
1464076563727612777,1262,1464076563713107378,,2.19149229471e-13,-6.0
1464076563771761282,1263,1464076563741021676,,1.82624369186e-13,-6.0
1464076563772318206,1264,1464076563765024063,,1.52186978839e-13,6.0
1464076563898156278,1265,1464076563783980531,,1.26822489142e-13,6.0
1464076563898433490,1266,1464076563805837328,,1.05685412136e-13,-6.0
1464076563898714505,1267,1464076563823043001,,8.80711790389e-14,-6.0
1464076563899254758,1268,1464076563845600668,,7.33926537166e-14,-6.0
1464076563899516705,1269,1464076563865192362,,6.11605492813e-14,-6.0
1464076563899860602,1270,1464076563882619606,,5.09671277892e-14,-6.0
1464076563933811040,1271,1464076563898600463,,4.24726070557e-14,-6.0
1464076563934261736,1272,1464076563919740136,,3.53938409072e-14,-6.0
1464076563989717156,1273,1464076563944954575,,2.94948696814e-14,-6.0
1464076563990049799,1274,1464076563954673188,,2.45790597619e-14,6.0
1464076563990327793,1275,1464076563963026216,,2.0482550931e-14,6.0
1464076563990776145,1276,1464076563981299162,,1.70687930071e-14,-6.0
1464076564034402736,1277,1464076564001194065,,1.42239955843e-14,-6.0
1464076564034853485,1278,1464076564021350446,,1.1853329936e-14,6.0
1464076564054982515,1279,1464076564041106560,,9.87777551133e-15,6.0
1464076564073197007,1280,1464076564062390022,,8.23147973394e-15,-6.0
1464076564131205473,1281,1464076564082603502,,6.8595667273e-15,-6.0
1464076564132340994,1282,1464076564101163402,,5.7163060296e-15,6.0
1464076564132796900,1283,1464076564122815768,,4.76358878151e-15,6.0
1464076564172456618,1284,1464076564141703518,,3.96965760027e-15,-6.0
1464076564172934718,1285,1464076564162551600,,3.30804821199e-15,-6.0
1464076564196109847,1286,1464076564182351268,,2.75670705508e-15,-6.0
1464076564228744089,1287,1464076564202430857,,2.2972560557e-15,-6.0
1464076564229245946,1288,1464076564224552154,,1.91438022288e-15,6.0
1464076564293992204,1289,1464076564241070919,,1.59531688769e-15,6.0
1464076564295119129,1290,1464076564261166346,,1.32943081033e-15,-6.0
1464076564760636680,1291,1464076564294489737,,1.10785906155e-15,-6.0
1464076564760913111,1292,1464076564316752114,,9.23215937563e-16,-6.0
1464076564762504851,1293,1464076564337848858,,7.69346632283e-16,-6.0
1464076564763975256,1294,1464076564358770137,,6.41122202392e-16,-6.0
1464076564764302585,1295,1464076564380669550,,5.3426851964e-16,-6.0
1464076564765677234,1296,1464076564401042084,,4.45223810483e-16,-6.0
1464076564765996906,1297,1464076564422457978,,3.71019859716e-16,-6.0
1464076564768447997,1298,1464076564442429256,,3.09183225253e-16,-6.0
1464076564768778244,1299,1464076564464966657,,2.57652705357e-16,-6.0
1464076564769077962,1300,1464076564484800345,,2.14710596621e-16,6.0
1464076564769343660,1301,1464076564505920012,,1.78925506007e-16,6.0
1464076564770789006,1302,1464076564525272995,,1.49104599369e-16,6.0
1464076564772505155,1303,1464076564546205371,,1.24253843836e-16,6.0
1464076564772841029,1304,1464076564567957920,,1.03544874275e-16,-6.0
1464076564775126710,1305,1464076564589869367,,8.6287398538e-17,-6.0
1464076564775443151,1306,1464076564610427682,,7.19061687571e-17,6.0
1464076564775724010,1307,1464076564630662626,,5.99218106063e-17,6.0
1464076564775983509,1308,1464076564651528473,,4.99348454806e-17,-6.0
1464076564776258376,1309,1464076564672897219,,4.16123728882e-17,-6.0
1464076564779348080,1310,1464076564693469913,,3.46769796127e-17,-6.0
1464076564779621124,1311,1464076564714674916,,2.88974852164e-17,-6.0
1464076564779882498,1312,1464076564734633638,,2.40812393347e-17,-6.0
1464076564781493515,1313,1464076564755207895,,2.00677010999e-17,-6.0
1464076564783372990,1314,1464076564777497884,,1.67230856286e-17,6.0
1464076566210931940,1315,1464076564796962251,,1.39359055177e-17,6.0
1464076566211289382,1316,1464076564818196273,,1.16132551495e-17,6.0
1464076566213295195,1317,1464076564839202575,,9.67771290031e-18,6.0
1464076566214959351,1318,1464076564859574380,,8.06476116385e-18,6.0
1464076566215199052,1319,1464076564881650664,,6.72063444107e-18,6.0
1464076566215451465,1320,1464076564903226394,,5.60052890769e-18,-6.0
1464076566215700544,1321,1464076564923940533,,4.6671076988e-18,-6.0
1464076566215985310,1322,1464076564945175805,,3.88925641567e-18,-6.0
1464076566216253613,1323,1464076564966126258,,3.24104708199e-18,-6.0
1464076566218791656,1324,1464076564987043109,,2.70087270619e-18,6.0
1464076566219131176,1325,1464076565006791878,,2.25072742748e-18,6.0
1464076566219398594,1326,1464076565028972931,,1.87560618957e-18,-6.0
1464076566219658561,1327,1464076565048925349,,1.56300522691e-18,-6.0
1464076566219916496,1328,1464076565069603384,,1.30250444192e-18,6.0
1464076566220158646,1329,1464076565091766776,,1.08542040273e-18,6.0
1464076566220409080,1330,1464076565111532424,,9.04517036743e-19,6.0
1464076566220661702,1331,1464076565134206842,,7.53764248985e-19,6.0
1464076566222053387,1332,1464076565155253885,,6.28136917236e-19,-6.0
1464076566222720341,1333,1464076565177355020,,5.23447439647e-19,-6.0
1464076566223003596,1334,1464076565197896090,,4.36206199706e-19,6.0
1464076566224527036,1335,1464076565218645447,,3.63505192271e-19,6.0
1464076566225961441,1336,1464076565240420138,,3.02921010792e-19,6.0
1464076566226289292,1337,1464076565260460706,,2.52434197201e-19,6.0
1464076566227793821,1338,1464076565281328376,,2.10361839617e-19,6.0
1464076566230268512,1339,1464076565302426579,,1.75301543785e-19,6.0
1464076566230612357,1340,1464076565323833669,,1.46084632746e-19,-6.0
1464076566230872533,1341,1464076565344273774,,1.21737204725e-19,-6.0
1464076566231125467,1342,1464076565365383594,,1.01447672758e-19,-6.0
1464076566233513520,1343,1464076565385910129,,8.4539732684e-20,-6.0
1464076566233822876,1344,1464076565406671416,,7.0449783699e-20,6.0
1464076566234090658,1345,1464076565428051259,,5.87081552366e-20,6.0
1464076566237984907,1346,1464076565447949236,,4.89234648513e-20,6.0
1464076566238294732,1347,1464076565469092867,,4.07695545813e-20,6.0
1464076566240434539,1348,1464076565487543310,,3.39746309719e-20,-6.0
1464076566243073651,1349,1464076565508350912,,2.83121951692e-20,-6.0
1464076566243425102,1350,1464076565530670076,,2.35934965129e-20,6.0
1464076566243723361,1351,1464076565551220159,,1.96612479018e-20,6.0
1464076566244004689,1352,1464076565570963301,,1.63843735208e-20,-6.0
1464076566244259082,1353,1464076565597676122,,1.36536451392e-20,-6.0
1464076566244511078,1354,1464076565617694340,,1.13780381545e-20,6.0
1464076566246080625,1355,1464076565637963773,,9.48169913526e-21,6.0
1464076566247571556,1356,1464076565657494357,,7.90141661921e-21,6.0
1464076566247882527,1357,1464076565678480289,,6.58451398398e-21,6.0
1464076566249294530,1358,1464076565734913529,,5.48709532323e-21,6.0
1464076566250719454,1359,1464076565764903398,,4.57257970529e-21,6.0
1464076566251006824,1360,1464076565786047134,,3.81048342432e-21,6.0
1464076566252961685,1361,1464076565815377603,,3.17540298823e-21,6.0
1464076566253268124,1362,1464076565842616662,,2.64616935881e-21,6.0
1464076566253546430,1363,1464076565864245584,,2.20514133429e-21,6.0
1464076566253828538,1364,1464076565888267925,,1.83761787955e-21,-6.0
1464076566254123984,1365,1464076565912484225,,1.53134830027e-21,-6.0
1464076566258426575,1366,1464076565933239417,,1.27612360039e-21,-6.0
1464076566258715508,1367,1464076565957123543,,1.06343640097e-21,-6.0
1464076566258980321,1368,1464076565986269221,,8.86197000812e-22,-6.0
1464076566262370369,1369,1464076566014582795,,7.38497551164e-22,-6.0
1464076566262713275,1370,1464076566048555426,,6.15414651213e-22,6.0
1464076566262979234,1371,1464076566087840249,,5.12845567921e-22,6.0
1464076566263252486,1372,1464076566119910117,,4.27371315016e-22,-6.0
1464076566263534752,1373,1464076566150356101,,3.56142779342e-22,-6.0
1464076566265801052,1374,1464076566184466010,,2.96785653659e-22,-6.0
1464076566266405385,1375,1464076566218292091,,2.47321399085e-22,-6.0
1464076566266672386,1376,1464076566241933754,,2.06101170112e-22,-6.0
1464076566267063900,1377,1464076566264761964,,1.71750985611e-22,-6.0
1464076566639687916,1378,1464076566286688051,,1.43125823446e-22,6.0
1464076566639957105,1379,1464076566306992025,,1.19271527953e-22,6.0
1464076566640219469,1380,1464076566327619212,,9.93929462719e-23,6.0
1464076566640487355,1381,1464076566346724836,,8.28274604856e-23,6.0
1464076566640735600,1382,1464076566369360597,,6.90228868935e-23,-6.0
1464076566640982856,1383,1464076566389521979,,5.7519073463e-23,-6.0
1464076566641235061,1384,1464076566410566261,,4.79325643746e-23,6.0
1464076566641496851,1385,1464076566428511565,,3.99438046974e-23,6.0
1464076566641770729,1386,1464076566449013509,,3.3286506544e-23,-6.0
1464076566642013817,1387,1464076566464970141,,2.77387570311e-23,-6.0
1464076566642617264,1388,1464076566485725905,,2.31156313851e-23,6.0
1464076566642894892,1389,1464076566505686243,,1.92630272061e-23,6.0
1464076566643149910,1390,1464076566527324282,,1.60525226717e-23,-6.0
1464076566643425820,1391,1464076566549683092,,1.33771024894e-23,-6.0
1464076566643689486,1392,1464076566571133110,,1.11475859337e-23,6.0
1464076566643937836,1393,1464076566587109799,,9.28965520774e-24,6.0
1464076566644632350,1394,1464076566605622498,,7.74137999716e-24,6.0
1464076566645115451,1395,1464076566625539699,,6.45115026059e-24,6.0
1464076566684277011,1396,1464076566645155515,,5.37595887918e-24,6.0
1464076566684629973,1397,1464076566665486423,,4.47996592987e-24,6.0
1464076566692914597,1398,1464076566686360137,,3.73330513877e-24,-6.0
1464076566711409010,1399,1464076566709054977,,3.11108774712e-24,-6.0
1464076566757326700,1400,1464076566728917266,,2.59257322121e-24,-6.0
1464076566757744523,1401,1464076566749163776,,2.16047781582e-24,-6.0
1464076566776644361,1402,1464076566772211422,,1.80039831132e-24,-6.0
1464076566827152845,1403,1464076566790164592,,1.50033199184e-24,-6.0
1464076566827201505,1404,1464076566812742004,,1.25027669274e-24,-6.0
1464076566835794182,1405,1464076566833453851,,1.04189730969e-24,-6.0
1464076566873633451,1406,1464076566854064888,,8.6824782381e-25,-6.0
1464076566887064752,1407,1464076566874593142,,7.2353986961e-25,-6.0
1464076566907623223,1408,1464076566895992782,,6.02949907776e-25,6.0
1464076566934679680,1409,1464076566916063514,,5.02458297567e-25,6.0
1464076566955185115,1410,1464076566936919723,,4.18715289059e-25,-6.0
1464076566991890426,1411,1464076566957930558,,3.48929423984e-25,-6.0
1464076566995301938,1412,1464076566976399912,,2.90774524095e-25,6.0
1464076567219269518,1413,1464076566996848405,,2.4231211163e-25,6.0
1464076567219522556,1414,1464076567016640467,,2.01926772017e-25,6.0
1464076567219784035,1415,1464076567036398249,,1.68272314123e-25,6.0
1464076567220052963,1416,1464076567057288165,,1.40226940762e-25,-6.0
1464076567220316473,1417,1464076567079522670,,1.16855790131e-25,-6.0
1464076567220583734,1418,1464076567098833454,,9.73798312723e-26,-6.0
1464076567220846463,1419,1464076567119203227,,8.11498624751e-26,-6.0
1464076567221097469,1420,1464076567140566554,,6.76248915589e-26,-6.0
1464076567221375566,1421,1464076567159806798,,5.63540783534e-26,-6.0
1464076567221887218,1422,1464076567180934644,,4.69617340155e-26,6.0
1464076567224423384,1423,1464076567201579285,,3.91347793734e-26,6.0
1464076567224887887,1424,1464076567221918581,,3.26123171717e-26,-6.0
