%time,field.header.seq,field.header.stamp,field.header.frame_id,field.magnetic_field.x,field.magnetic_field.y,field.magnetic_field.z,field.magnetic_field_covariance0,field.magnetic_field_covariance1,field.magnetic_field_covariance2,field.magnetic_field_covariance3,field.magnetic_field_covariance4,field.magnetic_field_covariance5,field.magnetic_field_covariance6,field.magnetic_field_covariance7,field.magnetic_field_covariance8
1446040145785354784,1,1446040145491631984,robocape_mag,13.5,-17.4,23.55,10.0,0.0,0.0,0.0,10.0,0.0,0.0,0.0,10.0
1446040145818304451,2,1446040145533899068,robocape_mag,13.5,-17.4,23.55,10.0,0.0,0.0,0.0,10.0,0.0,0.0,0.0,10.0
1446040145873077242,3,1446040145585199117,robocape_mag,13.5,-17.4,23.55,10.0,0.0,0.0,0.0,10.0,0.0,0.0,0.0,10.0
1446040145873582701,4,1446040145621942996,robocape_mag,13.5,-17.4,23.55,10.0,0.0,0.0,0.0,10.0,0.0,0.0,0.0,10.0
1446040145873622826,5,1446040145669877052,robocape_mag,11.1,-18.0,26.55,10.0,0.0,0.0,0.0,10.0,0.0,0.0,0.0,10.0
1446040145873926492,6,1446040145751595973,robocape_mag,11.1,-18.0,26.55,10.0,0.0,0.0,0.0,10.0,0.0,0.0,0.0,10.0
1446040145875878159,7,1446040145791177034,robocape_mag,15.6,-16.5,25.65,10.0,0.0,0.0,0.0,10.0,0.0,0.0,0.0,10.0
1446040145879291951,8,1446040145825299978,robocape_mag,15.6,-16.5,25.65,10.0,0.0,0.0,0.0,10.0,0.0,0.0,0.0,10.0
1446040145894478701,9,1446040145885585069,robocape_mag,15.6,-16.5,25.65,10.0,0.0,0.0,0.0,10.0,0.0,0.0,0.0,10.0
1446040145929276701,10,1446040145921031951,robocape_mag,15.6,-16.5,25.65,10.0,0.0,0.0,0.0,10.0,0.0,0.0,0.0,10.0
1446040145964501576,11,1446040145959491968,robocape_mag,12.9,-18.0,27.75,10.0,0.0,0.0,0.0,10.0,0.0,0.0,0.0,10.0
1446040146000603742,12,1446040145992532968,robocape_mag,12.9,-18.0,27.75,10.0,0.0,0.0,0.0,10.0,0.0,0.0,0.0,10.0
1446040146037533826,13,1446040146032753944,robocape_mag,12.9,-18.0,27.75,10.0,0.0,0.0,0.0,10.0,0.0,0.0,0.0,10.0
1446040146074633867,14,1446040146068337917,robocape_mag,12.9,-18.0,27.75,10.0,0.0,0.0,0.0,10.0,0.0,0.0,0.0,10.0
1446040146109214409,15,1446040146103283882,robocape_mag,12.9,-18.0,27.75,10.0,0.0,0.0,0.0,10.0,0.0,0.0,0.0,10.0
1446040146148904242,16,1446040146141931056,robocape_mag,12.9,-16.8,27.15,10.0,0.0,0.0,0.0,10.0,0.0,0.0,0.0,10.0
1446040146180070076,17,1446040146175232887,robocape_mag,12.9,-16.8,27.15,10.0,0.0,0.0,0.0,10.0,0.0,0.0,0.0,10.0
1446040146218425826,18,1446040146213324069,robocape_mag,12.9,-16.8,27.15,10.0,0.0,0.0,0.0,10.0,0.0,0.0,0.0,10.0
1446040146258758076,19,1446040146253582000,robocape_mag,12.9,-16.8,27.15,10.0,0.0,0.0,0.0,10.0,0.0,0.0,0.0,10.0
1446040146294498618,20,1446040146289583921,robocape_mag,15.0,-17.1,25.05,10.0,0.0,0.0,0.0,10.0,0.0,0.0,0.0,10.0
1446040146334633743,21,1446040146325254917,robocape_mag,15.0,-17.1,25.05,10.0,0.0,0.0,0.0,10.0,0.0,0.0,0.0,10.0
1446040146367662868,22,1446040146362760066,robocape_mag,15.0,-17.1,25.05,10.0,0.0,0.0,0.0,10.0,0.0,0.0,0.0,10.0
1446040146401518659,23,1446040146396704912,robocape_mag,15.0,-17.1,25.05,10.0,0.0,0.0,0.0,10.0,0.0,0.0,0.0,10.0
1446040146440223118,24,1446040146432816982,robocape_mag,11.7,-18.0,25.35,10.0,0.0,0.0,0.0,10.0,0.0,0.0,0.0,10.0
1446040146475495784,25,1446040146470560073,robocape_mag,11.7,-18.0,25.35,10.0,0.0,0.0,0.0,10.0,0.0,0.0,0.0,10.0
1446040146511832618,26,1446040146506592988,robocape_mag,11.7,-18.0,25.35,10.0,0.0,0.0,0.0,10.0,0.0,0.0,0.0,10.0
1446040146553797201,27,1446040146548682928,robocape_mag,11.7,-18.0,25.35,10.0,0.0,0.0,0.0,10.0,0.0,0.0,0.0,10.0
1446040146589096076,28,1446040146582623958,robocape_mag,11.7,-18.0,25.35,10.0,0.0,0.0,0.0,10.0,0.0,0.0,0.0,10.0
1446040146624208493,29,1446040146619107961,robocape_mag,12.6,-19.5,25.65,10.0,0.0,0.0,0.0,10.0,0.0,0.0,0.0,10.0
1446040146655865076,30,1446040146650748014,robocape_mag,12.6,-19.5,25.65,10.0,0.0,0.0,0.0,10.0,0.0,0.0,0.0,10.0
1446040146694889868,31,1446040146689831018,robocape_mag,12.6,-19.5,25.65,10.0,0.0,0.0,0.0,10.0,0.0,0.0,0.0,10.0
1446040146732000076,32,1446040146724505901,robocape_mag,12.6,-19.5,25.65,10.0,0.0,0.0,0.0,10.0,0.0,0.0,0.0,10.0
1446040146764893201,33,1446040146759510993,robocape_mag,14.7,0.0,1.95,10.0,0.0,0.0,0.0,10.0,0.0,0.0,0.0,10.0
1446040146810211618,34,1446040146804838895,robocape_mag,14.7,0.0,1.95,10.0,0.0,0.0,0.0,10.0,0.0,0.0,0.0,10.0
1446040146843769826,35,1446040146838435888,robocape_mag,14.7,0.0,1.95,10.0,0.0,0.0,0.0,10.0,0.0,0.0,0.0,10.0
1446040146879207243,36,1446040146873878002,robocape_mag,14.7,0.0,1.95,10.0,0.0,0.0,0.0,10.0,0.0,0.0,0.0,10.0
1446040146917449868,37,1446040146912288904,robocape_mag,12.0,-3.3,14.25,10.0,0.0,0.0,0.0,10.0,0.0,0.0,0.0,10.0
1446040146956750743,38,1446040146951307058,robocape_mag,12.0,-3.3,14.25,10.0,0.0,0.0,0.0,10.0,0.0,0.0,0.0,10.0
1446040146990327118,39,1446040146985193014,robocape_mag,12.0,-3.3,14.25,10.0,0.0,0.0,0.0,10.0,0.0,0.0,0.0,10.0
1446040147025513326,40,1446040147020446062,robocape_mag,12.0,-3.3,14.25,10.0,0.0,0.0,0.0,10.0,0.0,0.0,0.0,10.0
1446040147063193201,41,1446040147056413888,robocape_mag,12.0,-3.3,14.25,10.0,0.0,0.0,0.0,10.0,0.0,0.0,0.0,10.0
1446040147099836701,42,1446040147094981908,robocape_mag,21.3,-10.8,-7.65,10.0,0.0,0.0,0.0,10.0,0.0,0.0,0.0,10.0
1446040147135405993,43,1446040147130163908,robocape_mag,21.3,-10.8,-7.65,10.0,0.0,0.0,0.0,10.0,0.0,0.0,0.0,10.0
1446040147170861660,44,1446040147165610074,robocape_mag,21.3,-10.8,-7.65,10.0,0.0,0.0,0.0,10.0,0.0,0.0,0.0,10.0
1446040147205046285,45,1446040147200125932,robocape_mag,21.3,-10.8,-7.65,10.0,0.0,0.0,0.0,10.0,0.0,0.0,0.0,10.0
1446040147245298660,46,1446040147240025043,robocape_mag,24.9,-21.6,-28.65,10.0,0.0,0.0,0.0,10.0,0.0,0.0,0.0,10.0
1446040147275959701,47,1446040147270951032,robocape_mag,24.9,-21.6,-28.65,10.0,0.0,0.0,0.0,10.0,0.0,0.0,0.0,10.0
1446040147314066868,48,1446040147308614969,robocape_mag,24.9,-21.6,-28.65,10.0,0.0,0.0,0.0,10.0,0.0,0.0,0.0,10.0
1446040147349712368,49,1446040147344645023,robocape_mag,24.9,-21.6,-28.65,10.0,0.0,0.0,0.0,10.0,0.0,0.0,0.0,10.0
1446040147384569993,50,1446040147379662036,robocape_mag,24.9,-21.6,-28.65,10.0,0.0,0.0,0.0,10.0,0.0,0.0,0.0,10.0
1446040147426630660,51,1446040147418554067,robocape_mag,7.8,-8.7,-23.55,10.0,0.0,0.0,0.0,10.0,0.0,0.0,0.0,10.0
1446040147463617993,52,1446040147454900979,robocape_mag,7.8,-8.7,-23.55,10.0,0.0,0.0,0.0,10.0,0.0,0.0,0.0,10.0
1446040147495845201,53,1446040147490767955,robocape_mag,7.8,-8.7,-23.55,10.0,0.0,0.0,0.0,10.0,0.0,0.0,0.0,10.0
1446040147530917118,54,1446040147525842905,robocape_mag,7.8,-8.7,-23.55,10.0,0.0,0.0,0.0,10.0,0.0,0.0,0.0,10.0
1446040147565760368,55,1446040147560522079,robocape_mag,9.3,-21.6,-4.65,10.0,0.0,0.0,0.0,10.0,0.0,0.0,0.0,10.0
1446040147600296160,56,1446040147595451116,robocape_mag,9.3,-21.6,-4.65,10.0,0.0,0.0,0.0,10.0,0.0,0.0,0.0,10.0
1446040147635115035,57,1446040147629853010,robocape_mag,9.3,-21.6,-4.65,10.0,0.0,0.0,0.0,10.0,0.0,0.0,0.0,10.0
1446040147670293952,58,1446040147665025949,robocape_mag,9.3,-21.6,-4.65,10.0,0.0,0.0,0.0,10.0,0.0,0.0,0.0,10.0
1446040147705711993,59,1446040147700711965,robocape_mag,9.3,-21.6,-4.65,10.0,0.0,0.0,0.0,10.0,0.0,0.0,0.0,10.0
1446040147739136243,60,1446040147734257936,robocape_mag,48.6,-32.7,-43.35,10.0,0.0,0.0,0.0,10.0,0.0,0.0,0.0,10.0
1446040147776794577,61,1446040147771769046,robocape_mag,48.6,-32.7,-43.35,10.0,0.0,0.0,0.0,10.0,0.0,0.0,0.0,10.0
1446040147825720618,62,1446040147820491075,robocape_mag,48.6,-32.7,-43.35,10.0,0.0,0.0,0.0,10.0,0.0,0.0,0.0,10.0
1446040147859950827,63,1446040147855108022,robocape_mag,48.6,-32.7,-43.35,10.0,0.0,0.0,0.0,10.0,0.0,0.0,0.0,10.0
1446040147894175493,64,1446040147889131069,robocape_mag,62.4,-34.5,-45.15,10.0,0.0,0.0,0.0,10.0,0.0,0.0,0.0,10.0
1446040147928509327,65,1446040147923342943,robocape_mag,62.4,-34.5,-45.15,10.0,0.0,0.0,0.0,10.0,0.0,0.0,0.0,10.0
1446040147965110035,66,1446040147959561109,robocape_mag,62.4,-34.5,-45.15,10.0,0.0,0.0,0.0,10.0,0.0,0.0,0.0,10.0
1446040148002252868,67,1446040147997349977,robocape_mag,62.4,-34.5,-45.15,10.0,0.0,0.0,0.0,10.0,0.0,0.0,0.0,10.0
1446040148042140660,68,1446040148036942958,robocape_mag,62.1,-22.8,-31.05,10.0,0.0,0.0,0.0,10.0,0.0,0.0,0.0,10.0
1446040148084874952,69,1446040148075350046,robocape_mag,62.1,-22.8,-31.05,10.0,0.0,0.0,0.0,10.0,0.0,0.0,0.0,10.0
1446040148116263743,70,1446040148110896110,robocape_mag,62.1,-22.8,-31.05,10.0,0.0,0.0,0.0,10.0,0.0,0.0,0.0,10.0
1446040148147564327,71,1446040148142332077,robocape_mag,62.1,-22.8,-31.05,10.0,0.0,0.0,0.0,10.0,0.0,0.0,0.0,10.0
1446040148184243243,72,1446040148179224967,robocape_mag,62.1,-22.8,-31.05,10.0,0.0,0.0,0.0,10.0,0.0,0.0,0.0,10.0
1446040148223662743,73,1446040148218810081,robocape_mag,65.7,-28.8,-36.45,10.0,0.0,0.0,0.0,10.0,0.0,0.0,0.0,10.0
1446040148266072619,74,1446040148255151033,robocape_mag,65.7,-28.8,-36.45,10.0,0.0,0.0,0.0,10.0,0.0,0.0,0.0,10.0
1446040148295167494,75,1446040148289875984,robocape_mag,65.7,-28.8,-36.45,10.0,0.0,0.0,0.0,10.0,0.0,0.0,0.0,10.0
1446040148334645285,76,1446040148325200080,robocape_mag,65.7,-28.8,-36.45,10.0,0.0,0.0,0.0,10.0,0.0,0.0,0.0,10.0
1446040148366430827,77,1446040148361608028,robocape_mag,64.5,-31.8,-33.45,10.0,0.0,0.0,0.0,10.0,0.0,0.0,0.0,10.0
1446040148400486077,78,1446040148395319938,robocape_mag,64.5,-31.8,-33.45,10.0,0.0,0.0,0.0,10.0,0.0,0.0,0.0,10.0
1446040148434162952,79,1446040148429172039,robocape_mag,64.5,-31.8,-33.45,10.0,0.0,0.0,0.0,10.0,0.0,0.0,0.0,10.0
1446040148470740535,80,1446040148465135097,robocape_mag,64.5,-31.8,-33.45,10.0,0.0,0.0,0.0,10.0,0.0,0.0,0.0,10.0
1446040148508010785,81,1446040148502350091,robocape_mag,64.5,-31.8,-33.45,10.0,0.0,0.0,0.0,10.0,0.0,0.0,0.0,10.0
1446040148541990994,82,1446040148536695003,robocape_mag,67.5,-31.8,-36.45,10.0,0.0,0.0,0.0,10.0,0.0,0.0,0.0,10.0
1446040148578460702,83,1446040148573153972,robocape_mag,67.5,-31.8,-36.45,10.0,0.0,0.0,0.0,10.0,0.0,0.0,0.0,10.0
1446040148615823785,84,1446040148607456922,robocape_mag,67.5,-31.8,-36.45,10.0,0.0,0.0,0.0,10.0,0.0,0.0,0.0,10.0
1446040148648613160,85,1446040148643512010,robocape_mag,67.5,-31.8,-36.45,10.0,0.0,0.0,0.0,10.0,0.0,0.0,0.0,10.0
1446040148688117119,86,1446040148678916931,robocape_mag,63.6,-29.7,-37.35,10.0,0.0,0.0,0.0,10.0,0.0,0.0,0.0,10.0
1446040148717879327,87,1446040148712682008,robocape_mag,63.6,-29.7,-37.35,10.0,0.0,0.0,0.0,10.0,0.0,0.0,0.0,10.0
1446040148755656119,88,1446040148747865915,robocape_mag,63.6,-29.7,-37.35,10.0,0.0,0.0,0.0,10.0,0.0,0.0,0.0,10.0
1446040148793624910,89,1446040148788712024,robocape_mag,63.6,-29.7,-37.35,10.0,0.0,0.0,0.0,10.0,0.0,0.0,0.0,10.0
1446040148841479452,90,1446040148832395076,robocape_mag,62.7,-30.0,-35.25,10.0,0.0,0.0,0.0,10.0,0.0,0.0,0.0,10.0
1446040148872897952,91,1446040148867871046,robocape_mag,62.7,-30.0,-35.25,10.0,0.0,0.0,0.0,10.0,0.0,0.0,0.0,10.0
1446040148906139577,92,1446040148901271104,robocape_mag,62.7,-30.0,-35.25,10.0,0.0,0.0,0.0,10.0,0.0,0.0,0.0,10.0
1446040148941647702,93,1446040148934329032,robocape_mag,62.7,-30.0,-35.25,10.0,0.0,0.0,0.0,10.0,0.0,0.0,0.0,10.0
1446040148976984036,94,1446040148972160100,robocape_mag,62.7,-30.0,-35.25,10.0,0.0,0.0,0.0,10.0,0.0,0.0,0.0,10.0
1446040149011203077,95,1446040149006315946,robocape_mag,67.2,-31.5,-34.95,10.0,0.0,0.0,0.0,10.0,0.0,0.0,0.0,10.0
1446040149047269244,96,1446040149041744947,robocape_mag,67.2,-31.5,-34.95,10.0,0.0,0.0,0.0,10.0,0.0,0.0,0.0,10.0
1446040149082996702,97,1446040149077928066,robocape_mag,67.2,-31.5,-34.95,10.0,0.0,0.0,0.0,10.0,0.0,0.0,0.0,10.0
1446040149119882869,98,1446040149114870071,robocape_mag,67.2,-31.5,-34.95,10.0,0.0,0.0,0.0,10.0,0.0,0.0,0.0,10.0
1446040149156638786,99,1446040149151835918,robocape_mag,65.1,-29.4,-35.25,10.0,0.0,0.0,0.0,10.0,0.0,0.0,0.0,10.0
1446040149192982202,100,1446040149188086986,robocape_mag,65.1,-29.4,-35.25,10.0,0.0,0.0,0.0,10.0,0.0,0.0,0.0,10.0
1446040149232235036,101,1446040149226466894,robocape_mag,65.1,-29.4,-35.25,10.0,0.0,0.0,0.0,10.0,0.0,0.0,0.0,10.0
1446040149270184077,102,1446040149261549949,robocape_mag,65.1,-29.4,-35.25,10.0,0.0,0.0,0.0,10.0,0.0,0.0,0.0,10.0
1446040149301478036,103,1446040149296525955,robocape_mag,65.1,-29.4,-35.25,10.0,0.0,0.0,0.0,10.0,0.0,0.0,0.0,10.0
1446040149338890286,104,1446040149330872058,robocape_mag,63.3,-31.2,-35.25,10.0,0.0,0.0,0.0,10.0,0.0,0.0,0.0,10.0
1446040149371468452,105,1446040149366534948,robocape_mag,63.3,-31.2,-35.25,10.0,0.0,0.0,0.0,10.0,0.0,0.0,0.0,10.0
1446040149405748702,106,1446040149400871038,robocape_mag,63.3,-31.2,-35.25,10.0,0.0,0.0,0.0,10.0,0.0,0.0,0.0,10.0
1446040149440298286,107,1446040149435116052,robocape_mag,63.3,-31.2,-35.25,10.0,0.0,0.0,0.0,10.0,0.0,0.0,0.0,10.0
1446040149475930202,108,1446040149470797061,robocape_mag,64.8,-28.5,-36.75,10.0,0.0,0.0,0.0,10.0,0.0,0.0,0.0,10.0
1446040149505996911,109,1446040149501180887,robocape_mag,64.8,-28.5,-36.75,10.0,0.0,0.0,0.0,10.0,0.0,0.0,0.0,10.0
1446040149536203577,110,1446040149531023025,robocape_mag,64.8,-28.5,-36.75,10.0,0.0,0.0,0.0,10.0,0.0,0.0,0.0,10.0
1446040149570895661,111,1446040149565855026,robocape_mag,64.8,-28.5,-36.75,10.0,0.0,0.0,0.0,10.0,0.0,0.0,0.0,10.0
1446040149604710619,112,1446040149599817991,robocape_mag,64.8,-28.5,-36.75,10.0,0.0,0.0,0.0,10.0,0.0,0.0,0.0,10.0
1446040149639945744,113,1446040149634248971,robocape_mag,65.4,-31.5,-37.95,10.0,0.0,0.0,0.0,10.0,0.0,0.0,0.0,10.0
1446040149676789078,114,1446040149671643972,robocape_mag,65.4,-31.5,-37.95,10.0,0.0,0.0,0.0,10.0,0.0,0.0,0.0,10.0
1446040149711237703,115,1446040149706316947,robocape_mag,65.4,-31.5,-37.95,10.0,0.0,0.0,0.0,10.0,0.0,0.0,0.0,10.0
1446040149746757203,116,1446040149741769075,robocape_mag,65.4,-31.5,-37.95,10.0,0.0,0.0,0.0,10.0,0.0,0.0,0.0,10.0
1446040149788811411,117,1446040149776202917,robocape_mag,65.4,-31.5,-37.95,10.0,0.0,0.0,0.0,10.0,0.0,0.0,0.0,10.0
1446040149824452328,118,1446040149819036006,robocape_mag,67.2,-30.9,-34.95,10.0,0.0,0.0,0.0,10.0,0.0,0.0,0.0,10.0
1446040149859333536,119,1446040149854100942,robocape_mag,67.2,-30.9,-34.95,10.0,0.0,0.0,0.0,10.0,0.0,0.0,0.0,10.0
1446040149893525744,120,1446040149888266086,robocape_mag,67.2,-30.9,-34.95,10.0,0.0,0.0,0.0,10.0,0.0,0.0,0.0,10.0
1446040149928503703,121,1446040149923051118,robocape_mag,67.2,-30.9,-34.95,10.0,0.0,0.0,0.0,10.0,0.0,0.0,0.0,10.0
1446040149965877536,122,1446040149960886955,robocape_mag,67.8,-27.3,-34.95,10.0,0.0,0.0,0.0,10.0,0.0,0.0,0.0,10.0
1446040150000694453,123,1446040149995568990,robocape_mag,67.8,-27.3,-34.95,10.0,0.0,0.0,0.0,10.0,0.0,0.0,0.0,10.0
1446040150039532828,124,1446040150032789945,robocape_mag,67.8,-27.3,-34.95,10.0,0.0,0.0,0.0,10.0,0.0,0.0,0.0,10.0
1446040150074536036,125,1446040150069643020,robocape_mag,67.8,-27.3,-34.95,10.0,0.0,0.0,0.0,10.0,0.0,0.0,0.0,10.0
1446040150108576703,126,1446040150103660106,robocape_mag,67.8,-27.3,-34.95,10.0,0.0,0.0,0.0,10.0,0.0,0.0,0.0,10.0
1446040150147236244,127,1446040150138027906,robocape_mag,64.2,-31.5,-36.15,10.0,0.0,0.0,0.0,10.0,0.0,0.0,0.0,10.0
1446040150178836369,128,1446040150174010992,robocape_mag,64.2,-31.5,-36.15,10.0,0.0,0.0,0.0,10.0,0.0,0.0,0.0,10.0
1446040150212614619,129,1446040150207614898,robocape_mag,64.2,-31.5,-36.15,10.0,0.0,0.0,0.0,10.0,0.0,0.0,0.0,10.0
1446040150249297703,130,1446040150243618965,robocape_mag,64.2,-31.5,-36.15,10.0,0.0,0.0,0.0,10.0,0.0,0.0,0.0,10.0
1446040150283089578,131,1446040150277393102,robocape_mag,64.8,-30.3,-36.15,10.0,0.0,0.0,0.0,10.0,0.0,0.0,0.0,10.0
1446040150321250203,132,1446040150311952114,robocape_mag,64.8,-30.3,-36.15,10.0,0.0,0.0,0.0,10.0,0.0,0.0,0.0,10.0
1446040150354107161,133,1446040150348881959,robocape_mag,64.8,-30.3,-36.15,10.0,0.0,0.0,0.0,10.0,0.0,0.0,0.0,10.0
1446040150387253870,134,1446040150382320880,robocape_mag,64.8,-30.3,-36.15,10.0,0.0,0.0,0.0,10.0,0.0,0.0,0.0,10.0
1446040150420720078,135,1446040150415760040,robocape_mag,64.8,-30.3,-36.15,10.0,0.0,0.0,0.0,10.0,0.0,0.0,0.0,10.0
1446040150457823495,136,1446040150452761888,robocape_mag,63.9,-31.2,-36.45,10.0,0.0,0.0,0.0,10.0,0.0,0.0,0.0,10.0
1446040150496872203,137,1446040150491774082,robocape_mag,63.9,-31.2,-36.45,10.0,0.0,0.0,0.0,10.0,0.0,0.0,0.0,10.0
1446040150530305953,138,1446040150524317026,robocape_mag,63.9,-31.2,-36.45,10.0,0.0,0.0,0.0,10.0,0.0,0.0,0.0,10.0
1446040150562181036,139,1446040150557142019,robocape_mag,63.9,-31.2,-36.45,10.0,0.0,0.0,0.0,10.0,0.0,0.0,0.0,10.0
1446040150602875036,140,1446040150595052957,robocape_mag,64.2,-29.1,-36.15,10.0,0.0,0.0,0.0,10.0,0.0,0.0,0.0,10.0
1446040150643483245,141,1446040150634351968,robocape_mag,64.2,-29.1,-36.15,10.0,0.0,0.0,0.0,10.0,0.0,0.0,0.0,10.0
1446040150678278828,142,1446040150672981023,robocape_mag,64.2,-29.1,-36.15,10.0,0.0,0.0,0.0,10.0,0.0,0.0,0.0,10.0
1446040150713548661,143,1446040150708662033,robocape_mag,64.2,-29.1,-36.15,10.0,0.0,0.0,0.0,10.0,0.0,0.0,0.0,10.0
1446040150750738786,144,1446040150743474960,robocape_mag,64.2,-29.1,-36.15,10.0,0.0,0.0,0.0,10.0,0.0,0.0,0.0,10.0
1446040150789390745,145,1446040150777194023,robocape_mag,66.9,-29.4,-34.05,10.0,0.0,0.0,0.0,10.0,0.0,0.0,0.0,10.0
1446040150826472120,146,1446040150821214914,robocape_mag,66.9,-29.4,-34.05,10.0,0.0,0.0,0.0,10.0,0.0,0.0,0.0,10.0
1446040150864324453,147,1446040150857969045,robocape_mag,66.9,-29.4,-34.05,10.0,0.0,0.0,0.0,10.0,0.0,0.0,0.0,10.0
1446040150900949786,148,1446040150895163059,robocape_mag,66.9,-29.4,-34.05,10.0,0.0,0.0,0.0,10.0,0.0,0.0,0.0,10.0
1446040150941183453,149,1446040150934906959,robocape_mag,67.8,-30.3,-35.55,10.0,0.0,0.0,0.0,10.0,0.0,0.0,0.0,10.0
1446040150979063995,150,1446040150974224090,robocape_mag,67.8,-30.3,-35.55,10.0,0.0,0.0,0.0,10.0,0.0,0.0,0.0,10.0
1446040151013619203,151,1446040151008421897,robocape_mag,67.8,-30.3,-35.55,10.0,0.0,0.0,0.0,10.0,0.0,0.0,0.0,10.0
1446040151043128495,152,1446040151038038015,robocape_mag,67.8,-30.3,-35.55,10.0,0.0,0.0,0.0,10.0,0.0,0.0,0.0,10.0
1446040151074795912,153,1446040151069797039,robocape_mag,67.2,-30.3,-37.35,10.0,0.0,0.0,0.0,10.0,0.0,0.0,0.0,10.0
1446040151104748078,154,1446040151099631071,robocape_mag,67.2,-30.3,-37.35,10.0,0.0,0.0,0.0,10.0,0.0,0.0,0.0,10.0
1446040151143671162,155,1446040151136244058,robocape_mag,67.2,-30.3,-37.35,10.0,0.0,0.0,0.0,10.0,0.0,0.0,0.0,10.0
1446040151180138703,156,1446040151175304889,robocape_mag,67.2,-30.3,-37.35,10.0,0.0,0.0,0.0,10.0,0.0,0.0,0.0,10.0
1446040151219590162,157,1446040151213359117,robocape_mag,67.2,-30.3,-37.35,10.0,0.0,0.0,0.0,10.0,0.0,0.0,0.0,10.0
1446040151255932828,158,1446040151250550985,robocape_mag,63.6,-28.5,-36.15,10.0,0.0,0.0,0.0,10.0,0.0,0.0,0.0,10.0
1446040151289895037,159,1446040151284918069,robocape_mag,63.6,-28.5,-36.15,10.0,0.0,0.0,0.0,10.0,0.0,0.0,0.0,10.0
1446040151323970912,160,1446040151318841934,robocape_mag,63.6,-28.5,-36.15,10.0,0.0,0.0,0.0,10.0,0.0,0.0,0.0,10.0
1446040151360185203,161,1446040151355022907,robocape_mag,63.6,-28.5,-36.15,10.0,0.0,0.0,0.0,10.0,0.0,0.0,0.0,10.0
1446040151393722245,162,1446040151388657093,robocape_mag,63.6,-28.5,-35.25,10.0,0.0,0.0,0.0,10.0,0.0,0.0,0.0,10.0
1446040151424632203,163,1446040151419784069,robocape_mag,62.7,-30.0,-35.25,10.0,0.0,0.0,0.0,10.0,0.0,0.0,0.0,10.0
1446040151461331412,164,1446040151456305027,robocape_mag,62.7,-30.0,-35.25,10.0,0.0,0.0,0.0,10.0,0.0,0.0,0.0,10.0
1446040151502540537,165,1446040151492597103,robocape_mag,62.7,-30.0,-35.25,10.0,0.0,0.0,0.0,10.0,0.0,0.0,0.0,10.0
1446040151536267995,166,1446040151526634931,robocape_mag,62.7,-30.0,-35.25,10.0,0.0,0.0,0.0,10.0,0.0,0.0,0.0,10.0
1446040151567860453,167,1446040151562902927,robocape_mag,65.4,-28.5,-34.95,10.0,0.0,0.0,0.0,10.0,0.0,0.0,0.0,10.0
1446040151602549245,168,1446040151597517967,robocape_mag,65.4,-28.5,-34.95,10.0,0.0,0.0,0.0,10.0,0.0,0.0,0.0,10.0
1446040151640916953,169,1446040151631901025,robocape_mag,65.4,-28.5,-34.95,10.0,0.0,0.0,0.0,10.0,0.0,0.0,0.0,10.0
1446040151672090287,170,1446040151666953086,robocape_mag,65.4,-28.5,-34.95,10.0,0.0,0.0,0.0,10.0,0.0,0.0,0.0,10.0
1446040151707296995,171,1446040151702254056,robocape_mag,65.4,-28.5,-34.95,10.0,0.0,0.0,0.0,10.0,0.0,0.0,0.0,10.0
1446040151742077037,172,1446040151736991882,robocape_mag,62.7,-29.4,-35.85,10.0,0.0,0.0,0.0,10.0,0.0,0.0,0.0,10.0
1446040151777773954,173,1446040151772138118,robocape_mag,62.7,-29.4,-35.85,10.0,0.0,0.0,0.0,10.0,0.0,0.0,0.0,10.0
1446040151827277662,174,1446040151821629047,robocape_mag,62.7,-29.4,-35.85,10.0,0.0,0.0,0.0,10.0,0.0,0.0,0.0,10.0
1446040151865968287,175,1446040151855567932,robocape_mag,62.7,-29.4,-35.85,10.0,0.0,0.0,0.0,10.0,0.0,0.0,0.0,10.0
1446040151897339704,176,1446040151890219926,robocape_mag,67.5,-31.2,-38.25,10.0,0.0,0.0,0.0,10.0,0.0,0.0,0.0,10.0
1446040151928859704,177,1446040151923954010,robocape_mag,67.5,-31.2,-38.25,10.0,0.0,0.0,0.0,10.0,0.0,0.0,0.0,10.0
1446040151967147537,178,1446040151961417913,robocape_mag,67.5,-31.2,-38.25,10.0,0.0,0.0,0.0,10.0,0.0,0.0,0.0,10.0
1446040152006637912,179,1446040151996433019,robocape_mag,67.5,-31.2,-38.25,10.0,0.0,0.0,0.0,10.0,0.0,0.0,0.0,10.0
1446040152040314995,180,1446040152031193017,robocape_mag,66.9,-29.4,-35.85,10.0,0.0,0.0,0.0,10.0,0.0,0.0,0.0,10.0
1446040152074707204,181,1446040152067946910,robocape_mag,66.9,-29.4,-35.85,10.0,0.0,0.0,0.0,10.0,0.0,0.0,0.0,10.0
1446040152107460287,182,1446040152102154016,robocape_mag,66.9,-29.4,-35.85,10.0,0.0,0.0,0.0,10.0,0.0,0.0,0.0,10.0
1446040152141083995,183,1446040152135271072,robocape_mag,66.9,-29.4,-35.85,10.0,0.0,0.0,0.0,10.0,0.0,0.0,0.0,10.0
1446040152175773370,184,1446040152170777082,robocape_mag,66.9,-29.4,-35.85,10.0,0.0,0.0,0.0,10.0,0.0,0.0,0.0,10.0
1446040152210497162,185,1446040152205343008,robocape_mag,69.0,-24.3,-24.75,10.0,0.0,0.0,0.0,10.0,0.0,0.0,0.0,10.0
1446040152245351120,186,1446040152240454912,robocape_mag,69.0,-24.3,-24.75,10.0,0.0,0.0,0.0,10.0,0.0,0.0,0.0,10.0
1446040152280998412,187,1446040152275810956,robocape_mag,69.0,-24.3,-24.75,10.0,0.0,0.0,0.0,10.0,0.0,0.0,0.0,10.0
1446040152316786037,188,1446040152311536073,robocape_mag,69.0,-24.3,-24.75,10.0,0.0,0.0,0.0,10.0,0.0,0.0,0.0,10.0
1446040152354037454,189,1446040152346606016,robocape_mag,69.0,-24.3,-24.75,10.0,0.0,0.0,0.0,10.0,0.0,0.0,0.0,10.0
1446040152389019204,190,1446040152383985996,robocape_mag,56.1,-7.2,-17.85,10.0,0.0,0.0,0.0,10.0,0.0,0.0,0.0,10.0
1446040152423110620,191,1446040152417983055,robocape_mag,56.1,-7.2,-17.85,10.0,0.0,0.0,0.0,10.0,0.0,0.0,0.0,10.0
1446040152463442079,192,1446040152456801891,robocape_mag,56.1,-7.2,-17.85,10.0,0.0,0.0,0.0,10.0,0.0,0.0,0.0,10.0
1446040152499703162,193,1446040152491338968,robocape_mag,56.1,-7.2,-17.85,10.0,0.0,0.0,0.0,10.0,0.0,0.0,0.0,10.0
1446040152531299996,194,1446040152526016950,robocape_mag,50.7,-8.4,-11.85,10.0,0.0,0.0,0.0,10.0,0.0,0.0,0.0,10.0
1446040152568049079,195,1446040152560985088,robocape_mag,50.7,-8.4,-11.85,10.0,0.0,0.0,0.0,10.0,0.0,0.0,0.0,10.0
1446040152603961037,196,1446040152599168062,robocape_mag,50.7,-8.4,-11.85,10.0,0.0,0.0,0.0,10.0,0.0,0.0,0.0,10.0
1446040152640255162,197,1446040152635375022,robocape_mag,50.7,-8.4,-11.85,10.0,0.0,0.0,0.0,10.0,0.0,0.0,0.0,10.0
1446040152678227621,198,1446040152669346094,robocape_mag,50.7,-14.4,-7.05,10.0,0.0,0.0,0.0,10.0,0.0,0.0,0.0,10.0
1446040152709374537,199,1446040152704381942,robocape_mag,40.5,-14.4,-7.05,10.0,0.0,0.0,0.0,10.0,0.0,0.0,0.0,10.0
1446040152744672746,200,1446040152739413976,robocape_mag,40.5,-14.4,-7.05,10.0,0.0,0.0,0.0,10.0,0.0,0.0,0.0,10.0
1446040152787986246,201,1446040152774303913,robocape_mag,40.5,-14.4,-7.05,10.0,0.0,0.0,0.0,10.0,0.0,0.0,0.0,10.0
1446040152827166871,202,1446040152821975946,robocape_mag,40.5,-14.4,-7.05,10.0,0.0,0.0,0.0,10.0,0.0,0.0,0.0,10.0
1446040152867910746,203,1446040152857841014,robocape_mag,36.9,-19.8,-5.25,10.0,0.0,0.0,0.0,10.0,0.0,0.0,0.0,10.0
1446040152898665787,204,1446040152892950057,robocape_mag,36.9,-19.8,-5.25,10.0,0.0,0.0,0.0,10.0,0.0,0.0,0.0,10.0
1446040152932741662,205,1446040152927889108,robocape_mag,36.9,-19.8,-5.25,10.0,0.0,0.0,0.0,10.0,0.0,0.0,0.0,10.0
1446040152969017829,206,1446040152963637113,robocape_mag,36.9,-19.8,-5.25,10.0,0.0,0.0,0.0,10.0,0.0,0.0,0.0,10.0
1446040153005534454,207,1446040153000273942,robocape_mag,42.0,-23.7,-4.35,10.0,0.0,0.0,0.0,10.0,0.0,0.0,0.0,10.0
1446040153040604704,208,1446040153034871101,robocape_mag,42.0,-23.7,-4.35,10.0,0.0,0.0,0.0,10.0,0.0,0.0,0.0,10.0
1446040153078773912,209,1446040153070022106,robocape_mag,42.0,-23.7,-4.35,10.0,0.0,0.0,0.0,10.0,0.0,0.0,0.0,10.0
1446040153114488287,210,1446040153107614040,robocape_mag,42.0,-23.7,-4.35,10.0,0.0,0.0,0.0,10.0,0.0,0.0,0.0,10.0
1446040153150108663,211,1446040153144454002,robocape_mag,42.0,-23.7,-4.35,10.0,0.0,0.0,0.0,10.0,0.0,0.0,0.0,10.0
1446040153191059371,212,1446040153183795928,robocape_mag,41.1,-24.0,-4.65,10.0,0.0,0.0,0.0,10.0,0.0,0.0,0.0,10.0
1446040153225755246,213,1446040153220266103,robocape_mag,41.1,-24.0,-4.65,10.0,0.0,0.0,0.0,10.0,0.0,0.0,0.0,10.0
1446040153262121454,214,1446040153256408929,robocape_mag,41.1,-24.0,-4.65,10.0,0.0,0.0,0.0,10.0,0.0,0.0,0.0,10.0
1446040153295889288,215,1446040153290806055,robocape_mag,41.1,-24.0,-4.65,10.0,0.0,0.0,0.0,10.0,0.0,0.0,0.0,10.0
1446040153330818538,216,1446040153325679063,robocape_mag,42.3,-21.6,-5.85,10.0,0.0,0.0,0.0,10.0,0.0,0.0,0.0,10.0
1446040153366387496,217,1446040153361272096,robocape_mag,42.3,-21.6,-5.85,10.0,0.0,0.0,0.0,10.0,0.0,0.0,0.0,10.0
1446040153403854663,218,1446040153395548105,robocape_mag,42.3,-21.6,-5.85,10.0,0.0,0.0,0.0,10.0,0.0,0.0,0.0,10.0
1446040153435813204,219,1446040153430727958,robocape_mag,42.3,-21.6,-5.85,10.0,0.0,0.0,0.0,10.0,0.0,0.0,0.0,10.0
1446040153474363788,220,1446040153467406034,robocape_mag,42.3,-21.6,-5.85,10.0,0.0,0.0,0.0,10.0,0.0,0.0,0.0,10.0
1446040153510265829,221,1446040153505470991,robocape_mag,45.6,-18.3,-1.35,10.0,0.0,0.0,0.0,10.0,0.0,0.0,0.0,10.0
1446040153546849746,222,1446040153541631937,robocape_mag,45.6,-18.3,-1.35,10.0,0.0,0.0,0.0,10.0,0.0,0.0,0.0,10.0
1446040153586044704,223,1446040153580607891,robocape_mag,45.6,-18.3,-1.35,10.0,0.0,0.0,0.0,10.0,0.0,0.0,0.0,10.0
1446040153619456288,224,1446040153614173889,robocape_mag,45.6,-18.3,-1.35,10.0,0.0,0.0,0.0,10.0,0.0,0.0,0.0,10.0
1446040153655255621,225,1446040153648731946,robocape_mag,37.8,-15.9,4.65,10.0,0.0,0.0,0.0,10.0,0.0,0.0,0.0,10.0
1446040153691363954,226,1446040153683412075,robocape_mag,37.8,-15.9,4.65,10.0,0.0,0.0,0.0,10.0,0.0,0.0,0.0,10.0
1446040153724935163,227,1446040153719957113,robocape_mag,37.8,-15.9,4.65,10.0,0.0,0.0,0.0,10.0,0.0,0.0,0.0,10.0
1446040153763789413,228,1446040153754270076,robocape_mag,37.8,-15.9,4.65,10.0,0.0,0.0,0.0,10.0,0.0,0.0,0.0,10.0
1446040153802743329,229,1446040153792311906,robocape_mag,37.8,-15.3,10.05,10.0,0.0,0.0,0.0,10.0,0.0,0.0,0.0,10.0
1446040153836421579,230,1446040153831567049,robocape_mag,37.8,-15.3,10.05,10.0,0.0,0.0,0.0,10.0,0.0,0.0,0.0,10.0
1446040153872385955,231,1446040153867471933,robocape_mag,37.8,-15.3,10.05,10.0,0.0,0.0,0.0,10.0,0.0,0.0,0.0,10.0
1446040153908437663,232,1446040153903546094,robocape_mag,37.8,-15.3,10.05,10.0,0.0,0.0,0.0,10.0,0.0,0.0,0.0,10.0
1446040153952643538,233,1446040153941241979,robocape_mag,37.8,-15.3,10.05,10.0,0.0,0.0,0.0,10.0,0.0,0.0,0.0,10.0
1446040153984999538,234,1446040153979823112,robocape_mag,27.0,-14.7,18.45,10.0,0.0,0.0,0.0,10.0,0.0,0.0,0.0,10.0
1446040154019892288,235,1446040154013689994,robocape_mag,27.0,-14.7,18.45,10.0,0.0,0.0,0.0,10.0,0.0,0.0,0.0,10.0
1446040154054583455,236,1446040154049209117,robocape_mag,27.0,-14.7,18.45,10.0,0.0,0.0,0.0,10.0,0.0,0.0,0.0,10.0
1446040154090057080,237,1446040154085212945,robocape_mag,27.0,-14.7,18.45,10.0,0.0,0.0,0.0,10.0,0.0,0.0,0.0,10.0
1446040154124954955,238,1446040154119827032,robocape_mag,22.2,-12.9,21.45,10.0,0.0,0.0,0.0,10.0,0.0,0.0,0.0,10.0
1446040154165030496,239,1446040154157830953,robocape_mag,22.2,-12.9,21.45,10.0,0.0,0.0,0.0,10.0,0.0,0.0,0.0,10.0
1446040154204055996,240,1446040154197474956,robocape_mag,22.2,-12.9,21.45,10.0,0.0,0.0,0.0,10.0,0.0,0.0,0.0,10.0
1446040154239854830,241,1446040154231662988,robocape_mag,22.2,-12.9,21.45,10.0,0.0,0.0,0.0,10.0,0.0,0.0,0.0,10.0
1446040154276866080,242,1446040154269004106,robocape_mag,22.2,-12.9,22.95,10.0,0.0,0.0,0.0,10.0,0.0,0.0,0.0,10.0
1446040154310827038,243,1446040154305916070,robocape_mag,18.3,-12.0,22.95,10.0,0.0,0.0,0.0,10.0,0.0,0.0,0.0,10.0
1446040154343471246,244,1446040154338253974,robocape_mag,18.3,-12.0,22.95,10.0,0.0,0.0,0.0,10.0,0.0,0.0,0.0,10.0
1446040154383050246,245,1446040154377701997,robocape_mag,18.3,-12.0,22.95,10.0,0.0,0.0,0.0,10.0,0.0,0.0,0.0,10.0
1446040154425912038,246,1446040154415916919,robocape_mag,18.3,-12.0,22.95,10.0,0.0,0.0,0.0,10.0,0.0,0.0,0.0,10.0
1446040154460273830,247,1446040154452202081,robocape_mag,18.0,-16.5,23.25,10.0,0.0,0.0,0.0,10.0,0.0,0.0,0.0,10.0
1446040154494928746,248,1446040154490010023,robocape_mag,18.0,-16.5,23.25,10.0,0.0,0.0,0.0,10.0,0.0,0.0,0.0,10.0
1446040154528374955,249,1446040154523550987,robocape_mag,18.0,-16.5,23.25,10.0,0.0,0.0,0.0,10.0,0.0,0.0,0.0,10.0
1446040154566413205,250,1446040154557495117,robocape_mag,18.0,-16.5,23.25,10.0,0.0,0.0,0.0,10.0,0.0,0.0,0.0,10.0
1446040154593399247,251,1446040154588567972,robocape_mag,18.0,-16.5,11.55,10.0,0.0,0.0,0.0,10.0,0.0,0.0,0.0,10.0
1446040154628144580,252,1446040154623051881,robocape_mag,20.7,-19.2,11.55,10.0,0.0,0.0,0.0,10.0,0.0,0.0,0.0,10.0
1446040154663703497,253,1446040154657267093,robocape_mag,20.7,-19.2,11.55,10.0,0.0,0.0,0.0,10.0,0.0,0.0,0.0,10.0
1446040154698119622,254,1446040154692994117,robocape_mag,20.7,-19.2,11.55,10.0,0.0,0.0,0.0,10.0,0.0,0.0,0.0,10.0
1446040154732823705,255,1446040154727993965,robocape_mag,20.7,-19.2,11.55,10.0,0.0,0.0,0.0,10.0,0.0,0.0,0.0,10.0
1446040154771007705,256,1446040154765434026,robocape_mag,15.3,-18.0,18.15,10.0,0.0,0.0,0.0,10.0,0.0,0.0,0.0,10.0
1446040154813279247,257,1446040154808305025,robocape_mag,15.3,-18.0,18.15,10.0,0.0,0.0,0.0,10.0,0.0,0.0,0.0,10.0
1446040154852285997,258,1446040154847160100,robocape_mag,15.3,-18.0,18.15,10.0,0.0,0.0,0.0,10.0,0.0,0.0,0.0,10.0
1446040154892567997,259,1446040154887563943,robocape_mag,15.3,-18.0,18.15,10.0,0.0,0.0,0.0,10.0,0.0,0.0,0.0,10.0
1446040154926745705,260,1446040154921771049,robocape_mag,17.7,-10.8,30.75,10.0,0.0,0.0,0.0,10.0,0.0,0.0,0.0,10.0
1446040154970192247,261,1446040154960005044,robocape_mag,17.7,-10.8,30.75,10.0,0.0,0.0,0.0,10.0,0.0,0.0,0.0,10.0
1446040155001414080,262,1446040154995856046,robocape_mag,17.7,-10.8,30.75,10.0,0.0,0.0,0.0,10.0,0.0,0.0,0.0,10.0
1446040155039710455,263,1446040155030369043,robocape_mag,17.7,-10.8,30.75,10.0,0.0,0.0,0.0,10.0,0.0,0.0,0.0,10.0
1446040155070799830,264,1446040155065402984,robocape_mag,17.7,-10.8,30.75,10.0,0.0,0.0,0.0,10.0,0.0,0.0,0.0,10.0
1446040155105009205,265,1446040155099950075,robocape_mag,9.9,2.4,3.75,10.0,0.0,0.0,0.0,10.0,0.0,0.0,0.0,10.0
1446040155140557705,266,1446040155135698080,robocape_mag,9.9,2.4,3.75,10.0,0.0,0.0,0.0,10.0,0.0,0.0,0.0,10.0
1446040155174813830,267,1446040155169519901,robocape_mag,9.9,2.4,3.75,10.0,0.0,0.0,0.0,10.0,0.0,0.0,0.0,10.0
1446040155209429122,268,1446040155204540967,robocape_mag,9.9,2.4,3.75,10.0,0.0,0.0,0.0,10.0,0.0,0.0,0.0,10.0
1446040155245056789,269,1446040155239515066,robocape_mag,8.7,-1.8,0.75,10.0,0.0,0.0,0.0,10.0,0.0,0.0,0.0,10.0
1446040155279927914,270,1446040155274938106,robocape_mag,8.7,-1.8,0.75,10.0,0.0,0.0,0.0,10.0,0.0,0.0,0.0,10.0
1446040155316448289,271,1446040155311521053,robocape_mag,8.7,-1.8,0.75,10.0,0.0,0.0,0.0,10.0,0.0,0.0,0.0,10.0
1446040155352878664,272,1446040155348067998,robocape_mag,8.7,-1.8,0.75,10.0,0.0,0.0,0.0,10.0,0.0,0.0,0.0,10.0
1446040155391171872,273,1446040155385481119,robocape_mag,8.7,-1.8,0.75,10.0,0.0,0.0,0.0,10.0,0.0,0.0,0.0,10.0
1446040155430425789,274,1446040155419729948,robocape_mag,8.1,-0.6,1.35,10.0,0.0,0.0,0.0,10.0,0.0,0.0,0.0,10.0
1446040155460132872,275,1446040155454854011,robocape_mag,8.1,-0.6,1.35,10.0,0.0,0.0,0.0,10.0,0.0,0.0,0.0,10.0
1446040155497237789,276,1446040155492153882,robocape_mag,8.1,-0.6,1.35,10.0,0.0,0.0,0.0,10.0,0.0,0.0,0.0,10.0
1446040155531403705,277,1446040155526211023,robocape_mag,8.1,-0.6,1.35,10.0,0.0,0.0,0.0,10.0,0.0,0.0,0.0,10.0
1446040155568276039,278,1446040155561279058,robocape_mag,12.0,-0.3,2.25,10.0,0.0,0.0,0.0,10.0,0.0,0.0,0.0,10.0
1446040155602035955,279,1446040155596970081,robocape_mag,12.0,-0.3,2.25,10.0,0.0,0.0,0.0,10.0,0.0,0.0,0.0,10.0
1446040155636621997,280,1446040155631757020,robocape_mag,12.0,-0.3,2.25,10.0,0.0,0.0,0.0,10.0,0.0,0.0,0.0,10.0
1446040155676431372,281,1446040155669204950,robocape_mag,12.0,-0.3,2.25,10.0,0.0,0.0,0.0,10.0,0.0,0.0,0.0,10.0
1446040155712531205,282,1446040155707546949,robocape_mag,12.0,-0.3,2.25,10.0,0.0,0.0,0.0,10.0,0.0,0.0,0.0,10.0
1446040155753514289,283,1446040155746455907,robocape_mag,15.0,-2.1,1.05,10.0,0.0,0.0,0.0,10.0,0.0,0.0,0.0,10.0
1446040155790343414,284,1446040155778058052,robocape_mag,15.0,-2.1,1.05,10.0,0.0,0.0,0.0,10.0,0.0,0.0,0.0,10.0
1446040155830063164,285,1446040155825139999,robocape_mag,15.0,-2.1,1.05,10.0,0.0,0.0,0.0,10.0,0.0,0.0,0.0,10.0
1446040155867695455,286,1446040155860811948,robocape_mag,15.0,-2.1,1.05,10.0,0.0,0.0,0.0,10.0,0.0,0.0,0.0,10.0
1446040155904883330,287,1446040155899576902,robocape_mag,14.7,-1.2,1.95,10.0,0.0,0.0,0.0,10.0,0.0,0.0,0.0,10.0
1446040155938667872,288,1446040155933557033,robocape_mag,14.7,-1.2,1.95,10.0,0.0,0.0,0.0,10.0,0.0,0.0,0.0,10.0
1446040155978510831,289,1446040155972357034,robocape_mag,14.7,-1.2,1.95,10.0,0.0,0.0,0.0,10.0,0.0,0.0,0.0,10.0
1446040156012462206,290,1446040156007586956,robocape_mag,14.7,-1.2,1.95,10.0,0.0,0.0,0.0,10.0,0.0,0.0,0.0,10.0
1446040156045048081,291,1446040156040093898,robocape_mag,8.1,-1.8,1.35,10.0,0.0,0.0,0.0,10.0,0.0,0.0,0.0,10.0
1446040156082567664,292,1446040156075114011,robocape_mag,8.1,-1.8,1.35,10.0,0.0,0.0,0.0,10.0,0.0,0.0,0.0,10.0
1446040156115734831,293,1446040156110340118,robocape_mag,8.1,-1.8,1.35,10.0,0.0,0.0,0.0,10.0,0.0,0.0,0.0,10.0
1446040156152921414,294,1446040156148072957,robocape_mag,8.1,-1.8,1.35,10.0,0.0,0.0,0.0,10.0,0.0,0.0,0.0,10.0
1446040156191228456,295,1446040156185695886,robocape_mag,8.1,-1.8,1.35,10.0,0.0,0.0,0.0,10.0,0.0,0.0,0.0,10.0
1446040156227128122,296,1446040156222165107,robocape_mag,13.2,-2.1,0.45,10.0,0.0,0.0,0.0,10.0,0.0,0.0,0.0,10.0
1446040156262242456,297,1446040156257285118,robocape_mag,13.2,-2.1,0.45,10.0,0.0,0.0,0.0,10.0,0.0,0.0,0.0,10.0
1446040156297361956,298,1446040156292146921,robocape_mag,13.2,-2.1,0.45,10.0,0.0,0.0,0.0,10.0,0.0,0.0,0.0,10.0
1446040156332435331,299,1446040156325963020,robocape_mag,13.2,-2.1,0.45,10.0,0.0,0.0,0.0,10.0,0.0,0.0,0.0,10.0
1446040156369143414,300,1446040156363403081,robocape_mag,12.6,-0.9,0.45,10.0,0.0,0.0,0.0,10.0,0.0,0.0,0.0,10.0
1446040156403619956,301,1446040156398689985,robocape_mag,12.6,-0.9,0.45,10.0,0.0,0.0,0.0,10.0,0.0,0.0,0.0,10.0
1446040156444051081,302,1446040156434016942,robocape_mag,12.6,-0.9,0.45,10.0,0.0,0.0,0.0,10.0,0.0,0.0,0.0,10.0
1446040156477376956,303,1446040156469513893,robocape_mag,12.6,-0.9,0.45,10.0,0.0,0.0,0.0,10.0,0.0,0.0,0.0,10.0
1446040156514415956,304,1446040156504683017,robocape_mag,12.6,-0.9,0.45,10.0,0.0,0.0,0.0,10.0,0.0,0.0,0.0,10.0
1446040156541399497,305,1446040156536295890,robocape_mag,13.8,-0.3,0.45,10.0,0.0,0.0,0.0,10.0,0.0,0.0,0.0,10.0
1446040156579100622,306,1446040156573826074,robocape_mag,13.8,-0.3,0.45,10.0,0.0,0.0,0.0,10.0,0.0,0.0,0.0,10.0
1446040156616937247,307,1446040156610954999,robocape_mag,13.8,-0.3,0.45,10.0,0.0,0.0,0.0,10.0,0.0,0.0,0.0,10.0
1446040156652102706,308,1446040156647193908,robocape_mag,13.8,-0.3,0.45,10.0,0.0,0.0,0.0,10.0,0.0,0.0,0.0,10.0
1446040156689627123,309,1446040156684144973,robocape_mag,18.9,-1.8,0.15,10.0,0.0,0.0,0.0,10.0,0.0,0.0,0.0,10.0
1446040156727188123,310,1446040156718858003,robocape_mag,18.9,-1.8,0.15,10.0,0.0,0.0,0.0,10.0,0.0,0.0,0.0,10.0
1446040156753131206,311,1446040156748034954,robocape_mag,18.9,-1.8,0.15,10.0,0.0,0.0,0.0,10.0,0.0,0.0,0.0,10.0
1446040156796150623,312,1446040156786689043,robocape_mag,18.9,-1.8,0.15,10.0,0.0,0.0,0.0,10.0,0.0,0.0,0.0,10.0
1446040156834620289,313,1446040156825402975,robocape_mag,18.9,-1.8,0.15,10.0,0.0,0.0,0.0,10.0,0.0,0.0,0.0,10.0
1446040156866656873,314,1446040156861547946,robocape_mag,13.8,-0.9,-0.15,10.0,0.0,0.0,0.0,10.0,0.0,0.0,0.0,10.0
1446040156902039873,315,1446040156897150993,robocape_mag,13.8,-0.9,-0.15,10.0,0.0,0.0,0.0,10.0,0.0,0.0,0.0,10.0
1446040156937640206,316,1446040156932189941,robocape_mag,13.8,-0.9,-0.15,10.0,0.0,0.0,0.0,10.0,0.0,0.0,0.0,10.0
1446040156979067539,317,1446040156971009016,robocape_mag,13.8,-0.9,-0.15,10.0,0.0,0.0,0.0,10.0,0.0,0.0,0.0,10.0
1446040157014027498,318,1446040157009197950,robocape_mag,18.0,-1.5,0.45,10.0,0.0,0.0,0.0,10.0,0.0,0.0,0.0,10.0
1446040157052905581,319,1446040157047832965,robocape_mag,18.0,-1.5,0.45,10.0,0.0,0.0,0.0,10.0,0.0,0.0,0.0,10.0
1446040157085649789,320,1446040157080540895,robocape_mag,18.0,-1.5,0.45,10.0,0.0,0.0,0.0,10.0,0.0,0.0,0.0,10.0
1446040157122624748,321,1446040157117670059,robocape_mag,18.0,-1.5,0.45,10.0,0.0,0.0,0.0,10.0,0.0,0.0,0.0,10.0
1446040157156611456,322,1446040157151437044,robocape_mag,13.8,0.9,0.45,10.0,0.0,0.0,0.0,10.0,0.0,0.0,0.0,10.0
1446040157191957373,323,1446040157187082052,robocape_mag,13.8,0.9,0.45,10.0,0.0,0.0,0.0,10.0,0.0,0.0,0.0,10.0
1446040157226849789,324,1446040157221757888,robocape_mag,13.8,0.9,0.45,10.0,0.0,0.0,0.0,10.0,0.0,0.0,0.0,10.0
1446040157261181206,325,1446040157256314992,robocape_mag,13.8,0.9,0.45,10.0,0.0,0.0,0.0,10.0,0.0,0.0,0.0,10.0
1446040157297153956,326,1446040157291837930,robocape_mag,13.8,0.9,0.45,10.0,0.0,0.0,0.0,10.0,0.0,0.0,0.0,10.0
1446040157333739289,327,1446040157328376054,robocape_mag,17.1,0.0,1.95,10.0,0.0,0.0,0.0,10.0,0.0,0.0,0.0,10.0
1446040157369649623,328,1446040157364778041,robocape_mag,17.1,0.0,1.95,10.0,0.0,0.0,0.0,10.0,0.0,0.0,0.0,10.0
1446040157413740373,329,1446040157406333923,robocape_mag,17.1,0.0,1.95,10.0,0.0,0.0,0.0,10.0,0.0,0.0,0.0,10.0
