%time,field.header.seq,field.header.stamp,field.header.frame_id,field.temperature,field.variance
1463935342994242333,291,1463935342843605581,,1493.0,1432.0
1463935342994370874,292,1463935342871018276,,1493.0,1750.0
1463935342994484363,293,1463935342903419961,,1494.0,1495.0
1463935342994598894,294,1463935342937911584,,1495.0,1250.0
1463935342994661498,295,1463935342967290313,,1494.0,1425.0
1463935343003637293,296,1463935343001959071,,1494.0,1432.0
1463935343021081437,297,1463935343013896832,,1494.0,1434.0
1463935343021131645,298,1463935343018597177,,1494.0,1501.0
1463935343053067238,299,1463935343051118027,,1494.0,1499.0
1463935343074607146,300,1463935343070942370,,1494.0,1492.0
1463935343082477841,301,1463935343078804576,,1493.0,1498.0
1463935343100677034,302,1463935343099176103,,1494.0,1250.0
1463935343134883190,303,1463935343129565140,,1493.0,1431.0
1463935343169153668,304,1463935343166550763,,1494.0,1433.0
1463935343213732645,305,1463935343201394416,,1493.0,1433.0
1463935343244755220,306,1463935343218403927,,1494.0,1426.0
1463935343245173500,307,1463935343234515837,,1492.0,1430.0
1463935343267134187,308,1463935343258791931,,1494.0,1750.0
1463935343385682378,309,1463935343276453887,,1494.0,1497.0
1463935343385945658,310,1463935343296915674,,1494.0,1250.0
1463935343386184876,311,1463935343317196161,,1493.0,1417.0
1463935343386691072,312,1463935343343714849,,1493.0,1417.0
1463935343386738311,313,1463935343366322148,,1494.0,1418.0
1463935343387186330,314,1463935343376226116,,1494.0,1423.0
1463935343423971433,315,1463935343392571359,,1494.0,1424.0
1463935343424426275,316,1463935343418010730,,1494.0,1422.0
1463935343453974222,317,1463935343443141560,,1494.0,1424.0
1463935343470686963,318,1463935343462734028,,1494.0,1422.0
1463935343517593637,319,1463935343477403861,,1494.0,1424.0
1463935343517688845,320,1463935343500314076,,1494.0,1750.0
1463935343539954010,321,1463935343531065767,,1494.0,1496.0
1463935343573329336,322,1463935343545310237,,1494.0,1250.0
1463935343574075323,323,1463935343560373767,,1494.0,1436.0
1463935343593462219,324,1463935343586407145,,1494.0,1750.0
1463935343617468366,325,1463935343605107950,,1494.0,1504.0
1463935343641053005,326,1463935343635306467,,1494.0,1250.0
1463935343667390549,327,1463935343664818997,,1495.0,1429.0
1463935343698917758,328,1463935343685894011,,1494.0,1750.0
1463935343729035285,329,1463935343718900068,,1493.0,1504.0
1463935343768538033,330,1463935343745489225,,1494.0,1511.0
1463935343775062380,331,1463935343762380768,,1493.0,1502.0
1463935343822935821,332,1463935343789573985,,1494.0,1500.0
1463935343822973581,333,1463935343803967309,,1494.0,1501.0
1463935343861814613,334,1463935343818716725,,1494.0,1250.0
1463935343874171956,335,1463935343858710408,,1494.0,1431.0
1463935343874602579,336,1463935343868516980,,1494.0,1750.0
1463935343883690978,337,1463935343879589641,,1493.0,1500.0
1463935343949958820,338,1463935343916783962,,1493.0,1496.0
1463935343950002830,339,1463935343939458761,,1494.0,1493.0
1463935343972933617,340,1463935343967807493,,1494.0,1494.0
1463935343986619184,341,1463935343983663103,,1493.0,1494.0
1463935344031018734,342,1463935344015522602,,1494.0,1493.0
1463935344092569981,343,1463935344053109212,,1494.0,1494.0
1463935344095321323,344,1463935344069782578,,1494.0,1250.0
1463935344126067077,345,1463935344094139714,,1493.0,1439.0
1463935344126335618,346,1463935344100720467,,1493.0,1750.0
1463935344126847439,347,1463935344116428368,,1493.0,1504.0
1463935344183187614,348,1463935344132808976,,1494.0,1250.0
1463935344183566623,349,1463935344169609652,,1494.0,1422.0
1463935344251177219,350,1463935344184498650,,1494.0,1750.0
1463935344251822738,351,1463935344211167338,,1494.0,1494.0
1463935344284226766,352,1463935344255626784,,1494.0,1250.0
1463935344331348387,353,1463935344306599535,,1494.0,1425.0
1463935344378106625,354,1463935344329259177,,1494.0,1750.0
1463935344378796986,355,1463935344357849940,,1495.0,1499.0
1463935344397669093,356,1463935344388925172,,1494.0,1488.0
1463935344438953604,357,1463935344422094405,,1494.0,1484.0
1463935344459322736,358,1463935344449053561,,1494.0,1250.0
1463935344479916242,359,1463935344473345905,,1494.0,1416.0
1463935344516304680,360,1463935344497683041,,1494.0,1750.0
1463935344557219244,361,1463935344520651744,,1493.0,1483.0
1463935344557286327,362,1463935344530840868,,1493.0,1485.0
1463935344613323848,363,1463935344565059003,,1493.0,1486.0
1463935344726293001,364,1463935344614147803,,1494.0,1483.0
1463935344726396021,365,1463935344667449867,,1494.0,1490.0
1463935344727674557,366,1463935344716467886,,1494.0,1498.0
1463935344808265046,367,1463935344762533314,,1494.0,1509.0
1463935344808859210,368,1463935344779044181,,1494.0,1491.0
1463935344809215354,369,1463935344796470253,,1494.0,1492.0
1463935344809632228,370,1463935344804796571,,1493.0,1250.0
1463935344854574431,371,1463935344821095512,,1493.0,1423.0
1463935344854616723,372,1463935344841802455,,1493.0,1422.0
1463935344886442420,373,1463935344860486021,,1494.0,1423.0
1463935344924098249,374,1463935344897698414,,1494.0,1750.0
1463935344962105065,375,1463935344944191809,,1494.0,1495.0
1463935344974569179,376,1463935344968816755,,1494.0,1250.0
1463935345000023028,377,1463935344993313005,,1494.0,1421.0
1463935345352830062,378,1463935345019866641,,1494.0,1750.0
1463935345354138962,379,1463935345041379101,,1494.0,1492.0
1463935345354192191,380,1463935345059826731,,1493.0,1492.0
1463935345354228128,381,1463935345080838933,,1494.0,1487.0
1463935345354264118,382,1463935345102989932,,1493.0,1484.0
1463935345354299743,383,1463935345125596606,,1494.0,1485.0
1463935345358481600,384,1463935345146105737,,1494.0,1250.0
1463935345358608266,385,1463935345166726170,,1493.0,1416.0
1463935345358655870,386,1463935345188235974,,1494.0,1413.0
1463935345358698266,387,1463935345208608855,,1493.0,1415.0
1463935345358737015,388,1463935345229049549,,1493.0,1419.0
1463935345358773682,389,1463935345247263482,,1494.0,1418.0
1463935345358811130,390,1463935345268804535,,1494.0,1750.0
1463935345358959202,391,1463935345286034826,,1494.0,1488.0
1463935345359062795,392,1463935345305931095,,1495.0,1486.0
1463935345360694715,393,1463935345326700902,,1494.0,1483.0
1463935345362028928,394,1463935345346205819,,1494.0,1250.0
1463935345746095828,395,1463935345368158902,,1494.0,1413.0
1463935345746744315,396,1463935345395106027,,1494.0,1750.0
1463935345747196396,397,1463935345419747900,,1494.0,1485.0
1463935345747763738,398,1463935345443946287,,1493.0,1250.0
1463935345748262225,399,1463935345472027781,,1494.0,1423.0
1463935345749077951,400,1463935345498359231,,1494.0,1420.0
1463935345749684719,401,1463935345522223504,,1493.0,1422.0
1463935345755831307,402,1463935345548868286,,1493.0,1750.0
1463935345762252894,403,1463935345577685350,,1494.0,1481.0
1463935345762957006,404,1463935345604948046,,1494.0,1250.0
1463935345763336536,405,1463935345625952436,,1494.0,1408.0
1463935345763795440,406,1463935345646073599,,1494.0,1404.0
1463935345764945331,407,1463935345671839323,,1494.0,1405.0
1463935345765780900,408,1463935345699788318,,1494.0,1407.0
1463935345766395845,409,1463935345737830343,,1494.0,1397.0
1463935345946351534,410,1463935345769337760,,1493.0,1750.0
1463935345946827991,411,1463935345798594562,,1494.0,1474.0
1463935345947465384,412,1463935345827246835,,1494.0,1475.0
1463935345947856580,413,1463935345864251000,,1494.0,1477.0
1463935345948341891,414,1463935345903993122,,1494.0,1250.0
1463935345948702045,415,1463935345930487384,,1493.0,1415.0
1463935346080429138,416,1463935345957469872,,1494.0,1413.0
1463935346081168771,417,1463935345989011769,,1494.0,1409.0
1463935346082066163,418,1463935346023251935,,1493.0,1750.0
1463935346083517719,419,1463935346049952602,,1493.0,1476.0
1463935346084343236,420,1463935346076675092,,1493.0,1250.0
1463935346138578577,421,1463935346106887358,,1493.0,1408.0
1463935346156594542,422,1463935346133792452,,1493.0,1750.0
1463935346187487951,423,1463935346156411678,,1493.0,1480.0
1463935346187537066,424,1463935346179446527,,1494.0,1250.0
1463935346251284554,425,1463935346203185853,,1494.0,1412.0
1463935346251372314,426,1463935346232710518,,1493.0,1409.0
1463935346289826212,427,1463935346256199533,,1493.0,1414.0
1463935346290636833,428,1463935346281341769,,1494.0,1417.0
1463935346422092834,429,1463935346316217036,,1494.0,1416.0
1463935346422995903,430,1463935346343121088,,1494.0,1414.0
1463935346423881420,431,1463935346366847080,,1495.0,1414.0
1463935346424540011,432,1463935346391525985,,1494.0,1416.0
1463935346425326362,433,1463935346407220085,,1493.0,1419.0
1463935346491012018,434,1463935346432828413,,1494.0,1750.0
1463935346492568314,435,1463935346458832625,,1494.0,1492.0
1463935346494032682,436,1463935346483078302,,1494.0,1504.0
1463935346552313683,437,1463935346508344028,,1494.0,1500.0
1463935346553826437,438,1463935346533999647,,1494.0,1500.0
1463935346604574293,439,1463935346559807245,,1493.0,1500.0
1463935346605379498,440,1463935346585340990,,1493.0,1250.0
1463935346634689894,441,1463935346615943203,,1493.0,1424.0
1463935346666553091,442,1463935346639013677,,1494.0,1750.0
1463935346715001790,443,1463935346666121582,,1494.0,1489.0
1463935346715908869,444,1463935346706865835,,1494.0,1488.0
1463935346758843946,445,1463935346746278271,,1494.0,1489.0
1463935346801143557,446,1463935346789522982,,1494.0,1497.0
1463935346852758180,447,1463935346840812971,,1494.0,1515.0
1463935346871622318,448,1463935346865358855,,1494.0,1250.0
1463935346893285559,449,1463935346884930022,,1494.0,1439.0
1463935346976328537,450,1463935346909757155,,1494.0,1432.0
1463935346976893170,451,1463935346932457579,,1494.0,1447.0
1463935346977186606,452,1463935346949520683,,1494.0,1750.0
1463935346978418528,453,1463935346969902679,,1494.0,1507.0
1463935347249713722,454,1463935346988349944,,1494.0,1250.0
1463935347249976638,455,1463935347016593105,,1494.0,1438.0
1463935347251245903,456,1463935347037106194,,1494.0,1750.0
1463935347252157827,457,1463935347057247202,,1494.0,1504.0
1463935347252581679,458,1463935347077310657,,1494.0,1250.0
1463935347252870896,459,1463935347098637181,,1494.0,1436.0
1463935347253169437,460,1463935347119521727,,1494.0,1750.0
1463935347253468915,461,1463935347138833676,,1494.0,1500.0
1463935347254235682,462,1463935347159046662,,1494.0,1250.0
1463935347255126720,463,1463935347178707828,,1493.0,1438.0
1463935347255474271,464,1463935347194515729,,1494.0,1437.0
1463935347255949373,465,1463935347215412775,,1494.0,1437.0
1463935347388906409,466,1463935347254959065,,1493.0,1440.0
1463935347388953648,467,1463935347292449581,,1493.0,1441.0
1463935347389114272,468,1463935347306221398,,1493.0,1750.0
1463935347389351094,469,1463935347323909603,,1493.0,1505.0
1463935347389406198,470,1463935347343022855,,1493.0,1502.0
1463935347389717030,471,1463935347354315254,,1493.0,1503.0
1463935347389932394,472,1463935347374254075,,1494.0,1504.0
1463935347449647920,473,1463935347397569705,,1494.0,1504.0
1463935347452396189,474,1463935347419662267,,1493.0,1507.0
1463935347557105585,475,1463935347459194962,,1494.0,1505.0
1463935347572239479,476,1463935347489342958,,1493.0,1501.0
1463935347572580988,477,1463935347514092800,,1493.0,1503.0
1463935347572676821,478,1463935347541275913,,1493.0,1250.0
1463935347572719321,479,1463935347563953785,,1494.0,1438.0
1463935347713575906,480,1463935347586748792,,1494.0,1750.0
1463935347713623666,481,1463935347611840716,,1494.0,1503.0
1463935347713888457,482,1463935347637431544,,1494.0,1250.0
1463935347713935748,483,1463935347662285917,,1494.0,1431.0
1463935347714204549,484,1463935347692598027,,1493.0,1423.0
1463935347724130132,485,1463935347712441588,,1494.0,1431.0
1463935347747471959,486,1463935347744137442,,1494.0,1750.0
1463935347790580004,487,1463935347781114107,,1494.0,1499.0
1463935347811343561,488,1463935347808601125,,1493.0,1500.0
1463935347858567317,489,1463935347829544056,,1494.0,1500.0
1463935347858733931,490,1463935347843565871,,1494.0,1499.0
1463935347871228826,491,1463935347862308395,,1493.0,1501.0
1463935347912074432,492,1463935347903641395,,1494.0,1250.0
1463935347976404157,493,1463935347957911268,,1493.0,1426.0
1463935348029720752,494,1463935348002151443,,1495.0,1750.0
1463935348247727841,495,1463935348035325416,,1494.0,1495.0
1463935348248147475,496,1463935348057138604,,1493.0,1490.0
1463935348249403407,497,1463935348078903615,,1493.0,1492.0
1463935348249742155,498,1463935348099082799,,1494.0,1250.0
1463935348250021008,499,1463935348120653853,,1494.0,1425.0
1463935348250754547,500,1463935348142333292,,1494.0,1426.0
1463935348251101004,501,1463935348162069926,,1494.0,1426.0
1463935348252882975,502,1463935348181873279,,1495.0,1426.0
1463935348253954221,503,1463935348201948662,,1494.0,1423.0
1463935348254463437,504,1463935348217888854,,1494.0,1750.0
1463935348254890519,505,1463935348246884980,,1494.0,1491.0
1463935349399428230,506,1463935348270503889,,1494.0,1250.0
1463935349400050310,507,1463935348291420571,,1494.0,1427.0
1463935349404334771,508,1463935348313273811,,1494.0,1750.0
1463935349404837529,509,1463935348336099755,,1494.0,1497.0
1463935349405739400,510,1463935348359594342,,1493.0,1250.0
1463935349407156738,511,1463935348385317044,,1494.0,1434.0
1463935349407697361,512,1463935348407285388,,1494.0,1428.0
1463935349408128505,513,1463935348427634468,,1495.0,1432.0
1463935349408773971,514,1463935348446296992,,1494.0,1433.0
1463935349410637296,515,1463935348466274511,,1494.0,1432.0
1463935349411266616,516,1463935348488604155,,1493.0,1750.0
1463935349411713542,517,1463935348512952228,,1494.0,1501.0
1463935349414593165,518,1463935348534740728,,1494.0,1250.0
1463935349415158266,519,1463935348556419073,,1493.0,1433.0
1463935349415482692,520,1463935348579057674,,1493.0,1750.0
1463935349415878628,521,1463935348601790181,,1494.0,1503.0
1463935349416526854,522,1463935348623049257,,1493.0,1506.0
1463935349417788099,523,1463935348644436197,,1494.0,1504.0
1463935349418424711,524,1463935348666095688,,1494.0,1499.0
1463935349419009292,525,1463935348688429290,,1494.0,1501.0
1463935349422077716,526,1463935348709409669,,1494.0,1250.0
1463935349423370002,527,1463935348732557591,,1493.0,1434.0
1463935349423973541,528,1463935348753837448,,1494.0,1750.0
1463935349424329008,529,1463935348775240013,,1493.0,1504.0
1463935349424917912,530,1463935348797301637,,1493.0,1250.0
1463935349426344521,531,1463935348818668525,,1493.0,1439.0
1463935349426943581,532,1463935348841682750,,1493.0,1750.0
1463935349427321704,533,1463935348863040419,,1493.0,1500.0
1463935349428319460,534,1463935348884760274,,1494.0,1503.0
1463935349428989874,535,1463935348906753669,,1493.0,1503.0
1463935349429829402,536,1463935348932058092,,1494.0,1250.0
1463935349431806737,537,1463935348954246904,,1494.0,1431.0
1463935349433403397,538,1463935348976327695,,1493.0,1750.0
1463935349434327299,539,1463935348997722395,,1493.0,1496.0
1463935349434784120,540,1463935349014537479,,1494.0,1250.0
1463935349436328645,541,1463935349036514104,,1494.0,1431.0
1463935349436764007,542,1463935349059560516,,1494.0,1750.0
1463935349437064683,543,1463935349081985889,,1493.0,1495.0
1463935349437768014,544,1463935349104016159,,1493.0,1498.0
1463935349438939883,545,1463935349125484557,,1494.0,1497.0
1463935349439550870,546,1463935349146421915,,1494.0,1493.0
1463935349439941598,547,1463935349168168697,,1494.0,1494.0
1463935349442998252,548,1463935349190810736,,1494.0,1250.0
1463935349443961372,549,1463935349213340536,,1493.0,1426.0
1463935349444427777,550,1463935349235670700,,1494.0,1425.0
1463935349444692307,551,1463935349257105088,,1494.0,1424.0
1463935349445248919,552,1463935349278231456,,1494.0,1750.0
1463935349446397925,553,1463935349299652667,,1494.0,1491.0
1463935349446877922,554,1463935349321954342,,1494.0,1486.0
1463935349447265733,555,1463935349343536541,,1493.0,1484.0
1463935349447825991,556,1463935349365180980,,1494.0,1482.0
1463935349448405624,557,1463935349387150990,,1493.0,1481.0
1463935349450763739,558,1463935349408861575,,1493.0,1250.0
1463935349453517582,559,1463935349431605071,,1494.0,1412.0
1463935349826869475,560,1463935349454100860,,1494.0,1750.0
1463935349827282650,561,1463935349475108166,,1493.0,1479.0
1463935349827868533,562,1463935349495609433,,1494.0,1250.0
1463935349828925924,563,1463935349518133034,,1494.0,1414.0
1463935349829511859,564,1463935349539835702,,1494.0,1410.0
1463935349829893577,565,1463935349561434204,,1493.0,1410.0
1463935349832436274,566,1463935349582913695,,1495.0,1414.0
1463935349833497103,567,1463935349604585894,,1495.0,1417.0
1463935349834348558,568,1463935349630819011,,1550.0,1417.0
1463935349835133033,569,1463935349651712828,,1580.0,1418.0
1463935349835996103,570,1463935349673752577,,1580.0,1750.0
1463935349836374643,571,1463935349695661650,,1580.0,1489.0
1463935349836769172,572,1463935349717325568,,1580.0,1250.0
1463935349837855001,573,1463935349739063444,,1580.0,1420.0
1463935349838519477,574,1463935349761966055,,1580.0,1750.0
1463935349839030256,575,1463935349783122162,,1580.0,1499.0
1463935349839548119,576,1463935349804551445,,1580.0,1506.0
1463935349840864519,577,1463935349826814111,,1580.0,1502.0
1463935352717474773,578,1463935349848253446,,1580.0,1250.0
1463935352718203207,579,1463935349869930020,,1580.0,1433.0
1463935352718940704,580,1463935349891543938,,1580.0,1750.0
1463935352719197578,581,1463935349906811112,,1580.0,1506.0
1463935352720486062,582,1463935349931845641,,1580.0,1504.0
1463935352721056997,583,1463935349951126079,,1580.0,1496.0
1463935352722089232,584,1463935349971487971,,1580.0,1250.0
1463935352722137461,585,1463935349991528042,,1580.0,1444.0
1463935352722174857,586,1463935350016587049,,1580.0,1750.0
1463935352722421731,587,1463935350039330546,,1580.0,1491.0
1463935352722923864,588,1463935350061387326,,1580.0,1460.0
1463935352723740996,589,1463935350083709471,,1580.0,1465.0
1463935352724483857,590,1463935350107178641,,1580.0,1250.0
1463935352724640784,591,1463935350130015418,,1580.0,1465.0
1463935352725631925,592,1463935350151936887,,1580.0,1464.0
1463935352726006038,593,1463935350173236432,,1580.0,1459.0
1463935352727252023,594,1463935350194440299,,1580.0,1750.0
1463935352727306085,595,1463935350216785308,,1580.0,1511.0
1463935352727568688,596,1463935350239371513,,1580.0,1250.0
1463935352728382539,597,1463935350261209805,,1580.0,1443.0
1463935352729042900,598,1463935350282208882,,1580.0,1435.0
1463935352729854199,599,1463935350304534204,,1580.0,1432.0
1463935352731223308,600,1463935350327018014,,1580.0,1750.0
1463935352731701274,601,1463935350352846810,,1580.0,1476.0
1463935352731759868,602,1463935350374784372,,1580.0,1250.0
1463935352732664812,603,1463935350396375946,,1580.0,1420.0
1463935352733356632,604,1463935350417614397,,1580.0,1423.0
1463935352733631735,605,1463935350438712119,,1580.0,1420.0
1463935352734289388,606,1463935350459808227,,1580.0,1395.0
1463935352735471310,607,1463935350482300787,,1580.0,1400.0
1463935352735850840,608,1463935350504003924,,1580.0,1404.0
1463935352736135630,609,1463935350525756539,,1580.0,1404.0
1463935352736183703,610,1463935350547817851,,1580.0,1750.0
1463935352736816982,611,1463935350571551083,,1580.0,1491.0
1463935352741097693,612,1463935350593604374,,1580.0,1250.0
1463935352741161442,613,1463935350616415474,,1580.0,1441.0
1463935352741817846,614,1463935350637049813,,1580.0,1433.0
1463935352742641957,615,1463935350659210448,,1580.0,1429.0
1463935352743270183,616,1463935350681319624,,1580.0,1750.0
1463935352744142055,617,1463935350703884996,,1580.0,1489.0
1463935352744192679,618,1463935350726698544,,1580.0,1250.0
1463935352744985020,619,1463935350748449441,,1580.0,1405.0
1463935352746209442,620,1463935350769942266,,1580.0,1750.0
1463935352746664960,621,1463935350795237366,,1580.0,1459.0
1463935352746735273,622,1463935350816957586,,1580.0,1477.0
1463935352746778658,623,1463935350838645930,,1580.0,1478.0
1463935352747114750,624,1463935350861297344,,1580.0,1250.0
1463935352748305474,625,1463935350882784023,,1580.0,1395.0
1463935352749128648,626,1463935350904957366,,1580.0,1750.0
1463935352749776510,627,1463935350926776022,,1580.0,1453.0
1463935352752998215,628,1463935350948356191,,1580.0,1250.0
1463935352753718264,629,1463935350971791142,,1580.0,1374.0
1463935352754267532,630,1463935350992746261,,1580.0,1375.0
1463935352754319928,631,1463935351004988917,,1580.0,1388.0
1463935352758853554,632,1463935351025040863,,1580.0,1750.0
1463935352758940064,633,1463935351053318867,,1580.0,1459.0
1463935352759068449,634,1463935351095940716,,1580.0,1466.0
1463935352760486516,635,1463935351139023500,,1580.0,1516.0
1463935352760949274,636,1463935351183837215,,1580.0,1250.0
1463935352761793281,637,1463935351233879866,,1580.0,1389.0
1463935352762518122,638,1463935351278640664,,1580.0,1360.0
1463935352762677340,639,1463935351331953248,,1580.0,1369.0
1463935352763705460,640,1463935351378558622,,1580.0,1750.0
1463935352764714102,641,1463935351426174044,,1580.0,1546.0
1463935352764774987,642,1463935351474446285,,1580.0,1566.0
1463935352764812591,643,1463935351522454882,,1580.0,1553.0
1463935352765521130,644,1463935351574402837,,1580.0,1250.0
1463935352765697692,645,1463935351617522288,,1580.0,1354.0
1463935352766698208,646,1463935351661917984,,1580.0,1322.0
1463935352767469715,647,1463935351708271119,,1580.0,1306.0
1463935352768154712,648,1463935351752512180,,1580.0,1352.0
1463935352769103146,649,1463935351796720011,,1580.0,1419.0
1463935352769583769,650,1463935351846600475,,1580.0,1534.0
1463935352771072981,651,1463935351882942195,,1580.0,1515.0
1463935352771767509,652,1463935351900328683,,1580.0,1476.0
1463935352771818551,653,1463935351904542155,,1580.0,1480.0
1463935352771854853,654,1463935351925781595,,1580.0,1446.0
1463935352772521725,655,1463935351949481181,,1580.0,1482.0
1463935352772573860,656,1463935351969592554,,1580.0,1457.0
1463935352773582241,657,1463935351989475750,,1580.0,1457.0
1463935352773742084,658,1463935352024065758,,1580.0,1435.0
1463935352774965725,659,1463935352054185786,,1580.0,1442.0
1463935352775703013,660,1463935352084388990,,1580.0,1430.0
1463935352776843113,661,1463935352116489686,,1580.0,1412.0
1463935352777324881,662,1463935352141856713,,1580.0,1750.0
1463935352778139045,663,1463935352167547645,,1580.0,1492.0
1463935352779289717,664,1463935352200382869,,1580.0,1492.0
1463935352779519924,665,1463935352231676850,,1580.0,1496.0
1463935352779567528,666,1463935352263702911,,1580.0,1490.0
1463935352779848985,667,1463935352291726333,,1580.0,1485.0
1463935352779896902,668,1463935352324901503,,1580.0,1463.0
1463935352781604915,669,1463935352357206521,,1580.0,1464.0
1463935352782248558,670,1463935352387817797,,1580.0,1439.0
1463935352783055326,671,1463935352416540278,,1580.0,1451.0
1463935352784372091,672,1463935352442541469,,1580.0,1459.0
1463935352784454226,673,1463935352467389071,,1580.0,1440.0
1463935352785162765,674,1463935352502186162,,1580.0,1444.0
1463935352785392764,675,1463935352519055517,,1580.0,1454.0
1463935352786245104,676,1463935352545334519,,1580.0,1250.0
1463935352786701873,677,1463935352571758573,,1580.0,1379.0
1463935352786920465,678,1463935352602798180,,1580.0,1388.0
1463935352788545146,679,1463935352628985307,,1580.0,1337.0
1463935352789335403,680,1463935352659029398,,1580.0,1250.0
1463935352789990296,681,1463935352688786770,,1580.0,1377.0
1463935352791344040,682,1463935352713574789,,1580.0,1326.0
1463935352791874142,683,1463935352739953270,,1580.0,1357.0
1463935352792937575,684,1463935352766202898,,1580.0,1421.0
1463935352793588093,685,1463935352790243889,,1580.0,1387.0
1463935353330823296,686,1463935352816572005,,1580.0,1398.0
1463935353331323659,687,1463935352843834337,,1580.0,1408.0
1463935353331378711,688,1463935352872455100,,1580.0,1393.0
1463935353332756153,689,1463935352906529381,,1580.0,1444.0
1463935353334846560,690,1463935352938285599,,1580.0,1399.0
1463935353335681557,691,1463935352967681724,,1580.0,1430.0
1463935353336823844,692,1463935353004039433,,1580.0,1371.0
1463935353337140248,693,1463935353043563587,,1580.0,1447.0
1463935353338697221,694,1463935353083173938,,1580.0,1411.0
1463935353339810862,695,1463935353119227378,,1580.0,1427.0
1463935353341710698,696,1463935353148263556,,1580.0,1415.0
1463935353344383863,697,1463935353189261662,,1580.0,1413.0
1463935353344481050,698,1463935353225178123,,1580.0,1434.0
1463935353344521206,699,1463935353250401713,,1580.0,1437.0
1463935353345009069,700,1463935353288446030,,1580.0,1419.0
1463935353346821926,701,1463935353317140021,,1580.0,1467.0
1463935355314280233,702,1463935353352824817,,1580.0,1750.0
1463935355314893407,703,1463935353388685705,,1580.0,1596.0
1463935355315757987,704,1463935353415301945,,1580.0,1250.0
1463935355317192252,705,1463935353444645518,,1580.0,1498.0
1463935355317587823,706,1463935353469669786,,1580.0,1486.0
1463935355318763547,707,1463935353493054738,,1580.0,1473.0
1463935355319238701,708,1463935353517454373,,1580.0,1750.0
1463935355320752914,709,1463935353540444275,,1580.0,1526.0
1463935355320855673,710,1463935353567127286,,1580.0,1519.0
1463935355320902965,711,1463935353596816742,,1580.0,1496.0
1463935355321867492,712,1463935353625452297,,1580.0,1250.0
1463935355322367855,713,1463935353652429630,,1580.0,1434.0
1463935355323291236,714,1463935353682644813,,1580.0,1397.0
1463935355323783786,715,1463935353698651099,,1580.0,1415.0
1463935355324960343,716,1463935353727290768,,1580.0,1750.0
1463935355325294405,717,1463935353752758732,,1580.0,1481.0
1463935355326487420,718,1463935353774757805,,1580.0,1250.0
1463935355334628010,719,1463935353797394999,,1580.0,1450.0
1463935355335028009,720,1463935353822073956,,1580.0,1449.0
1463935355336217379,721,1463935353845193285,,1580.0,1353.0
1463935355336282795,722,1463935353870045626,,1580.0,1439.0
1463935355338236224,723,1463935353899419251,,1580.0,1250.0
1463935355339074606,724,1463935353929830579,,1580.0,1250.0
1463935355339817676,725,1463935353949371016,,1580.0,1355.0
1463935355340219289,726,1463935353977507146,,1580.0,1362.0
1463935355340907984,727,1463935354011420543,,1580.0,1403.0
1463935355341729490,728,1463935354033397897,,1580.0,1424.0
1463935355342412508,729,1463935354059592889,,1580.0,1379.0
1463935355342645476,730,1463935354087869382,,1580.0,1574.0
1463935355343257140,731,1463935354113546773,,1580.0,1461.0
1463935355343306932,732,1463935354141224936,,1580.0,1750.0
1463935355344533906,733,1463935354166121027,,1580.0,1250.0
1463935355344940935,734,1463935354194452885,,1580.0,1466.0
1463935355346166919,735,1463935354227714930,,1580.0,1452.0
1463935355346575043,736,1463935354265565342,,1580.0,1750.0
1463935355347639934,737,1463935354295087715,,1580.0,1250.0
1463935355349345760,738,1463935354333794060,,1580.0,1250.0
1463935355349845133,739,1463935354372136448,,1580.0,1333.0
1463935355351039138,740,1463935354403554439,,1580.0,1386.0
1463935355351250960,741,1463935354441025060,,1580.0,1750.0
1463935355351541896,742,1463935354471691127,,1580.0,1574.0
1463935355352371320,743,1463935354494779414,,1580.0,1573.0
1463935355353157671,744,1463935354525484491,,1580.0,1591.0
1463935355354139281,745,1463935354552961873,,1580.0,1250.0
1463935355354746779,746,1463935354582694350,,1580.0,1452.0
1463935355355734379,747,1463935354609994338,,1580.0,1250.0
1463935355356343647,748,1463935354641643629,,1580.0,1293.0
1463935355357135310,749,1463935354666344878,,1580.0,1338.0
1463935355357526975,750,1463935354694816215,,1580.0,1354.0
1463935355357913536,751,1463935354725062908,,1580.0,1355.0
1463935355358342076,752,1463935354747489219,,1580.0,1395.0
1463935355359326134,753,1463935354776711281,,1580.0,1423.0
1463935355360002902,754,1463935354807346671,,1580.0,1750.0
1463935355361411854,755,1463935354834829887,,1580.0,1587.0
1463935355361941540,756,1463935354861428211,,1580.0,1250.0
1463935355362543047,757,1463935354889906214,,1580.0,1750.0
1463935355363361377,758,1463935354916697245,,1580.0,1573.0
1463935355364220592,759,1463935354942343854,,1580.0,1547.0
1463935355365108713,760,1463935354968848376,,1580.0,1250.0
1463935355365443035,761,1463935354991641091,,1580.0,1466.0
1463935355365892200,762,1463935355032799665,,1580.0,1750.0
1463935355366455010,763,1463935355063784325,,1580.0,1438.0
1463935355367446256,764,1463935355090975927,,1580.0,1250.0
1463935355368065003,765,1463935355117696230,,1580.0,1436.0
1463935355369289789,766,1463935355144106794,,1580.0,1431.0
1463935355369738642,767,1463935355172504693,,1580.0,1442.0
1463935355371720664,768,1463935355195156940,,1580.0,1750.0
1463935355372536963,769,1463935355218108092,,1580.0,1519.0
1463935355373429199,770,1463935355244513656,,1580.0,1250.0
1463935355373756437,771,1463935355276555967,,1580.0,1250.0
1463935355374038102,772,1463935355303453092,,1580.0,1363.0
1463935355375547471,773,1463935355329454074,,1580.0,1373.0
1463935355376532779,774,1463935355357894421,,1580.0,1372.0
1463935355706478504,775,1463935355384425193,,1580.0,1377.0
1463935355706850377,776,1463935355412279501,,1580.0,1399.0
1463935355707932300,777,1463935355440245632,,1580.0,1392.0
1463935355708520266,778,1463935355468597281,,1580.0,1471.0
1463935355709859375,779,1463935355494233995,,1580.0,1429.0
1463935355711511347,780,1463935355523470641,,1580.0,1433.0
1463935355712322854,781,1463935355552370725,,1580.0,1466.0
1463935355712981289,782,1463935355581228362,,1580.0,1750.0
1463935355714141857,783,1463935355610460321,,1580.0,1445.0
1463935355714569459,784,1463935355643986375,,1580.0,1750.0
1463935355715618204,785,1463935355671608913,,1580.0,1557.0
1463935355716918355,786,1463935355686149424,,1580.0,1527.0
1463935355718124913,787,1463935355709451720,,1580.0,1557.0
1463935356982149040,788,1463935355735998378,,1580.0,1532.0
1463935356982186696,789,1463935355762779878,,1580.0,1452.0
1463935356982221591,790,1463935355783610622,,1580.0,1474.0
1463935356982778099,791,1463935355811862793,,1580.0,1454.0
1463935356982828151,792,1463935355843594480,,1580.0,1250.0
1463935356982863984,793,1463935355880971768,,1580.0,1289.0
1463935356982901745,794,1463935355888721214,,1580.0,1250.0
1463935356982939765,795,1463935355913544233,,1580.0,1336.0
1463935356982974974,796,1463935355942983326,,1580.0,1317.0
1463935356989525362,797,1463935355969010611,,1580.0,1351.0
1463935356989860725,798,1463935356003619734,,1580.0,1750.0
1463935356991084314,799,1463935356033801167,,1580.0,1475.0
1463935356991295146,800,1463935356063926872,,1580.0,1541.0
1463935356991405927,801,1463935356088535100,,1580.0,1501.0
1463935356991451344,802,1463935356097832456,,1580.0,1750.0
1463935356991515718,803,1463935356110990004,,1580.0,1545.0
1463935356991556239,804,1463935356126498896,,1580.0,1536.0
1463935356991594364,805,1463935356154548099,,1580.0,1524.0
1463935356991636759,806,1463935356169659961,,1580.0,1250.0
1463935356991675718,807,1463935356186451921,,1580.0,1431.0
1463935356992172799,808,1463935356210796660,,1580.0,1414.0
1463935356992214361,809,1463935356231895685,,1580.0,1397.0
1463935356992566495,810,1463935356247420722,,1580.0,1750.0
1463935356992615401,811,1463935356268859902,,1580.0,1460.0
1463935356992995556,812,1463935356288654348,,1580.0,1465.0
1463935356993044618,813,1463935356311389407,,1580.0,1488.0
1463935356994507112,814,1463935356331236406,,1580.0,1463.0
1463935356994974297,815,1463935356352991886,,1580.0,1466.0
1463935356995025599,816,1463935356374686116,,1580.0,1250.0
1463935356995427212,817,1463935356401436626,,1580.0,1399.0
1463935356995473045,818,1463935356419972224,,1580.0,1399.0
1463935356995730492,819,1463935356439203496,,1580.0,1406.0
1463935356996135490,820,1463935356464728543,,1580.0,1396.0
1463935356996183355,821,1463935356486412826,,1580.0,1250.0
1463935356996507207,822,1463935356507819245,,1580.0,1332.0
1463935356996810644,823,1463935356532525754,,1580.0,1347.0
1463935356997218350,824,1463935356557279502,,1580.0,1354.0
1463935356997274392,825,1463935356575972964,,1580.0,1392.0
1463935356997615380,826,1463935356596920530,,1580.0,1383.0
1463935356997900535,827,1463935356634795056,,1580.0,1377.0
1463935356998301731,828,1463935356678745441,,1580.0,1471.0
1463935356998350689,829,1463935356723541760,,1580.0,1435.0
1463935357001176510,830,1463935356766483451,,1580.0,1432.0
1463935357001589529,831,1463935356812883982,,1580.0,1458.0
1463935357001639217,832,1463935356862481478,,1580.0,1429.0
1463935357003143169,833,1463935356908136856,,1580.0,1393.0
1463935357009141060,834,1463935356925302564,,1580.0,1428.0
1463935357009718713,835,1463935356945775705,,1580.0,1415.0
1463935357009787098,836,1463935356970860650,,1580.0,1430.0
1463935357083292097,837,1463935357012754065,,1580.0,1406.0
1463935357084291520,838,1463935357054926020,,1580.0,1418.0
1463935357223570455,839,1463935357103435084,,1580.0,1406.0
1463935357224078109,840,1463935357149591449,,1580.0,1453.0
1463935357225894768,841,1463935357200192326,,1580.0,1409.0
1463935357295050723,842,1463935357237379146,,1580.0,1460.0
1463935357296691809,843,1463935357269143281,,1580.0,1750.0
1463935357326713400,844,1463935357301429081,,1580.0,1750.0
1463935357349158668,845,1463935357328606152,,1580.0,1575.0
1463935357375795117,846,1463935357362351424,,1580.0,1250.0
1463935357407554929,847,1463935357390632449,,1580.0,1490.0
1463935357441720668,848,1463935357425680581,,1580.0,1421.0
1463935357460897670,849,1463935357456356335,,1580.0,1434.0
1463935357496954234,850,1463935357491547070,,1580.0,1392.0
1463935357530590914,851,1463935357518650340,,1580.0,1250.0
1463935357563284888,852,1463935357558417149,,1580.0,1387.0
1463935357601885088,853,1463935357593621269,,1580.0,1429.0
1463935357635436559,854,1463935357627742529,,1580.0,1310.0
1463935357697025514,855,1463935357664530080,,1580.0,1447.0
1463935357709622752,856,1463935357697445825,,1580.0,1461.0
1463935357744567811,857,1463935357729160742,,1580.0,1456.0
1463935357801115017,858,1463935357759530716,,1580.0,1478.0
1463935357801709181,859,1463935357784891910,,1580.0,1463.0
1463935357831983167,860,1463935357814326940,,1580.0,1356.0
1463935357857019882,861,1463935357848300805,,1580.0,1476.0
1463935357886161789,862,1463935357878200834,,1580.0,1419.0
1463935357927340936,863,1463935357916228119,,1580.0,1370.0
1463935357973731206,864,1463935357938785939,,1580.0,1438.0
1463935357973771415,865,1463935357967430504,,1580.0,1441.0
1463935358019863717,866,1463935357997633031,,1580.0,1406.0
1463935358038833011,867,1463935358028693836,,1580.0,1437.0
1463935358187067326,868,1463935358064109622,,1580.0,1454.0
1463935358187387949,869,1463935358091561588,,1580.0,1420.0
1463935358187688729,870,1463935358124513374,,1580.0,1426.0
1463935358188312476,871,1463935358153751895,,1580.0,1434.0
1463935358225639348,872,1463935358185104574,,1580.0,1443.0
1463935358226078513,873,1463935358215214966,,1580.0,1250.0
1463935358345236389,874,1463935358249494923,,1580.0,1636.0
1463935358345312482,875,1463935358276106789,,1580.0,1434.0
1463935358346744143,876,1463935358310019092,,1580.0,1437.0
1463935358346824715,877,1463935358338258137,,1580.0,1436.0
1463935358452969418,878,1463935358367295670,,1580.0,1413.0
1463935358453034574,879,1463935358406040296,,1580.0,1417.0
1463935358453075720,880,1463935358437756775,,1580.0,1360.0
1463935358476344370,881,1463935358469604451,,1580.0,1452.0
1463935358508058505,882,1463935358506245648,,1580.0,1405.0
1463935358540776178,883,1463935358536517759,,1580.0,1750.0
1463935358606487668,884,1463935358573389997,,1580.0,1606.0
1463935358606915947,885,1463935358601893781,,1580.0,1552.0
1463935358645537501,886,1463935358637619462,,1580.0,1250.0
1463935358673260924,887,1463935358665065699,,1580.0,1505.0
1463935358713209139,888,1463935358697205978,,1580.0,1750.0
1463935358741366674,889,1463935358733446604,,1580.0,1520.0
1463935358789035273,890,1463935358773836327,,1580.0,1250.0
1463935358828327084,891,1463935358815639013,,1580.0,1411.0
1463935358901042242,892,1463935358850438864,,1580.0,1386.0
1463935358901304689,893,1463935358883963773,,1580.0,1389.0
1463935358931483466,894,1463935358918571073,,1580.0,1250.0
1463935358969831219,895,1463935358961147818,,1580.0,1376.0
1463935358994145333,896,1463935358986895573,,1580.0,1423.0
1463935359063461339,897,1463935359019840640,,1580.0,1405.0
1463935359063525037,898,1463935359039566806,,1580.0,1382.0
1463935359075606443,899,1463935359066351795,,1580.0,1445.0
1463935359127570700,900,1463935359105736367,,1580.0,1431.0
1463935359162489197,901,1463935359134576920,,1580.0,1433.0
1463935359188214868,902,1463935359165112936,,1580.0,1425.0
1463935359214465641,903,1463935359198882010,,1580.0,1427.0
1463935359243517028,904,1463935359229590056,,1580.0,1406.0
1463935359284977111,905,1463935359263879649,,1580.0,1427.0
1463935359308250865,906,1463935359295170348,,1580.0,1423.0
1463935359360708662,907,1463935359328157655,,1580.0,1438.0
1463935359360761214,908,1463935359357440968,,1580.0,1394.0
1463935359408316688,909,1463935359391724831,,1580.0,1499.0
1463935359455678777,910,1463935359422198034,,1580.0,1750.0
1463935359488574053,911,1463935359454710864,,1580.0,1250.0
1463935359488936603,912,1463935359487540255,,1580.0,1487.0
1463935359534336201,913,1463935359523449164,,1580.0,1603.0
1463935359572327757,914,1463935359553351380,,1580.0,1492.0
1463935359651207732,915,1463935359584302966,,1580.0,1460.0
1463935359651714501,916,1463935359613607789,,1580.0,1750.0
1463935359656415991,917,1463935359647344884,,1580.0,1496.0
1463935359747022896,918,1463935359676198719,,1580.0,1521.0
1463935359748885596,919,1463935359709882482,,1580.0,1481.0
1463935359749432781,920,1463935359738566734,,1580.0,1250.0
1463935359851596459,921,1463935359765911200,,1580.0,1402.0
1463935359851900468,922,1463935359789731203,,1580.0,1750.0
1463935359852408122,923,1463935359823597568,,1580.0,1483.0
1463935359923514381,924,1463935359859777570,,1580.0,1250.0
1463935359923959379,925,1463935359889028955,,1580.0,1429.0
1463935359934529073,926,1463935359924574897,,1580.0,1402.0
1463935359970906105,927,1463935359958948813,,1580.0,1416.0
1463935360039463937,928,1463935359992691116,,1580.0,1396.0
1463935360039971695,929,1463935360029445855,,1580.0,1445.0
1463935360108792964,930,1463935360064518778,,1580.0,1484.0
1463935360109438950,931,1463935360094693076,,1580.0,1464.0
1463935360168570052,932,1463935360128548348,,1580.0,1494.0
1463935360169109216,933,1463935360156318177,,1580.0,1463.0
1463935360232492695,934,1463935360192805469,,1580.0,1460.0
1463935360232975245,935,1463935360223264037,,1580.0,1449.0
1463935360305703736,936,1463935360256234937,,1580.0,1750.0
1463935360306282744,937,1463935360283625602,,1580.0,1514.0
1463935360357602994,938,1463935360321417419,,1580.0,1480.0
1463935360358142887,939,1463935360350507868,,1580.0,1501.0
1463935360437568850,940,1463935360379374984,,1580.0,1250.0
1463935360438043275,941,1463935360414333793,,1580.0,1408.0
1463935360478740080,942,1463935360447581046,,1580.0,1750.0
1463935360524689050,943,1463935360481314392,,1580.0,1467.0
1463935360526290449,944,1463935360513227380,,1580.0,1476.0
1463935360555827823,945,1463935360546843695,,1580.0,1500.0
1463935360627256789,946,1463935360579230952,,1580.0,1496.0
1463935360628965531,947,1463935360606254483,,1580.0,1478.0
1463935360694920406,948,1463935360638773041,,1580.0,1451.0
1463935360695472643,949,1463935360667943698,,1580.0,1457.0
1463935360810172673,950,1463935360703036673,,1580.0,1250.0
1463935360811817510,951,1463935360730581555,,1580.0,1395.0
1463935360812526153,952,1463935360764065266,,1580.0,1369.0
1463935360812996724,953,1463935360792729050,,1580.0,1395.0
1463935361044615108,954,1463935360824468810,,1580.0,1423.0
1463935361044915107,955,1463935360853906497,,1580.0,1430.0
1463935361047589054,956,1463935360882298198,,1580.0,1750.0
1463935361048019208,957,1463935360914228999,,1580.0,1557.0
1463935361048075823,958,1463935360930673356,,1580.0,1250.0
1463935361054255901,959,1463935360954926950,,1580.0,1454.0
1463935361054600691,960,1463935360979423720,,1580.0,1750.0
1463935361056406256,961,1463935361007859068,,1580.0,1505.0
1463935361058203957,962,1463935361037108682,,1580.0,1496.0
1463935361137460024,963,1463935361063489767,,1580.0,1250.0
1463935361141004905,964,1463935361090030279,,1580.0,1330.0
1463935361141624746,965,1463935361115888450,,1580.0,1287.0
1463935361626960327,966,1463935361150049189,,1580.0,1304.0
1463935361627260274,967,1463935361176703450,,1580.0,1331.0
1463935361627528450,968,1463935361210922366,,1580.0,1368.0
1463935361627744594,969,1463935361235433147,,1580.0,1370.0
1463935361627791105,970,1463935361259699449,,1580.0,1384.0
1463935361629977606,971,1463935361281353055,,1580.0,1414.0
1463935361630408646,972,1463935361305924200,,1580.0,1411.0
1463935361633310612,973,1463935361333522102,,1580.0,1473.0
1463935361633633840,974,1463935361362733592,,1580.0,1425.0
1463935361633946391,975,1463935361387611402,,1580.0,1427.0
1463935361634275192,976,1463935361420371262,,1580.0,1443.0
1463935361634612482,977,1463935361446704952,,1580.0,1419.0
1463935361634920762,978,1463935361475145455,,1580.0,1415.0
1463935361635225656,979,1463935361505632096,,1580.0,1409.0
1463935361635590655,980,1463935361536599880,,1580.0,1421.0
1463935361635961434,981,1463935361570327184,,1580.0,1426.0
1463935361637287314,982,1463935361595167807,,1580.0,1444.0
1463935361639080171,983,1463935361614620796,,1580.0,1414.0
1463935361797722253,984,1463935361644358065,,1580.0,1447.0
1463935361799415736,985,1463935361674206427,,1580.0,1417.0
1463935361799735474,986,1463935361702574900,,1580.0,1424.0
1463935361803516499,987,1463935361729994001,,1580.0,1428.0
1463935361803844310,988,1463935361755699829,,1580.0,1420.0
1463935361804810921,989,1463935361777642704,,1580.0,1444.0
1463935362418500380,990,1463935361803234521,,1580.0,1432.0
1463935362420576986,991,1463935361837174532,,1580.0,1444.0
1463935362422119219,992,1463935361873347138,,1580.0,1432.0
1463935362422445832,993,1463935361898758488,,1580.0,1420.0
1463935362422714789,994,1463935361928560235,,1580.0,1435.0
1463935362426933990,995,1463935361961592490,,1580.0,1435.0
1463935362427357582,996,1463935361991675486,,1580.0,1558.0
1463935362427656695,997,1463935362023011082,,1580.0,1349.0
1463935362427942684,998,1463935362050590599,,1580.0,1435.0
1463935362429636843,999,1463935362083600406,,1580.0,1712.0
1463935362429957675,1000,1463935362112806479,,1580.0,1668.0
1463935362432471466,1001,1463935362143221818,,1580.0,1750.0
1463935362434696144,1002,1463935362175281004,,1580.0,1651.0
1463935362436192909,1003,1463935362199455379,,1580.0,1370.0
1463935362436590824,1004,1463935362223360642,,1580.0,1393.0
1463935362436919312,1005,1463935362252965359,,1580.0,1260.0
1463935362437212384,1006,1463935362281108936,,1580.0,1274.0
1463935362437507122,1007,1463935362312637187,,1580.0,1250.0
1463935362437812173,1008,1463935362345796889,,1580.0,1250.0
1463935362438361545,1009,1463935362378185501,,1580.0,1250.0
1463935362438664044,1010,1463935362405786945,,1580.0,1250.0
1463935362440952211,1011,1463935362434333177,,1580.0,1250.0
1463935362567850211,1012,1463935362460897230,,1580.0,1293.0
1463935362568148334,1013,1463935362492925843,,1580.0,1275.0
1463935362568653540,1014,1463935362519025367,,1580.0,1432.0
1463935362568945518,1015,1463935362541985582,,1580.0,1415.0
1463935362569389787,1016,1463935362566968339,,1580.0,1750.0
1463935362746366427,1017,1463935362584221338,,1580.0,1750.0
1463935362746410280,1018,1463935362599053254,,1580.0,1750.0
1463935362747873503,1019,1463935362622356123,,1580.0,1750.0
1463935362747942618,1020,1463935362641575520,,1580.0,1515.0
1463935362749189279,1021,1463935362660287055,,1580.0,1750.0
1463935362749252248,1022,1463935362675204804,,1580.0,1750.0
1463935362749296518,1023,1463935362695151802,,1580.0,1750.0
1463935362749334643,1024,1463935362715112550,,1580.0,1250.0
1463935362749478705,1025,1463935362736204022,,1580.0,1444.0
1463935362802367906,1026,1463935362766996911,,1580.0,1674.0
1463935362944043342,1027,1463935362801784367,,1580.0,1296.0
1463935362944324174,1028,1463935362827235404,,1580.0,1250.0
1463935362947041402,1029,1463935362850847855,,1553.0,1250.0
1463935362947382078,1030,1463935362875137595,,1494.0,1250.0
1463935362947631295,1031,1463935362898798587,,1494.0,1250.0
1463935362947879940,1032,1463935362919672508,,1494.0,1250.0
1463935362948237491,1033,1463935362943487302,,1408.0,1250.0
1463935363027178507,1034,1463935362965774551,,1494.0,1250.0
1463935363028351106,1035,1463935362988955546,,1338.0,1250.0
1463935363028828188,1036,1463935363022574308,,1231.0,1295.0
1463935363112373872,1037,1463935363043798332,,1197.0,1250.0
1463935363112907880,1038,1463935363063050750,,1199.0,1250.0
1463935363113374701,1039,1463935363076683816,,1200.0,1250.0
1463935363144933577,1040,1463935363116606771,,1199.0,1250.0
1463935363153453280,1041,1463935363149299704,,1200.0,1375.0
1463935363171245912,1042,1463935363161137726,,1084.0,1250.0
1463935363195262736,1043,1463935363193532952,,1084.0,1250.0
1463935363255865029,1044,1463935363245829812,,1083.0,1250.0
1463935363302121498,1045,1463935363294238720,,1067.0,1250.0
1463935363346103446,1046,1463935363326265093,,1066.0,1250.0
1463935363346444121,1047,1463935363338890247,,1066.0,1250.0
1463935363389680707,1048,1463935363371498441,,1066.0,1549.0
1463935363449857690,1049,1463935363403055911,,1066.0,1295.0
1463935363494615936,1050,1463935363446179580,,1370.0,1250.0
1463935363494732602,1051,1463935363486514825,,1370.0,1250.0
1463935363581693116,1052,1463935363529019747,,1370.0,1250.0
1463935363582214415,1053,1463935363559995500,,1370.0,1250.0
1463935363613596885,1054,1463935363588544076,,1489.0,1571.0
1463935363613992352,1055,1463935363593173691,,1494.0,1254.0
1463935363643636288,1056,1463935363624912306,,1494.0,1250.0
1463935363700322765,1057,1463935363648212362,,1494.0,1250.0
1463935363702998482,1058,1463935363670445132,,1493.0,1250.0
1463935363703429574,1059,1463935363690438953,,1494.0,1250.0
1463935363807253037,1060,1463935363711586519,,1494.0,1729.0
1463935363807511786,1061,1463935363734356109,,1494.0,1267.0
1463935363807771420,1062,1463935363751014735,,1493.0,1250.0
1463935363808022825,1063,1463935363771420846,,1493.0,1250.0
1463935363808517250,1064,1463935363779430968,,1494.0,1494.0
1463935363814232642,1065,1463935363800893585,,1493.0,1263.0
1463935363814651651,1066,1463935363812315098,,1494.0,1250.0
1463935363864669979,1067,1463935363832224544,,1494.0,1250.0
1463935363866307576,1068,1463935363851998418,,1494.0,1250.0
1463935363886130668,1069,1463935363872408123,,1494.0,1250.0
1463935363895478389,1070,1463935363893335325,,1494.0,1581.0
1463935363920398438,1071,1463935363911797173,,1494.0,1276.0
1463935363944244274,1072,1463935363933330831,,1493.0,1250.0
1463935364089697089,1073,1463935363968004433,,1494.0,1250.0
1463935364091810674,1074,1463935363985603107,,1494.0,1250.0
1463935364092138017,1075,1463935364007045203,,1493.0,1250.0
1463935364092451609,1076,1463935364027521262,,1493.0,1618.0
1463935364093623166,1077,1463935364051255275,,1494.0,1276.0
1463935364093673531,1078,1463935364074281218,,1494.0,1282.0
1463935364106406966,1079,1463935364093700458,,1494.0,1283.0
1463935364180467431,1080,1463935364106418164,,1494.0,1283.0
1463935364180522639,1081,1463935364124803762,,1494.0,1284.0
1463935364180569149,1082,1463935364138373340,,1494.0,1250.0
1463935364181066699,1083,1463935364170916013,,1494.0,1250.0
1463935364230722476,1084,1463935364195706480,,1494.0,1250.0
1463935364230833934,1085,1463935364225503957,,1493.0,1250.0
1463935364262151248,1086,1463935364258465951,,1492.0,1608.0
1463935364450753619,1087,1463935364285054067,,1493.0,1293.0
1463935364450815598,1088,1463935364309395265,,1493.0,1250.0
1463935364454905164,1089,1463935364335193748,,1494.0,1250.0
1463935364455751254,1090,1463935364359035886,,1494.0,1250.0
1463935364455806201,1091,1463935364389177267,,1493.0,1250.0
1463935364459893163,1092,1463935364412937843,,1494.0,1250.0
1463935364459979361,1093,1463935364437576904,,1494.0,1250.0
1463935364529021357,1094,1463935364463324919,,1493.0,1612.0
1463935364533032277,1095,1463935364485443470,,1494.0,1296.0
1463935364533348474,1096,1463935364508743162,,1494.0,1250.0
1463935364723111986,1097,1463935364539428240,,1494.0,1250.0
1463935364725024269,1098,1463935364553755522,,1494.0,1250.0
1463935364725285258,1099,1463935364584956795,,1494.0,1250.0
1463935364725500986,1100,1463935364623596734,,1493.0,1250.0
1463935364725718016,1101,1463935364635797880,,1494.0,1250.0
1463935364725947859,1102,1463935364641635511,,1494.0,1626.0
1463935364726238743,1103,1463935364661441676,,1494.0,1301.0
1463935364726540096,1104,1463935364672556941,,1494.0,1250.0
1463935364727131448,1105,1463935364691231914,,1494.0,1250.0
1463935364727546654,1106,1463935364711233391,,1494.0,1629.0
1463935364756224500,1107,1463935364731205336,,1494.0,1302.0
1463935364756650592,1108,1463935364751281605,,1494.0,1250.0
1463935364799448534,1109,1463935364772720471,,1493.0,1250.0
1463935364799942230,1110,1463935364793297623,,1493.0,1623.0
1463935364831848083,1111,1463935364824522542,,1493.0,1304.0
1463935364871267810,1112,1463935364845349536,,1494.0,1250.0
1463935364891158663,1113,1463935364880426834,,1494.0,1250.0
1463935364915015019,1114,1463935364907156720,,1494.0,1630.0
1463935364949608986,1115,1463935364944578591,,1493.0,1306.0
1463935364990523603,1116,1463935364982980979,,1494.0,1250.0
1463935365060811792,1117,1463935364988091894,,1494.0,1250.0
1463935365060847104,1118,1463935365021659407,,1494.0,1617.0
1463935365065394949,1119,1463935365055344628,,1494.0,1306.0
1463935365113059329,1120,1463935365087797249,,1494.0,1310.0
1463935365371847597,1121,1463935365112717299,,1493.0,1308.0
1463935365372162388,1122,1463935365135216317,,1493.0,1308.0
1463935365372473428,1123,1463935365158669915,,1493.0,1310.0
1463935365372788166,1124,1463935365183457622,,1493.0,1309.0
1463935365373081811,1125,1463935365205745808,,1493.0,1310.0
1463935365373349153,1126,1463935365227788422,,1494.0,1310.0
1463935365373635506,1127,1463935365252487118,,1493.0,1310.0
1463935365373942432,1128,1463935365276563317,,1494.0,1310.0
1463935365374240556,1129,1463935365303079818,,1494.0,1313.0
1463935365374543940,1130,1463935365325607378,,1493.0,1311.0
1463935365378093769,1131,1463935365348612228,,1493.0,1312.0
1463935365378648922,1132,1463935365371196090,,1493.0,1312.0
1463935365791403512,1133,1463935365393243808,,1494.0,1312.0
1463935365791701532,1134,1463935365415011267,,1494.0,1250.0
1463935365791987364,1135,1463935365437372578,,1493.0,1250.0
1463935365792257727,1136,1463935365454660108,,1493.0,1629.0
1463935365798409055,1137,1463935365478470371,,1494.0,1313.0
1463935365798697335,1138,1463935365501210846,,1494.0,1313.0
1463935365798980771,1139,1463935365522147007,,1491.0,1314.0
1463935365819011050,1140,1463935365545456282,,1494.0,1313.0
1463935365819312403,1141,1463935365566068017,,1494.0,1314.0
1463935365819598704,1142,1463935365587204802,,1494.0,1314.0
1463935365819874224,1143,1463935365608142733,,1494.0,1315.0
1463935365820239170,1144,1463935365628882019,,1494.0,1314.0
1463935365820586929,1145,1463935365653841808,,1494.0,1313.0
1463935365820907865,1146,1463935365678735973,,1493.0,1316.0
1463935365821225207,1147,1463935365701819520,,1494.0,1315.0
1463935365821508748,1148,1463935365728797009,,1493.0,1250.0
1463935365821800778,1149,1463935365750931289,,1494.0,1250.0
1463935365822423327,1150,1463935365773994628,,1493.0,1637.0
1463935365822761086,1151,1463935365794598238,,1493.0,1316.0
1463935365823195772,1152,1463935365815479919,,1493.0,1250.0
1463935367253343095,1153,1463935365837396284,,1494.0,1250.0
1463935367253394553,1154,1463935365858906557,,1494.0,1592.0
1463935367253652937,1155,1463935365881532397,,1494.0,1317.0
1463935367253945176,1156,1463935365903854646,,1493.0,1317.0
1463935367253989134,1157,1463935365925267627,,1493.0,1317.0
1463935367254031269,1158,1463935365946881441,,1494.0,1317.0
1463935367254314757,1159,1463935365967967809,,1494.0,1317.0
1463935367254356580,1160,1463935365988652669,,1494.0,1317.0
1463935367254583038,1161,1463935366010019869,,1494.0,1317.0
1463935367254628662,1162,1463935366033521071,,1494.0,1250.0
1463935367254998348,1163,1463935366063076725,,1494.0,1250.0
1463935367255290587,1164,1463935366084335697,,1493.0,1561.0
1463935367255334076,1165,1463935366104904515,,1494.0,1318.0
1463935367255638346,1166,1463935366126088904,,1494.0,1318.0
1463935367255839959,1167,1463935366146966783,,1494.0,1318.0
1463935367256138343,1168,1463935366172118082,,1494.0,1318.0
1463935367256186312,1169,1463935366202074569,,1494.0,1319.0
1463935367256528446,1170,1463935366224839107,,1494.0,1250.0
1463935367256811570,1171,1463935366246345734,,1494.0,1250.0
1463935367257162141,1172,1463935366268923970,,1494.0,1661.0
1463935367257205370,1173,1463935366291454187,,1494.0,1319.0
1463935367257471619,1174,1463935366314065444,,1494.0,1319.0
1463935367257855524,1175,1463935366334561138,,1494.0,1319.0
1463935367257900211,1176,1463935366357549164,,1494.0,1250.0
1463935367257937919,1177,1463935366377863505,,1494.0,1251.0
1463935367258187501,1178,1463935366400237159,,1494.0,1631.0
1463935367258431979,1179,1463935366424267212,,1494.0,1319.0
1463935367258704062,1180,1463935366445540142,,1494.0,1250.0
1463935367266735486,1181,1463935366466532865,,1494.0,1251.0
1463935367267118974,1182,1463935366489319695,,1494.0,1653.0
1463935367268695061,1183,1463935366512938917,,1494.0,1320.0
1463935367268975111,1184,1463935366534508408,,1494.0,1250.0
1463935367269238287,1185,1463935366556567636,,1494.0,1252.0
1463935367269507817,1186,1463935366578475043,,1493.0,1653.0
1463935367269756202,1187,1463935366600440261,,1493.0,1320.0
1463935367270001670,1188,1463935366626402129,,1494.0,1250.0
1463935367270047503,1189,1463935366647829330,,1493.0,1252.0
1463935367270167085,1190,1463935366670161942,,1494.0,1252.0
1463935367270212554,1191,1463935366692555024,,1494.0,1252.0
1463935367270653490,1192,1463935366708977141,,1494.0,1618.0
1463935367270696823,1193,1463935366730539653,,1493.0,1321.0
1463935367270962395,1194,1463935366750846597,,1494.0,1320.0
1463935367271232029,1195,1463935366770759689,,1494.0,1320.0
1463935367271491819,1196,1463935366788668623,,1494.0,1320.0
1463935367271771193,1197,1463935366809075203,,1494.0,1320.0
1463935367272057234,1198,1463935366827995851,,1494.0,1321.0
1463935367272501763,1199,1463935366849599248,,1494.0,1320.0
1463935367272555304,1200,1463935366876581424,,1494.0,1321.0
1463935367272593221,1201,1463935366898480914,,1494.0,1321.0
1463935367272980511,1202,1463935366918734369,,1494.0,1321.0
1463935367273035042,1203,1463935366939329594,,1493.0,1321.0
1463935367273277124,1204,1463935366961154552,,1494.0,1250.0
1463935367273549571,1205,1463935366985852468,,1494.0,1253.0
1463935367276365809,1206,1463935367007925863,,1493.0,1253.0
1463935367277959500,1207,1463935367032576174,,1493.0,1253.0
1463935367278321842,1208,1463935367054284831,,1494.0,1253.0
1463935367278621164,1209,1463935367083188249,,1493.0,1253.0
1463935367283261717,1210,1463935367110357769,,1494.0,1610.0
1463935367283642601,1211,1463935367132256686,,1494.0,1321.0
1463935367283691507,1212,1463935367158336782,,1494.0,1321.0
1463935367284021505,1213,1463935367177662377,,1494.0,1322.0
1463935367284327702,1214,1463935367197921249,,1495.0,1321.0
1463935367284624420,1215,1463935367218696264,,1494.0,1321.0
1463935367284924627,1216,1463935367241170178,,1494.0,1322.0
1463935367285349052,1217,1463935367260869417,,1493.0,1321.0
1463935367432886859,1218,1463935367290312729,,1494.0,1250.0
1463935367433209982,1219,1463935367321187336,,1494.0,1254.0
1463935367433532793,1220,1463935367349999869,,1494.0,1254.0
1463935367434106541,1221,1463935367379944949,,1493.0,1254.0
1463935367434500654,1222,1463935367412624654,,1494.0,1623.0
1463935368419401391,1223,1463935367443465772,,1493.0,1322.0
1463935368419684202,1224,1463935367474968137,,1494.0,1250.0
1463935368419978003,1225,1463935367504563271,,1494.0,1254.0
1463935368421115186,1226,1463935367532879816,,1494.0,1254.0
1463935368421400549,1227,1463935367557886168,,1494.0,1254.0
1463935368421679923,1228,1463935367610950993,,1494.0,1648.0
1463935368422410388,1229,1463935367634998494,,1493.0,1323.0
1463935368422774137,1230,1463935367663503373,,1494.0,1322.0
1463935368423064761,1231,1463935367690643309,,1495.0,1322.0
1463935368423355801,1232,1463935367716479865,,1494.0,1250.0
1463935368423654654,1233,1463935367752582835,,1493.0,1255.0
1463935368424370953,1234,1463935367764560180,,1493.0,1254.0
1463935368424688660,1235,1463935367782615832,,1493.0,1254.0
1463935368424975794,1236,1463935367802430487,,1494.0,1254.0
1463935368425274126,1237,1463935367812929192,,1494.0,1255.0
1463935368425567198,1238,1463935367846533788,,1494.0,1625.0
1463935368426987192,1239,1463935367868766922,,1493.0,1323.0
1463935368427346253,1240,1463935367900652359,,1494.0,1250.0
1463935368427645678,1241,1463935367927462504,,1494.0,1254.0
1463935368428635362,1242,1463935367955161292,,1493.0,1254.0
1463935368428955048,1243,1463935367988525681,,1493.0,1255.0
1463935368429259734,1244,1463935368009024552,,1494.0,1255.0
1463935368430012179,1245,1463935368029454829,,1494.0,1254.0
1463935368430442594,1246,1463935368050652394,,1493.0,1255.0
1463935368430736342,1247,1463935368070187155,,1494.0,1255.0
1463935368431039987,1248,1463935368090676442,,1494.0,1255.0
1463935368431694151,1249,1463935368110854325,,1494.0,1255.0
1463935368431998160,1250,1463935368131903870,,1494.0,1664.0
1463935368432266544,1251,1463935368152951905,,1494.0,1323.0
1463935368432530762,1252,1463935368173169839,,1493.0,1250.0
1463935368432800136,1253,1463935368194071573,,1493.0,1254.0
1463935368433068520,1254,1463935368214504298,,1493.0,1636.0
1463935368434140911,1255,1463935368235935977,,1494.0,1323.0
1463935368434497837,1256,1463935368257174064,,1494.0,1250.0
1463935368434792367,1257,1463935368276729292,,1493.0,1255.0
1463935368435079761,1258,1463935368294493591,,1494.0,1651.0
1463935368435385697,1259,1463935368314268299,,1493.0,1322.0
1463935368435652467,1260,1463935368334405400,,1494.0,1323.0
1463935368435999653,1261,1463935368355359113,,1494.0,1323.0
1463935368436349443,1262,1463935368375735640,,1494.0,1323.0
1463935368437569126,1263,1463935368395663107,,1494.0,1323.0
1463935368438106467,1264,1463935368415526199,,1494.0,1250.0
1463935368438526049,1265,1463935368435679238,,1494.0,1255.0
1463935368467110301,1266,1463935368455842120,,1494.0,1626.0
1463935368574849112,1267,1463935368475853962,,1494.0,1323.0
1463935368575146246,1268,1463935368495535180,,1494.0,1323.0
1463935368575838118,1269,1463935368516608840,,1494.0,1323.0
1463935368576412126,1270,1463935368536848545,,1493.0,1323.0
1463935368576865197,1271,1463935368556324920,,1493.0,1323.0
1463935368580880544,1272,1463935368576900301,,1493.0,1323.0
1463935368595817668,1273,1463935368593803041,,1493.0,1323.0
1463935368616551850,1274,1463935368612737023,,1494.0,1250.0
1463935368636390932,1275,1463935368633688808,,1494.0,1254.0
1463935368657263291,1276,1463935368653392474,,1494.0,1634.0
1463935368677351382,1277,1463935368673510617,,1494.0,1323.0
1463935368698997435,1278,1463935368692600796,,1494.0,1250.0
1463935368708863018,1279,1463935368705229648,,1493.0,1255.0
1463935368727155335,1280,1463935368723103894,,1493.0,1648.0
1463935368750182164,1281,1463935368745662496,,1493.0,1323.0
1463935368768457711,1282,1463935368766469542,,1494.0,1250.0
1463935368788272105,1283,1463935368786793362,,1494.0,1254.0
1463935368807420930,1284,1463935368804647660,,1494.0,1636.0
1463935369135107914,1285,1463935368832162178,,1494.0,1323.0
1463935369136634106,1286,1463935368843323485,,1494.0,1323.0
1463935369137792382,1287,1463935368898021272,,1494.0,1323.0
1463935369137844621,1288,1463935368945283361,,1493.0,1250.0
1463935369139393833,1289,1463935368991145717,,1494.0,1255.0
1463935369140597891,1290,1463935369037485311,,1493.0,1653.0
1463935369140654661,1291,1463935369056032784,,1494.0,1323.0
1463935369140887837,1292,1463935369070917095,,1493.0,1323.0
1463935369143158088,1293,1463935369095706728,,1493.0,1323.0
1463935369146160315,1294,1463935369116882575,,1493.0,1323.0
1463935370308842375,1295,1463935369145858858,,1494.0,1323.0
1463935370309097218,1296,1463935369183681561,,1493.0,1323.0
1463935370309339300,1297,1463935369197284836,,1493.0,1323.0
1463935370309644768,1298,1463935369222475405,,1493.0,1323.0
1463935370309894298,1299,1463935369250698462,,1494.0,1323.0
1463935370312858348,1300,1463935369273761905,,1494.0,1250.0
1463935370313743917,1301,1463935369294971345,,1493.0,1255.0
1463935370314151780,1302,1463935369319176502,,1494.0,1255.0
1463935370314475320,1303,1463935369337563872,,1493.0,1255.0
1463935370314781256,1304,1463935369365404742,,1494.0,1648.0
1463935370315090421,1305,1463935369393229779,,1494.0,1323.0
1463935370315609586,1306,1463935369418002746,,1494.0,1250.0
1463935370316189219,1307,1463935369439096823,,1494.0,1255.0
1463935370316855622,1308,1463935369457334401,,1493.0,1660.0
1463935370317206558,1309,1463935369473801622,,1494.0,1324.0
1463935370317480307,1310,1463935369491026809,,1494.0,1323.0
1463935370317764472,1311,1463935369508498141,,1494.0,1323.0
1463935370318067336,1312,1463935369548760989,,1494.0,1323.0
1463935370318514990,1313,1463935369575798895,,1493.0,1323.0
1463935370319045613,1314,1463935369597787446,,1494.0,1250.0
1463935370319635194,1315,1463935369619488552,,1494.0,1255.0
1463935370319957380,1316,1463935369651582112,,1494.0,1255.0
1463935370320840449,1317,1463935369691101266,,1494.0,1255.0
1463935370321215291,1318,1463935369730339484,,1494.0,1255.0
1463935370321892892,1319,1463935369770252178,,1493.0,1255.0
1463935370322980023,1320,1463935369803357974,,1494.0,1636.0
1463935370323912936,1321,1463935369841264843,,1497.0,1323.0
1463935370324461319,1322,1463935369879523794,,1494.0,1323.0
1463935370325693136,1323,1463935369917576496,,1494.0,1323.0
1463935370325971208,1324,1463935369952655565,,1494.0,1250.0
1463935370326226676,1325,1463935369995327414,,1495.0,1255.0
1463935370327019537,1326,1463935370045269440,,1494.0,1635.0
1463935370327295265,1327,1463935370065181282,,1494.0,1323.0
1463935370327565941,1328,1463935370085848433,,1494.0,1250.0
1463935370327824690,1329,1463935370127090496,,1493.0,1255.0
1463935370328114741,1330,1463935370150806176,,1494.0,1255.0
1463935370328364740,1331,1463935370168709901,,1494.0,1255.0
1463935370328606457,1332,1463935370218918905,,1494.0,1645.0
1463935370328855571,1333,1463935370269206868,,1493.0,1323.0
1463935370329787129,1334,1463935370311747988,,1493.0,1250.0
1463935370595439639,1335,1463935370354190098,,1494.0,1253.0
1463935370595731565,1336,1463935370396575021,,1494.0,1256.0
1463935370596017293,1337,1463935370441800400,,1493.0,1256.0
1463935370596495833,1338,1463935370447207148,,1494.0,1255.0
1463935370596818331,1339,1463935370499980568,,1494.0,1255.0
1463935370597872650,1340,1463935370550044469,,1494.0,1656.0
1463935370598342283,1341,1463935370588617742,,1494.0,1323.0
1463935370691073554,1342,1463935370633372915,,1494.0,1323.0
1463935370691989435,1343,1463935370666827303,,1494.0,1323.0
1463935370719085621,1344,1463935370694247707,,1494.0,1250.0
1463935370733423164,1345,1463935370726321684,,1494.0,1255.0
1463935370768169370,1346,1463935370763690118,,1494.0,1255.0
1463935370815826458,1347,1463935370805636501,,1493.0,1255.0
1463935370857059979,1348,1463935370848391631,,1494.0,1649.0
1463935370893121388,1349,1463935370880534671,,1494.0,1323.0
1463935370968809293,1350,1463935370898620999,,1494.0,1250.0
1463935370969519551,1351,1463935370918910965,,1493.0,1255.0
1463935370971240324,1352,1463935370944219711,,1494.0,1517.0
1463935370971632614,1353,1463935370955314455,,1494.0,1322.0
1463935371025122594,1354,1463935370976157855,,1494.0,1250.0
1463935371026389307,1355,1463935371012035983,,1493.0,1256.0
1463935371076691280,1356,1463935371026854253,,1494.0,1255.0
1463935371077537735,1357,1463935371046148077,,1493.0,1255.0
1463935371079167363,1358,1463935371062900037,,1493.0,1255.0
1463935371194976816,1359,1463935371086088271,,1494.0,1255.0
1463935371195044732,1360,1463935371104321787,,1494.0,1255.0
1463935371196925453,1361,1463935371123890974,,1494.0,1255.0
1463935371197609305,1362,1463935371135313425,,1494.0,1255.0
1463935371198157844,1363,1463935371183150252,,1493.0,1255.0
1463935371256234731,1364,1463935371240759224,,1493.0,1645.0
1463935371301285059,1365,1463935371290666719,,1494.0,1323.0
1463935371378655614,1366,1463935371326818388,,1493.0,1323.0
1463935371378691030,1367,1463935371345710494,,1494.0,1322.0
1463935371378725405,1368,1463935371365279786,,1494.0,1322.0
1463935371392683210,1369,1463935371384415954,,1494.0,1323.0
1463935371413669683,1370,1463935371405559145,,1493.0,1250.0
1463935371477075818,1371,1463935371433505223,,1493.0,1255.0
1463935371478757425,1372,1463935371453574460,,1493.0,1658.0
1463935371531180951,1373,1463935371486541611,,1493.0,1323.0
1463935371531638345,1374,1463935371497000941,,1493.0,1323.0
1463935371531801313,1375,1463935371503150082,,1493.0,1323.0
1463935371531872928,1376,1463935371518392100,,1494.0,1323.0
1463935371593267248,1377,1463935371539289615,,1493.0,1322.0
1463935371593885996,1378,1463935371559253435,,1494.0,1250.0
1463935371594275682,1379,1463935371579682359,,1493.0,1255.0
1463935371608888379,1380,1463935371599326806,,1493.0,1255.0
1463935371651570280,1381,1463935371646063585,,1493.0,1255.0
1463935371676069290,1382,1463935371663552469,,1493.0,1641.0
1463935371714406314,1383,1463935371683297020,,1494.0,1323.0
1463935371714556574,1384,1463935371703168862,,1493.0,1250.0
1463935371791863170,1385,1463935371728079849,,1494.0,1255.0
1463935371792135409,1386,1463935371742938379,,1493.0,1644.0
1463935371792765510,1387,1463935371769032747,,1493.0,1323.0
1463935371816572127,1388,1463935371812934018,,1493.0,1250.0
1463935371853754885,1389,1463935371843072222,,1493.0,1254.0
1463935371951251030,1390,1463935371869715077,,1493.0,1641.0
1463935371952910346,1391,1463935371893380444,,1494.0,1323.0
1463935371954922681,1392,1463935371914409365,,1494.0,1250.0
1463935371958723655,1393,1463935371933804647,,1494.0,1255.0
1463935371959013497,1394,1463935371954827421,,1494.0,1254.0
1463935372182724051,1395,1463935371975358531,,1493.0,1255.0
1463935372182969623,1396,1463935371995674226,,1493.0,1255.0
1463935372183011342,1397,1463935372015729765,,1494.0,1255.0
1463935372183053477,1398,1463935372044806620,,1494.0,1325.0
1463935372183092175,1399,1463935372071899369,,1494.0,1324.0
1463935372183135247,1400,1463935372104496781,,1494.0,1323.0
1463935372183169466,1401,1463935372146616497,,1493.0,1323.0
1463935372183202539,1402,1463935372173556955,,1494.0,1323.0
1463935372186509712,1403,1463935372179968073,,1494.0,1323.0
1463935372306242169,1404,1463935372209085397,,1494.0,1323.0
1463935372306299200,1405,1463935372233502324,,1493.0,1323.0
1463935372306349095,1406,1463935372254150881,,1494.0,1323.0
1463935372306775187,1407,1463935372288463912,,1494.0,1323.0
1463935372307187790,1408,1463935372294855238,,1494.0,1250.0
1463935372323382096,1409,1463935372299080585,,1494.0,1255.0
1463935372369885230,1410,1463935372332851638,,1494.0,1640.0
1463935372369927834,1411,1463935372348451572,,1493.0,1323.0
1463935372409304384,1412,1463935372371387203,,1493.0,1250.0
1463935372409556675,1413,1463935372382737311,,1493.0,1255.0
1463935372409889642,1414,1463935372398535108,,1493.0,1255.0
1463935372433399021,1415,1463935372421977976,,1494.0,1255.0
1463935372451847796,1416,1463935372440528470,,1493.0,1652.0
1463935372471418025,1417,1463935372458496257,,1493.0,1323.0
1463935372491573772,1418,1463935372478260079,,1494.0,1323.0
1463935372528505281,1419,1463935372506504958,,1494.0,1324.0
1463935372528858300,1420,1463935372519142821,,1494.0,1323.0
1463935372571488847,1421,1463935372561013371,,1494.0,1323.0
1463935372630164690,1422,1463935372607695359,,1494.0,1250.0
1463935372649816429,1423,1463935372637535336,,1494.0,1255.0
1463935372681849469,1424,1463935372666115630,,1494.0,1643.0
1463935372747418876,1425,1463935372700297359,,1494.0,1323.0
1463935372747469085,1426,1463935372713733448,,1494.0,1323.0
1463935372748083926,1427,1463935372728250052,,1494.0,1323.0
1463935372826136925,1428,1463935372755501550,,1494.0,1250.0
1463935372828127646,1429,1463935372779392229,,1494.0,1254.0
1463935372878248421,1430,1463935372833094760,,1494.0,1255.0
1463935372883113921,1431,1463935372846266423,,1493.0,1256.0
1463935372888173587,1432,1463935372871010327,,1494.0,1255.0
1463935372979888716,1433,1463935372892274455,,1494.0,1255.0
1463935372980388714,1434,1463935372928006125,,1494.0,1660.0
1463935372981937874,1435,1463935372970797296,,1494.0,1323.0
1463935373051571274,1436,1463935373000043473,,1494.0,1250.0
1463935373051617003,1437,1463935373039441222,,1494.0,1254.0
1463935373153186777,1438,1463935373084680559,,1494.0,1648.0
1463935373153443651,1439,1463935373124687524,,1494.0,1324.0
1463935373221084820,1440,1463935373166640782,,1493.0,1250.0
1463935373221123205,1441,1463935373208564665,,1494.0,1254.0
1463935373265091403,1442,1463935373261368085,,1494.0,1255.0
1463935373285804023,1443,1463935373277293486,,1493.0,1256.0
1463935373301462341,1444,1463935373296988141,,1493.0,1255.0
1463935373358943397,1445,1463935373333643245,,1494.0,1255.0
1463935373382356474,1446,1463935373371247095,,1494.0,1635.0
1463935373425196083,1447,1463935373399825983,,1494.0,1323.0
1463935373452163259,1448,1463935373430697830,,1494.0,1250.0
1463935373452222426,1449,1463935373435093749,,1494.0,1255.0
1463935373452378831,1450,1463935373443463505,,1493.0,1644.0
1463935373484605308,1451,1463935373471450156,,1493.0,1323.0
1463935373544558072,1452,1463935373495477918,,1493.0,1323.0
1463935373545097966,1453,1463935373519015317,,1494.0,1323.0
1463935373569893277,1454,1463935373546201555,,1494.0,1322.0
1463935373610271646,1455,1463935373586371279,,1494.0,1323.0
1463935373636830855,1456,1463935373632803945,,1494.0,1250.0
1463935373661019241,1457,1463935373656472802,,1494.0,1255.0
1463935373686918141,1458,1463935373672731066,,1493.0,1657.0
1463935373728635827,1459,1463935373701072872,,1493.0,1323.0
1463935373758056326,1460,1463935373726984688,,1493.0,1250.0
1463935373789003746,1461,1463935373774108393,,1493.0,1254.0
1463935373813628485,1462,1463935373801505464,,1494.0,1628.0
1463935373834904800,1463,1463935373825630673,,1493.0,1323.0
1463935373861534790,1464,1463935373849192864,,1494.0,1323.0
1463935373911789367,1465,1463935373876726184,,1493.0,1323.0
1463935373922093281,1466,1463935373908614954,,1494.0,1250.0
1463935373953898979,1467,1463935373945960419,,1493.0,1255.0
1463935373992579230,1468,1463935373978137156,,1493.0,1640.0
1463935374049338310,1469,1463935374008774265,,1493.0,1323.0
1463935374056816559,1470,1463935374051075126,,1494.0,1253.0
1463935374102817040,1471,1463935374084343317,,1493.0,1254.0
1463935374116487450,1472,1463935374111207629,,1493.0,1750.0
1463935374151199646,1473,1463935374135914086,,1494.0,1323.0
1463935374177020993,1474,1463935374171448934,,1494.0,1324.0
1463935374408416931,1475,1463935374193073581,,1493.0,1323.0
1463935374408454848,1476,1463935374215031143,,1494.0,1323.0
1463935374408488598,1477,1463935374238055733,,1494.0,1324.0
1463935374408532191,1478,1463935374260827666,,1494.0,1250.0
1463935374408566774,1479,1463935374282629084,,1493.0,1255.0
1463935374408602035,1480,1463935374302571082,,1493.0,1254.0
1463935374408636149,1481,1463935374329571539,,1493.0,1255.0
1463935374408988960,1482,1463935374367304867,,1494.0,1606.0
1463935374409129064,1483,1463935374398067080,,1493.0,1323.0
1463935374553696831,1484,1463935374422950463,,1493.0,1323.0
1463935374553893861,1485,1463935374442757670,,1494.0,1323.0
1463935374584005191,1486,1463935374464791430,,1494.0,1323.0
1463935374584073732,1487,1463935374485305353,,1494.0,1323.0
1463935374584134097,1488,1463935374505503495,,1494.0,1250.0
1463935374584173576,1489,1463935374525806586,,1494.0,1255.0
1463935374584215398,1490,1463935374546132124,,1494.0,1661.0
1463935374584269356,1491,1463935374566455526,,1493.0,1323.0
1463935374773943962,1492,1463935374584237534,,1494.0,1250.0
1463935374777089001,1493,1463935374602599070,,1494.0,1255.0
1463935374785267508,1494,1463935374623362731,,1493.0,1254.0
1463935374785310893,1495,1463935374644529255,,1493.0,1255.0
1463935374785346101,1496,1463935374667196450,,1494.0,1255.0
1463935374785527142,1497,1463935374687865476,,1494.0,1255.0
1463935374785633287,1498,1463935374708995907,,1495.0,1254.0
1463935374785666204,1499,1463935374730009306,,1493.0,1255.0
1463935374785766308,1500,1463935374755249563,,1493.0,1649.0
1463935374785843807,1501,1463935374762034742,,1493.0,1323.0
1463935375075314445,1502,1463935374781342576,,1494.0,1250.0
1463935375075351476,1503,1463935374802833995,,1494.0,1255.0
1463935375075404132,1504,1463935374826836809,,1493.0,1653.0
1463935375075621058,1505,1463935374845202355,,1493.0,1323.0
1463935375075660433,1506,1463935374867604083,,1494.0,1323.0
1463935375076020275,1507,1463935374889006543,,1494.0,1323.0
1463935375076067358,1508,1463935374908871406,,1494.0,1250.0
1463935375076105743,1509,1463935374929697828,,1493.0,1255.0
1463935375076311055,1510,1463935374950043053,,1493.0,1587.0
1463935375079594166,1511,1463935374972376760,,1494.0,1323.0
1463935375079963748,1512,1463935374992867401,,1494.0,1323.0
1463935375080009008,1513,1463935375014511996,,1494.0,1323.0
1463935375080470881,1514,1463935375034259151,,1494.0,1253.0
1463935375081020826,1515,1463935375052562771,,1494.0,1255.0
1463935375081705146,1516,1463935375065764121,,1494.0,1658.0
1463935375081758323,1517,1463935375077174697,,1494.0,1323.0
1463935375787761971,1518,1463935375101965737,,1494.0,1323.0
1463935375788004158,1519,1463935375122850439,,1494.0,1323.0
1463935375788050252,1520,1463935375143725402,,1494.0,1250.0
1463935375788300511,1521,1463935375161523347,,1494.0,1255.0
1463935375788344157,1522,1463935375181813312,,1494.0,1255.0
1463935375789203632,1523,1463935375203290512,,1494.0,1255.0
1463935375789288527,1524,1463935375225915415,,1494.0,1634.0
1463935375791209301,1525,1463935375245321061,,1494.0,1323.0
1463935375796341831,1526,1463935375267612841,,1493.0,1250.0
1463935375796396257,1527,1463935375288555147,,1493.0,1255.0
1463935375796431934,1528,1463935375311135884,,1493.0,1255.0
1463935375796465268,1529,1463935375331948972,,1493.0,1255.0
1463935375796697246,1530,1463935375353145913,,1494.0,1650.0
1463935375796740996,1531,1463935375373200775,,1494.0,1323.0
1463935375796775006,1532,1463935375397479890,,1494.0,1250.0
1463935375796808964,1533,1463935375420809842,,1493.0,1255.0
1463935375796948391,1534,1463935375452538821,,1494.0,1254.0
1463935375796985890,1535,1463935375497529462,,1494.0,1255.0
1463935375797219431,1536,1463935375532583948,,1494.0,1255.0
1463935375797428545,1537,1463935375550994338,,1494.0,1255.0
1463935375797473128,1538,1463935375572358726,,1493.0,1255.0
1463935375797508649,1539,1463935375598687363,,1494.0,1255.0
1463935375800717697,1540,1463935375624175692,,1494.0,1652.0
1463935375800775978,1541,1463935375645116175,,1494.0,1323.0
1463935375801163060,1542,1463935375673952614,,1494.0,1250.0
1463935375801214883,1543,1463935375703484311,,1494.0,1255.0
1463935375801507277,1544,1463935375736718075,,1493.0,1254.0
1463935375801689360,1545,1463935375766468729,,1494.0,1256.0
1463935375802305555,1546,1463935375786903954,,1494.0,1608.0
1463935375879917775,1547,1463935375806717880,,1494.0,1323.0
1463935375879975379,1548,1463935375825206186,,1493.0,1250.0
1463935375880011525,1549,1463935375849772383,,1494.0,1255.0
1463935375880047046,1550,1463935375861958842,,1493.0,1643.0
1463935376484487847,1551,1463935375878153877,,1493.0,1324.0
1463935376484843522,1552,1463935375891472414,,1494.0,1323.0
1463935376485201021,1553,1463935375921987804,,1494.0,1323.0
1463935376485254042,1554,1463935375946033899,,1494.0,1250.0
1463935376485295239,1555,1463935375963768927,,1493.0,1255.0
1463935376485647998,1556,1463935375984406652,,1494.0,1603.0
1463935376485696748,1557,1463935376006159632,,1494.0,1323.0
1463935376486008205,1558,1463935376019829781,,1494.0,1250.0
1463935376486646952,1559,1463935376049577675,,1494.0,1255.0
1463935376487004867,1560,1463935376074824390,,1493.0,1255.0
1463935376487050701,1561,1463935376097155128,,1493.0,1255.0
1463935376488816422,1562,1463935376127879632,,1494.0,1646.0
1463935376489924074,1563,1463935376155820085,,1494.0,1323.0
1463935376495307488,1564,1463935376181200602,,1494.0,1323.0
1463935376495818215,1565,1463935376214473428,,1494.0,1323.0
1463935376497334250,1566,1463935376242893411,,1493.0,1250.0
1463935376499104764,1567,1463935376269202101,,1494.0,1255.0
1463935376499176847,1568,1463935376293690902,,1494.0,1255.0
1463935376499218253,1569,1463935376321755261,,1493.0,1255.0
1463935376499483824,1570,1463935376345863127,,1494.0,1644.0
1463935376502207302,1571,1463935376374137850,,1493.0,1323.0
1463935376502270688,1572,1463935376401994450,,1493.0,1323.0
1463935376503044122,1573,1463935376424782217,,1494.0,1323.0
1463935376503107090,1574,1463935376452583244,,1494.0,1250.0
1463935376503639744,1575,1463935376483235508,,1494.0,1255.0
1463935376575422354,1576,1463935376511350753,,1494.0,1255.0
1463935376575879696,1577,1463935376533679876,,1493.0,1255.0
1463935376576019174,1578,1463935376558772477,,1493.0,1255.0
1463935376923578209,1579,1463935376591640045,,1494.0,1255.0
1463935376923820448,1580,1463935376621432209,,1494.0,1255.0
1463935376923862635,1581,1463935376635350171,,1494.0,1255.0
1463935376923896072,1582,1463935376657632002,,1494.0,1255.0
1463935376924175342,1583,1463935376685996100,,1494.0,1255.0
1463935376924445133,1584,1463935376718462732,,1493.0,1255.0
1463935376924492320,1585,1463935376741518831,,1493.0,1255.0
1463935376924763569,1586,1463935376772022815,,1494.0,1255.0
1463935376925040651,1587,1463935376797752914,,1494.0,1255.0
1463935376929602819,1588,1463935376818695220,,1494.0,1255.0
1463935376929660058,1589,1463935376839416121,,1493.0,1255.0
1463935376929901255,1590,1463935376863742111,,1494.0,1255.0
1463935376932284318,1591,1463935376886581961,,1494.0,1255.0
1463935376932972804,1592,1463935376911968571,,1493.0,1656.0
1463935377020725554,1593,1463935376941955422,,1494.0,1323.0
1463935377030746813,1594,1463935376976941002,,1494.0,1323.0
1463935377031535925,1595,1463935377003444482,,1494.0,1323.0
1463935377394850465,1596,1463935377029721922,,1494.0,1323.0
1463935377399130707,1597,1463935377066930721,,1494.0,1323.0
1463935377399460498,1598,1463935377088814221,,1494.0,1323.0
1463935377399734559,1599,1463935377115374264,,1494.0,1323.0
1463935377400024141,1600,1463935377133281844,,1493.0,1323.0
1463935377400069714,1601,1463935377155989924,,1494.0,1323.0
1463935377400209609,1602,1463935377183140381,,1493.0,1323.0
1463935377400255911,1603,1463935377206045022,,1494.0,1323.0
1463935377419309683,1604,1463935377233699435,,1493.0,1323.0
1463935377419370152,1605,1463935377259747762,,1494.0,1323.0
1463935377419492391,1606,1463935377283668753,,1494.0,1250.0
1463935377419534214,1607,1463935377307099226,,1494.0,1255.0
1463935377419735671,1608,1463935377329355485,,1494.0,1255.0
1463935377420253950,1609,1463935377351411588,,1494.0,1255.0
1463935377420659886,1610,1463935377372847799,,1493.0,1625.0
1463935377420724000,1611,1463935377393882761,,1494.0,1323.0
1463935377420766084,1612,1463935377415300274,,1494.0,1323.0
1463935377505379263,1613,1463935377448100446,,1494.0,1323.0
1463935377506205770,1614,1463935377476021785,,1493.0,1323.0
1463935377560335278,1615,1463935377504804578,,1494.0,1323.0
1463935377570234663,1616,1463935377539601200,,1494.0,1323.0
1463935377766762938,1617,1463935377567108635,,1493.0,1323.0
1463935377767051478,1618,1463935377595241640,,1493.0,1323.0
1463935377767332987,1619,1463935377617913730,,1493.0,1323.0
1463935377767634236,1620,1463935377644301586,,1494.0,1250.0
1463935377771267866,1621,1463935377668610128,,1495.0,1255.0
1463935377771338960,1622,1463935377692423932,,1495.0,1255.0
1463935377771632969,1623,1463935377716107060,,1494.0,1255.0
1463935377774279572,1624,1463935377745026364,,1494.0,1255.0
1463935377774828945,1625,1463935377766936739,,1494.0,1255.0
1463935377931050516,1626,1463935377792680327,,1494.0,1255.0
1463935377931501087,1627,1463935377818506154,,1494.0,1255.0
1463935377931562650,1628,1463935377839813875,,1494.0,1631.0
1463935377931602337,1629,1463935377861845135,,1494.0,1323.0
1463935377931639212,1630,1463935377872750870,,1494.0,1323.0
1463935377933965087,1631,1463935377903597613,,1494.0,1323.0
1463935377964464384,1632,1463935377937542989,,1494.0,1323.0
1463935378008055708,1633,1463935377969288843,,1493.0,1323.0
1463935378009512629,1634,1463935377991015208,,1493.0,1250.0
1463935378158399909,1635,1463935378019108109,,1493.0,1255.0
1463935378158726991,1636,1463935378043561910,,1494.0,1255.0
1463935378159474644,1637,1463935378063201618,,1494.0,1255.0
1463935378159750268,1638,1463935378084498610,,1493.0,1667.0
1463935378160041464,1639,1463935378105460083,,1494.0,1323.0
1463935378160763961,1640,1463935378126680878,,1494.0,1323.0
1463935378162262288,1641,1463935378147547820,,1494.0,1323.0
1463935378207165586,1642,1463935378167012997,,1494.0,1250.0
1463935378207598553,1643,1463935378187703742,,1494.0,1255.0
1463935378227661436,1644,1463935378208582247,,1494.0,1255.0
1463935378234319012,1645,1463935378228596588,,1493.0,1255.0
1463935378256260897,1646,1463935378249899778,,1494.0,1656.0
1463935378273574364,1647,1463935378271535154,,1494.0,1323.0
1463935378293642612,1648,1463935378291507673,,1493.0,1250.0
1463935378314948563,1649,1463935378311740139,,1494.0,1255.0
1463935378342294123,1650,1463935378331857188,,1494.0,1255.0
1463935379169532305,1651,1463935378354046312,,1494.0,1255.0
1463935379169584075,1652,1463935378373860915,,1494.0,1255.0
1463935379169624961,1653,1463935378394867752,,1493.0,1255.0
1463935379169662929,1654,1463935378417027137,,1493.0,1255.0
1463935379169701471,1655,1463935378438617148,,1494.0,1255.0
1463935379169738293,1656,1463935378459695860,,1492.0,1255.0
1463935379174197337,1657,1463935378481150040,,1493.0,1255.0
1463935379174305566,1658,1463935378502726249,,1494.0,1255.0
1463935379174350201,1659,1463935378522304968,,1494.0,1255.0
1463935379174388742,1660,1463935378543644981,,1494.0,1255.0
1463935379174423638,1661,1463935378564764005,,1494.0,1255.0
1463935379174460565,1662,1463935378586532089,,1493.0,1639.0
1463935379174624679,1663,1463935378608392621,,1494.0,1323.0
1463935379176514775,1664,1463935378629276073,,1493.0,1250.0
1463935379177189824,1665,1463935378648326356,,1493.0,1255.0
1463935379179170649,1666,1463935378667820700,,1494.0,1662.0
1463935379193608452,1667,1463935378685899372,,1494.0,1323.0
1463935379193677827,1668,1463935378706867929,,1494.0,1323.0
1463935379193718712,1669,1463935378726096544,,1493.0,1323.0
1463935379193918815,1670,1463935378746811925,,1494.0,1323.0
1463935379194126210,1671,1463935378766615017,,1494.0,1323.0
1463935379194341365,1672,1463935378787674250,,1493.0,1323.0
1463935379194897769,1673,1463935378814238407,,1494.0,1323.0
1463935379194951831,1674,1463935378843123596,,1494.0,1323.0
1463935379194991935,1675,1463935378862393462,,1494.0,1323.0
1463935379195742609,1676,1463935378883737745,,1494.0,1250.0
1463935379195795682,1677,1463935378905026717,,1494.0,1255.0
1463935379195834849,1678,1463935378924524498,,1493.0,1658.0
1463935379195870630,1679,1463935378946444925,,1494.0,1323.0
1463935379195905161,1680,1463935378972109347,,1493.0,1323.0
1463935379196188180,1681,1463935378997746529,,1493.0,1323.0
1463935379196447815,1682,1463935379007404352,,1494.0,1250.0
1463935379196818855,1683,1463935379018220608,,1494.0,1255.0
1463935379196872396,1684,1463935379057839189,,1494.0,1325.0
1463935379199104366,1685,1463935379098207818,,1494.0,1323.0
1463935379199736707,1686,1463935379145455272,,1494.0,1323.0
1463935379200528943,1687,1463935379188518317,,1493.0,1323.0
1463935379619915900,1688,1463935379234437861,,1494.0,1323.0
1463935379620530793,1689,1463935379252065181,,1494.0,1323.0
1463935379620890323,1690,1463935379258236665,,1494.0,1250.0
1463935379621258446,1691,1463935379313025233,,1493.0,1255.0
1463935379621617664,1692,1463935379345505354,,1494.0,1635.0
1463935379622291619,1693,1463935379356594942,,1494.0,1323.0
1463935379622645993,1694,1463935379377630165,,1494.0,1250.0
1463935379623492916,1695,1463935379396757271,,1494.0,1255.0
1463935379623806352,1696,1463935379425050796,,1494.0,1255.0
1463935379624089111,1697,1463935379440014638,,1494.0,1255.0
1463935379625883947,1698,1463935379456743889,,1494.0,1658.0
1463935379626281498,1699,1463935379480970713,,1493.0,1323.0
1463935379626570403,1700,1463935379526564268,,1493.0,1250.0
1463935379627173369,1701,1463935379574648906,,1494.0,1255.0
1463935379627602846,1702,1463935379616113729,,1494.0,1635.0
1463935379775895181,1703,1463935379660981245,,1494.0,1323.0
1463935379776211326,1704,1463935379705451888,,1494.0,1250.0
1463935379776673719,1705,1463935379743002926,,1494.0,1254.0
1463935379838217258,1706,1463935379790054391,,1493.0,1648.0
1463935379838618871,1707,1463935379829238182,,1494.0,1323.0
1463935379887571891,1708,1463935379875984909,,1494.0,1323.0
1463935379943849098,1709,1463935379937188971,,1493.0,1322.0
1463935380016317174,1710,1463935380004218892,,1493.0,1250.0
1463935380069871580,1711,1463935380064262698,,1495.0,1255.0
1463935380131962669,1712,1463935380114936544,,1493.0,1256.0
1463935380172401246,1713,1463935380166227314,,1494.0,1255.0
1463935380216821317,1714,1463935380211485715,,1493.0,1660.0
1463935380263659658,1715,1463935380257799058,,1494.0,1323.0
1463935380306500985,1716,1463935380299627161,,1493.0,1323.0
1463935380326964231,1717,1463935380324164660,,1493.0,1322.0
1463935380419930396,1718,1463935380347381956,,1494.0,1323.0
1463935380420645497,1719,1463935380371726904,,1494.0,1323.0
1463935380421104141,1720,1463935380416799628,,1493.0,1323.0
1463935380469812214,1721,1463935380463008129,,1493.0,1323.0
1463935380565050505,1722,1463935380514871761,,1494.0,1250.0
1463935380596705526,1723,1463935380565049047,,1494.0,1255.0
1463935380672558483,1724,1463935380607220533,,1494.0,1255.0
1463935380673055043,1725,1463935380649563894,,1494.0,1255.0
1463935380691462100,1726,1463935380677606170,,1494.0,1255.0
1463935380698043947,1727,1463935380689213828,,1494.0,1255.0
1463935380717300948,1728,1463935380698911026,,1494.0,1255.0
1463935380717787352,1729,1463935380712916696,,1493.0,1255.0
1463935380742691100,1730,1463935380728289286,,1494.0,1255.0
1463935380775405960,1731,1463935380752330434,,1494.0,1255.0
1463935380796690244,1732,1463935380774890806,,1494.0,1655.0
1463935380820017071,1733,1463935380799310858,,1494.0,1323.0
1463935380831871031,1734,1463935380819294314,,1494.0,1323.0
1463935380848879917,1735,1463935380829888383,,1494.0,1323.0
1463935380858260033,1736,1463935380852164903,,1494.0,1250.0
1463935380909830750,1737,1463935380883279249,,1494.0,1255.0
1463935380910233248,1738,1463935380901060423,,1494.0,1255.0
1463935380955470294,1739,1463935380915431038,,1493.0,1255.0
1463935380955808782,1740,1463935380932039301,,1494.0,1650.0
1463935380956325499,1741,1463935380946801112,,1494.0,1323.0
1463935380977319159,1742,1463935380969604505,,1494.0,1323.0
1463935381038139889,1743,1463935380989892074,,1493.0,1323.0
1463935381038566189,1744,1463935381012462186,,1493.0,1323.0
1463935381038881656,1745,1463935381030969294,,1493.0,1323.0
1463935381087295772,1746,1463935381047173444,,1494.0,1253.0
1463935381087716343,1747,1463935381066204664,,1494.0,1255.0
1463935381092816374,1748,1463935381090610237,,1494.0,1255.0
1463935381455652947,1749,1463935381122809110,,1494.0,1255.0
1463935381456019248,1750,1463935381149079623,,1494.0,1255.0
1463935381460804905,1751,1463935381168356780,,1494.0,1255.0
1463935381462230159,1752,1463935381187290605,,1493.0,1255.0
1463935381462553699,1753,1463935381207609893,,1494.0,1255.0
1463935381462810313,1754,1463935381229239384,,1495.0,1255.0
1463935381463083072,1755,1463935381249636432,,1494.0,1255.0
1463935381463350519,1756,1463935381269585410,,1494.0,1255.0
1463935381463609736,1757,1463935381289644751,,1494.0,1255.0
1463935381463876246,1758,1463935381309547062,,1494.0,1644.0
1463935381464166453,1759,1463935381331886497,,1494.0,1323.0
1463935381469033984,1760,1463935381352328337,,1493.0,1250.0
1463935381469447732,1761,1463935381369452795,,1493.0,1255.0
1463935381469730700,1762,1463935381389363387,,1494.0,1255.0
1463935381470029032,1763,1463935381409924237,,1489.0,1254.0
1463935381470624915,1764,1463935381431213625,,1494.0,1655.0
1463935381475160416,1765,1463935381452496034,,1493.0,1323.0
1463935381475636664,1766,1463935381472711208,,1494.0,1323.0
