%time,field.header.seq,field.header.stamp,field.header.frame_id,field.temperature,field.variance
1463935343213342282,305,1463935343206193406,,0.0,10.0
1463935343244271056,306,1463935343218464187,,0.0,10.0
1463935343244501263,307,1463935343234565837,,0.0,10.0
1463935343266235493,308,1463935343258851150,,0.0,-10.0
1463935343383806240,309,1463935343276510709,,0.0,-10.0
1463935343384137853,310,1463935343297119528,,0.0,10.0
1463935343384427279,311,1463935343317247046,,0.0,10.0
1463935343384681810,312,1463935343343772714,,0.0,10.0
1463935343384981496,313,1463935343366483658,,0.0,10.0
1463935343385348994,314,1463935343376280908,,0.0,10.0
1463935343423209978,315,1463935343392669432,,0.0,10.0
1463935343423482581,316,1463935343418064531,,0.0,10.0
1463935343453465005,317,1463935343443234580,,0.0,10.0
1463935343470645140,318,1463935343462835121,,0.0,10.0
1463935343524746367,319,1463935343477452402,,0.0,10.0
1463935343524829492,320,1463935343500417877,,0.0,-10.0
1463935343538570631,321,1463935343531637483,,0.0,-10.0
1463935343573269232,322,1463935343545359820,,0.0,10.0
1463935343573356940,323,1463935343560427256,,0.0,10.0
1463935343595870334,324,1463935343586469176,,0.0,-10.0
1463935343617017118,325,1463935343605156648,,0.0,-10.0
1463935343640426393,326,1463935343635359592,,0.0,10.0
1463935343668306014,327,1463935343664874101,,0.0,10.0
1463935343696870891,328,1463935343685939324,,0.0,-10.0
1463935343728666901,329,1463935343718951787,,0.0,-10.0
1463935343768498398,330,1463935343745540371,,0.0,-10.0
1463935343775020766,331,1463935343762428528,,0.0,-10.0
1463935343822857853,332,1463935343789628359,,0.0,-10.0
1463935343822897228,333,1463935343804766211,,0.0,-10.0
1463935343861562739,334,1463935343818767766,,0.0,10.0
1463935343873345137,335,1463935343858771189,,0.0,10.0
1463935343873732583,336,1463935343868563439,,0.0,-10.0
1463935343887240025,337,1463935343879636048,,0.0,-10.0
1463935343948914501,338,1463935343916837034,,0.0,-10.0
1463935343949339187,339,1463935343939512875,,0.0,-10.0
1463935343971661800,340,1463935343967862910,,0.0,-10.0
1463935343986747985,341,1463935343983710863,,0.0,-10.0
1463935344030450715,342,1463935344015573956,,0.0,-10.0
1463935344091586339,343,1463935344053167337,,0.0,-10.0
1463935344092510554,344,1463935344069839401,,0.0,10.0
1463935344122800893,345,1463935344094190130,,0.0,10.0
1463935344124554688,346,1463935344100773904,,0.0,-10.0
1463935344125455049,347,1463935344116489097,,0.0,-10.0
1463935344182122879,348,1463935344132860329,,0.0,10.0
1463935344182757720,349,1463935344169659495,,0.0,10.0
1463935344248180670,350,1463935344184553858,,0.0,-10.0
1463935344250549878,351,1463935344211224422,,0.0,-10.0
1463935344284019423,352,1463935344255680377,,0.0,10.0
1463935344328351473,353,1463935344306648024,,0.0,10.0
1463935344375324918,354,1463935344329317042,,0.0,-10.0
1463935344377427201,355,1463935344357901242,,0.0,-10.0
1463935344399272524,356,1463935344388977255,,0.0,-10.0
1463935344438889490,357,1463935344422155082,,0.0,-10.0
1463935344458900758,358,1463935344449108561,,0.0,10.0
1463935344479439994,359,1463935344473402988,,0.0,10.0
1463935344515726974,360,1463935344497737207,,0.0,-10.0
1463935344555882583,361,1463935344520711328,,0.0,-10.0
1463935344556616747,362,1463935344530907846,,0.0,-10.0
1463935344613113537,363,1463935344567274514,,0.0,-10.0
1463935344721860259,364,1463935344614208428,,0.0,-10.0
1463935344723504783,365,1463935344667506065,,0.0,-10.0
1463935344725219932,366,1463935344716522209,,0.0,-10.0
1463935344795506403,367,1463935344763077635,,0.0,-10.0
1463935344795564840,368,1463935344779095796,,0.0,-10.0
1463935344853552040,369,1463935344796531242,,0.0,-10.0
1463935344853801310,370,1463935344804846050,,0.0,10.0
1463935344854168912,371,1463935344821154053,,0.0,10.0
1463935344854210683,372,1463935344841868288,,0.0,10.0
1463935344885227946,373,1463935344860534927,,0.0,10.0
1463935344921722269,374,1463935344897749924,,0.0,-10.0
1463935344962063659,375,1463935344944250246,,0.0,-10.0
1463935344974134806,376,1463935344968867016,,0.0,10.0
1463935345003075671,377,1463935344993370453,,0.0,10.0
1463935345342583751,378,1463935345019918881,,0.0,-10.0
1463935345343878121,379,1463935345041433268,,0.0,-10.0
1463935345346666182,380,1463935345059881158,,0.0,-10.0
1463935345346954097,381,1463935345080892318,,0.0,-10.0
1463935345347379408,382,1463935345103041702,,0.0,-10.0
1463935345347542688,383,1463935345125649210,,0.0,-10.0
1463935345347694667,384,1463935345146164695,,0.0,10.0
1463935345348029822,385,1463935345166782159,,0.0,10.0
1463935345348644975,386,1463935345188293213,,0.0,10.0
1463935345348704663,387,1463935345208662136,,0.0,10.0
1463935345348831641,388,1463935345229104497,,0.0,10.0
1463935345348897318,389,1463935345247318117,,0.0,10.0
1463935345349266431,390,1463935345268861150,,0.0,-10.0
1463935345350002730,391,1463935345286098316,,0.0,-10.0
1463935345350576686,392,1463935345305993699,,0.0,-10.0
1463935345352718968,393,1463935345326760277,,0.0,-10.0
1463935345352784333,394,1463935345346260975,,0.0,10.0
1463935345720623541,395,1463935345368300464,,0.0,10.0
1463935345736868940,396,1463935345395172433,,0.0,-10.0
1463935345737608052,397,1463935345419804984,,0.0,-10.0
1463935345737844718,398,1463935345444003109,,0.0,10.0
1463935345738500756,399,1463935345472079656,,0.0,10.0
1463935345738932161,400,1463935345498408502,,0.0,10.0
1463935345739209451,401,1463935345522283347,,0.0,10.0
1463935345740173562,402,1463935345548919536,,0.0,-10.0
1463935345740942308,403,1463935345577737017,,0.0,-10.0
1463935345741437202,404,1463935345605003879,,0.0,10.0
1463935345742580479,405,1463935345626018894,,0.0,10.0
1463935345742628447,406,1463935345646128756,,0.0,10.0
1463935345743524537,407,1463935345671896041,,0.0,10.0
1463935345745061822,408,1463935345699841495,,0.0,10.0
1463935345745583434,409,1463935345737884249,,0.0,10.0
1463935345940182082,410,1463935345769394374,,0.0,-10.0
1463935345940514632,411,1463935345798651228,,0.0,-10.0
1463935345942571967,412,1463935345827293971,,0.0,-10.0
1463935345943291860,413,1463935345864301937,,0.0,-10.0
1463935345944824197,414,1463935345904045569,,0.0,10.0
1463935345945547580,415,1463935345930537540,,0.0,10.0
1463935346075972491,416,1463935345957521278,,0.0,10.0
1463935346076259417,417,1463935345989069112,,0.0,10.0
1463935346076873268,418,1463935346023308757,,0.0,-10.0
1463935346078749198,419,1463935346050008904,,0.0,-10.0
1463935346079519819,420,1463935346076732175,,0.0,10.0
1463935346138535765,421,1463935346106942150,,0.0,10.0
1463935346149654988,422,1463935346133850993,,0.0,-10.0
1463935346184873588,423,1463935346156465167,,0.0,-10.0
1463935346186506549,424,1463935346179496215,,0.0,10.0
1463935346238207735,425,1463935346203236217,,0.0,10.0
1463935346238508202,426,1463935346232768904,,0.0,10.0
1463935346287668929,427,1463935346256257137,,0.0,10.0
1463935346288844028,428,1463935346281503018,,0.0,10.0
1463935346417141136,429,1463935346316276047,,0.0,10.0
1463935346417838946,430,1463935346343179786,,0.0,10.0
1463935346418828108,431,1463935346366896039,,0.0,10.0
1463935346419243940,432,1463935346391693328,,0.0,10.0
1463935346421035390,433,1463935346407268574,,0.0,10.0
1463935346487674637,434,1463935346432885027,,0.0,-10.0
1463935346488742549,435,1463935346458889551,,0.0,-10.0
1463935346489825930,436,1463935346483201010,,0.0,-10.0
1463935346549774163,437,1463935346508483246,,0.0,-10.0
1463935346551044314,438,1463935346534063188,,0.0,-10.0
1463935346602727582,439,1463935346559860943,,0.0,-10.0
1463935346603575079,440,1463935346585403177,,0.0,10.0
1463935346633742866,441,1463935346616002734,,0.0,10.0
1463935346666401946,442,1463935346639070969,,0.0,-10.0
1463935346715328299,443,1463935346666180592,,0.0,-10.0
1463935346715487048,444,1463935346706923804,,0.0,-10.0
1463935346757681712,445,1463935346746331500,,0.0,-10.0
1463935346799839344,446,1463935346789573815,,0.0,-10.0
1463935346852326099,447,1463935346842345777,,0.0,-10.0
1463935346871172737,448,1463935346865416980,,0.0,10.0
1463935346893237903,449,1463935346884991271,,0.0,10.0
1463935346970815852,450,1463935346909806894,,0.0,10.0
1463935346975045157,451,1463935346932513516,,0.0,10.0
1463935346975484062,452,1463935346949573808,,0.0,-10.0
1463935346975889424,453,1463935346969957210,,0.0,-10.0
1463935347244400620,454,1463935346988411194,,0.0,10.0
1463935347244678848,455,1463935347016649198,,0.0,10.0
1463935347244943482,456,1463935347037157912,,0.0,-10.0
1463935347245410720,457,1463935347057296733,,0.0,-10.0
1463935347246118165,458,1463935347077363782,,0.0,10.0
1463935347246570767,459,1463935347098689316,,0.0,10.0
1463935347246891912,460,1463935347119584227,,0.0,-10.0
1463935347247184567,461,1463935347138885290,,0.0,-10.0
1463935347247475190,462,1463935347159091558,,0.0,10.0
1463935347247754356,463,1463935347178753818,,0.0,10.0
1463935347248605498,464,1463935347194567448,,0.0,10.0
1463935347249382526,465,1463935347215469129,,0.0,10.0
1463935347387601623,466,1463935347255013648,,0.0,10.0
1463935347387636935,467,1463935347292510883,,0.0,10.0
1463935347387670424,468,1463935347306276137,,0.0,-10.0
1463935347387788653,469,1463935347323960593,,0.0,-10.0
1463935347387830215,470,1463935347343075042,,0.0,-10.0
1463935347388479952,471,1463935347354366504,,0.0,-10.0
1463935347388527712,472,1463935347374297721,,0.0,-10.0
1463935347449157974,473,1463935347397620486,,0.0,-10.0
1463935347449598128,474,1463935347419717162,,0.0,-10.0
1463935347555015021,475,1463935347459245431,,0.0,-10.0
1463935347555137104,476,1463935347489404885,,0.0,-10.0
1463935347569951885,477,1463935347514152019,,0.0,-10.0
1463935347572634373,478,1463935347541338517,,0.0,10.0
1463935347611655560,479,1463935347564016233,,0.0,10.0
1463935347613047273,480,1463935347586805354,,0.0,-10.0
1463935347711655862,481,1463935347611905924,,0.0,-10.0
1463935347712475181,482,1463935347637489773,,0.0,10.0
1463935347713147158,483,1463935347662344302,,0.0,10.0
1463935347713196689,484,1463935347692653495,,0.0,10.0
1463935347723933466,485,1463935347712498775,,0.0,10.0
1463935347747274824,486,1463935347744198848,,0.0,-10.0
1463935347788798189,487,1463935347781177127,,0.0,-10.0
1463935347814751098,488,1463935347808656072,,0.0,-10.0
1463935347857492582,489,1463935347829598587,,0.0,-10.0
1463935347858092684,490,1463935347843614152,,0.0,-10.0
1463935347870706276,491,1463935347862364541,,0.0,-10.0
1463935347910068347,492,1463935347903693010,,0.0,10.0
1463935347975946868,493,1463935347957971371,,0.0,10.0
1463935348029039609,494,1463935348002225193,,0.0,-10.0
1463935348243943170,495,1463935348035383384,,0.0,-10.0
1463935348244239418,496,1463935348057352769,,0.0,-10.0
1463935348244485615,497,1463935348079145176,,0.0,-10.0
1463935348244753947,498,1463935348099145351,,0.0,10.0
1463935348245005040,499,1463935348120832342,,0.0,10.0
1463935348245249570,500,1463935348142397145,,0.0,10.0
1463935348245674881,501,1463935348162268571,,0.0,10.0
1463935348246506544,502,1463935348182133174,,0.0,10.0
1463935348246811595,503,1463935348202016005,,0.0,10.0
1463935348247333572,504,1463935348218117395,,0.0,-10.0
1463935349345426794,505,1463935348246940813,,0.0,-10.0
1463935349345886011,506,1463935348270567066,,0.0,10.0
1463935349347262567,507,1463935348291482185,,0.0,10.0
1463935349347959491,508,1463935348313323394,,0.0,-10.0
1463935349348579489,509,1463935348336153453,,0.0,-10.0
1463935349349838389,510,1463935348359663092,,0.0,10.0
1463935349350657396,511,1463935348385377721,,0.0,10.0
1463935349351279633,512,1463935348407336482,,0.0,10.0
1463935349352849418,513,1463935348427683999,,0.0,10.0
1463935349354588317,514,1463935348446357565,,0.0,10.0
1463935349355046701,515,1463935348466328417,,0.0,10.0
1463935349355943572,516,1463935348488661030,,0.0,-10.0
1463935349357162160,517,1463935348513002748,,0.0,-10.0
1463935349357608200,518,1463935348534794322,,0.0,10.0
1463935349358115229,519,1463935348556467406,,0.0,10.0
1463935349358690956,520,1463935348579112362,,0.0,-10.0
1463935349359766212,521,1463935348601845806,,0.0,-10.0
1463935349360315115,522,1463935348623102642,,0.0,-10.0
1463935349361089279,523,1463935348644486457,,0.0,-10.0
1463935349361452454,524,1463935348666149073,,0.0,-10.0
1463935349362929427,525,1463935348688477884,,0.0,-10.0
1463935349364773846,526,1463935348709468627,,0.0,10.0
1463935349365597645,527,1463935348732607070,,0.0,10.0
1463935349366434256,528,1463935348753893021,,0.0,-10.0
1463935349367688886,529,1463935348775298294,,0.0,-10.0
1463935349368554976,530,1463935348797357418,,0.0,10.0
1463935349369053984,531,1463935348818722066,,0.0,10.0
1463935349371831004,532,1463935348841733062,,0.0,-10.0
1463935349372820895,533,1463935348863095158,,0.0,-10.0
1463935349373300581,534,1463935348884816940,,0.0,-10.0
1463935349373633184,535,1463935348906804971,,0.0,-10.0
1463935349375289583,536,1463935348932118248,,0.0,10.0
1463935349375757081,537,1463935348954301539,,0.0,10.0
1463935349376675410,538,1463935348976387278,,0.0,-10.0
1463935349377080252,539,1463935348997779374,,0.0,-10.0
1463935349378214883,540,1463935349014592271,,0.0,10.0
1463935349378623318,541,1463935349036567125,,0.0,10.0
1463935349379092900,542,1463935349059618432,,0.0,-10.0
1463935349379496440,543,1463935349082038649,,0.0,-10.0
1463935349379876959,544,1463935349104068086,,0.0,-10.0
1463935349381432056,545,1463935349125538775,,0.0,-10.0
1463935349383704495,546,1463935349146474884,,0.0,-10.0
1463935349384140587,547,1463935349168219062,,0.0,-10.0
1463935349384743188,548,1463935349190869277,,0.0,10.0
1463935349385689122,549,1463935349213402254,,0.0,10.0
1463935349386464847,550,1463935349235726325,,0.0,10.0
1463935349386908648,551,1463935349257165244,,0.0,10.0
1463935349387382969,552,1463935349278284529,,0.0,-10.0
1463935349387845675,553,1463935349299704437,,0.0,-10.0
1463935349389122857,554,1463935349322007519,,0.0,-10.0
1463935349390889256,555,1463935349343592114,,0.0,-10.0
1463935349397472665,556,1463935349365237959,,0.0,-10.0
1463935349398985367,557,1463935349387200886,,0.0,-10.0
1463935349809280175,558,1463935349408918501,,0.0,10.0
1463935349809838662,559,1463935349431662988,,0.0,10.0
1463935349810800794,560,1463935349454153777,,0.0,-10.0
1463935349813031253,561,1463935349475162177,,0.0,-10.0
1463935349813199690,562,1463935349495674120,,0.0,10.0
1463935349813490001,563,1463935349518189753,,0.0,10.0
1463935349814917130,564,1463935349539889087,,0.0,10.0
1463935349816074052,565,1463935349561489203,,0.0,10.0
1463935349817667639,566,1463935349582977341,,0.0,10.0
1463935349818064773,567,1463935349604643133,,0.0,10.0
1463935349818370865,568,1463935349630875157,,0.0,10.0
1463935349818638885,569,1463935349651765953,,0.0,10.0
1463935349819266226,570,1463935349673807890,,0.0,-10.0
1463935349821383092,571,1463935349695715400,,0.0,-10.0
1463935349823258449,572,1463935349717380464,,0.0,10.0
1463935349823846936,573,1463935349739127767,,0.0,10.0
1463935349823894384,574,1463935349762023138,,0.0,-10.0
1463935349824503183,575,1463935349783171328,,0.0,-10.0
1463935349826161665,576,1463935349804609362,,0.0,-10.0
1463935352643346652,577,1463935349826867860,,0.0,-10.0
1463935352643410506,578,1463935349848315425,,0.0,10.0
1463935352644366856,579,1463935349869979134,,0.0,10.0
1463935352644767323,580,1463935349891599927,,0.0,-10.0
1463935352645651382,581,1463935349907932097,,0.0,-10.0
1463935352646497993,582,1463935349931896422,,0.0,-10.0
1463935352647587259,583,1463935349951190662,,0.0,-10.0
1463935352647996736,584,1463935349971555158,,0.779937922955,10.0
1463935352648823660,585,1463935349991587521,,0.0,10.0
1463935352649091107,586,1463935350016640747,,0.0,-10.0
1463935352649137773,587,1463935350039389973,,0.779937922955,-10.0
1463935352650574069,588,1463935350061445035,,0.0,-10.0
1463935352650639329,589,1463935350083760772,,1.22336053848,-10.0
1463935352651631096,590,1463935350107235568,,0.0,10.0
1463935352652118021,591,1463935350130074793,,1.37789034843,10.0
1463935352653673431,592,1463935350151999283,,1.3448587656,10.0
1463935352654348168,593,1463935350173291223,,0.0,10.0
1463935352655239258,594,1463935350194496289,,1.30681777,-10.0
1463935352655821755,595,1463935350216840308,,0.0,-10.0
1463935352655898578,596,1463935350239427138,,1.34716546535,10.0
1463935352656565502,597,1463935350261270534,,1.34716546535,10.0
1463935352657580133,598,1463935350282265965,,0.0,10.0
1463935352658120808,599,1463935350304592589,,1.34026873112,10.0
1463935352659068095,600,1463935350327068430,,1.34948027134,-10.0
1463935352659686061,601,1463935350352895351,,1.37789034843,-10.0
1463935352660561787,602,1463935350374839111,,1.37789034843,10.0
1463935352661285950,603,1463935350396433550,,1.37547719479,10.0
1463935352661710792,604,1463935350417668407,,1.34255981445,10.0
1463935352662872819,605,1463935350438761807,,1.35647237301,10.0
1463935352662983912,606,1463935350459857967,,1.35647237301,10.0
1463935352663033808,607,1463935350482352402,,1.3448587656,10.0
1463935352665310152,608,1463935350504059965,,1.34716546535,10.0
1463935352665673953,609,1463935350525809299,,1.34716546535,10.0
1463935352666660198,610,1463935350547867069,,1.38031196594,-10.0
1463935352667319050,611,1463935350571618895,,1.37789034843,-10.0
1463935352668553940,612,1463935350593655988,,1.37789034843,10.0
1463935352668615763,613,1463935350616479172,,1.34255981445,10.0
1463935352669310239,614,1463935350637114969,,0.0,10.0
1463935352670642421,615,1463935350659275135,,1.37789034843,10.0
1463935352671062315,616,1463935350681378270,,1.37789034843,-10.0
1463935352671600906,617,1463935350703939683,,1.38031196594,-10.0
1463935352672482413,618,1463935350726760471,,1.38274204731,10.0
1463935352673253764,619,1463935350748501264,,1.38274204731,10.0
1463935352673414284,620,1463935350769997526,,1.38274204731,-10.0
1463935352675035110,621,1463935350795298668,,1.38518083096,-10.0
1463935352675953700,622,1463935350817009356,,1.38274204731,-10.0
1463935352676646979,623,1463935350838703691,,1.34716546535,-10.0
1463935352677288538,624,1463935350861346875,,1.38518083096,10.0
1463935352677909109,625,1463935350882833398,,0.0,10.0
1463935352678983531,626,1463935350905017157,,0.0,-10.0
1463935352679064781,627,1463935350926829981,,1.38031196594,-10.0
1463935352679729361,628,1463935350948407336,,0.0,10.0
1463935352681135866,629,1463935350971842028,,1.41768503189,10.0
1463935352682183778,630,1463935350992810480,,1.39008402824,10.0
1463935352682410808,631,1463935351005041052,,1.39008402824,10.0
1463935352682800129,632,1463935351025088779,,1.39254879951,-10.0
1463935352683742365,633,1463935351053376314,,0.779937922955,-10.0
1463935352684158978,634,1463935351095989205,,0.0,-10.0
1463935352684387206,635,1463935351139079542,,1.38031196594,-10.0
1463935352685205692,636,1463935351183892371,,1.42024862766,10.0
1463935352686373708,637,1463935351233935334,,1.42024862766,10.0
1463935352686429020,638,1463935351278696132,,0.0,10.0
1463935352687033288,639,1463935351332004863,,1.46529388428,10.0
1463935352687963232,640,1463935351378611955,,1.42024862766,-10.0
1463935352688656198,641,1463935351426226335,,1.42024862766,-10.0
1463935352689626767,642,1463935351474495452,,1.42799544334,-10.0
1463935352691590144,643,1463935351522507382,,1.42540383339,-10.0
1463935352691642956,644,1463935351574459816,,1.42540383339,10.0
1463935352691675612,645,1463935351617574215,,1.42540383339,10.0
1463935352692061965,646,1463935351661973400,,1.46256518364,10.0
1463935352693107429,647,1463935351708325233,,1.46256518364,10.0
1463935352693857061,648,1463935351752561398,,1.46256518364,10.0
1463935352694405757,649,1463935351796780272,,1.45984661579,10.0
1463935352694811693,650,1463935351846650006,,1.46529388428,10.0
1463935352696282155,651,1463935351882994382,,1.46529388428,10.0
1463935352697549285,652,1463935351900378370,,1.41258537769,10.0
1463935352698044647,653,1463935351904586113,,1.41258537769,10.0
1463935352698092356,654,1463935351925828730,,1.42024862766,10.0
1463935352699329902,655,1463935351949528108,,1.42024862766,10.0
1463935352699489225,656,1463935351969641303,,1.42799544334,10.0
1463935352700584637,657,1463935351989532833,,1.45984661579,10.0
1463935352701266925,658,1463935352024117945,,1.42282152176,10.0
1463935352701511508,659,1463935352054235473,,0.0,10.0
1463935352702139317,660,1463935352084438625,,1.42024862766,10.0
1463935352703081918,661,1463935352116543175,,1.42282152176,10.0
1463935352703538270,662,1463935352141911192,,1.46256518364,-10.0
1463935352704703161,663,1463935352167605613,,1.46256518364,-10.0
1463935352704770712,664,1463935352201796769,,0.0,-10.0
1463935352705446439,665,1463935352231730443,,1.4680327177,-10.0
1463935352706256956,666,1463935352263758327,,0.0,-10.0
1463935352706418414,667,1463935352291788311,,1.41513061523,-10.0
1463935352707524919,668,1463935352324957857,,1.46256518364,-10.0
1463935352708292156,669,1463935352357267302,,1.45713818073,-10.0
1463935352708349187,670,1463935352387869671,,1.46256518364,-10.0
1463935352709035746,671,1463935352416587882,,1.46256518364,-10.0
1463935352710457824,672,1463935352442593292,,1.46256518364,-10.0
1463935352710872822,673,1463935352467439019,,1.51037979126,-10.0
1463935352711528913,674,1463935352502240953,,1.4680327177,-10.0
1463935352711577558,675,1463935352519106298,,1.4680327177,-10.0
1463935352712356357,676,1463935352545388790,,1.46256518364,10.0
1463935352713190572,677,1463935352571807062,,1.50459289551,10.0
1463935352713855153,678,1463935352602853440,,1.46529388428,10.8000001907
1463935352713914944,679,1463935352629038588,,1.46256518364,13.4399995804
1463935352715022492,680,1463935352659089710,,1.46256518364,33.4799995422
1463935352715649416,681,1463935352690344837,,1.46256518364,32.7599983215
1463935353306879180,682,1463935352713635102,,1.51328992844,33.1199989319
1463935353307980061,683,1463935352740013531,,1.51328992844,33.5999984741
1463935353309502814,684,1463935352766255189,,1.45984661579,33.7200012207
1463935353311551191,685,1463935352790306545,,1.45984661579,33.3600006104
1463935353313232955,686,1463935352816630443,,0.0,33.9599990845
1463935353314220346,687,1463935352843888868,,1.50459289551,33.5999984741
1463935353315681434,688,1463935352872508485,,1.4680327177,33.5999984741
1463935353316786898,689,1463935352906592610,,1.50459289551,33.5999984741
1463935353319081784,690,1463935352938346120,,1.45713818073,33.7200012207
1463935353319145221,691,1463935352967732036,,1.49599528313,33.7200012207
1463935353319725219,692,1463935353004097401,,1.4988502264,35.2799987793
1463935353319779593,693,1463935353043614837,,1.50748085976,33.5999984741
1463935353319880010,694,1463935353083229407,,1.50459289551,33.5999984741
1463935353321675523,695,1463935353119275711,,1.50171601772,33.5999984741
1463935353323486244,696,1463935353148319962,,1.51037979126,33.1199989319
1463935353324797593,697,1463935353189312755,,1.51037979126,34.5600013733
1463935353325667433,698,1463935353225241404,,1.50171601772,33.7200012207
1463935353326578627,699,1463935353250459681,,1.4988502264,33.5999984741
1463935353327711122,700,1463935353288507227,,1.50459289551,33.3600006104
1463935353329421896,701,1463935353317187365,,1.50459289551,31.7999992371
1463935355259960101,702,1463935353352883879,,1.55524253845,-10.0
1463935355260019944,703,1463935353388735705,,1.50459289551,-10.0
1463935355260055204,704,1463935353415348820,,1.54605805874,10.0
1463935355261359313,705,1463935353444691872,,1.55524253845,10.0
1463935355261835040,706,1463935353469727129,,1.51037979126,10.0
1463935355262977900,707,1463935353493103227,,1.51037979126,10.0
1463935355263399669,708,1463935353518498848,,1.51037979126,-10.0
1463935355264970444,709,1463935353540502608,,1.55216896534,-10.0
1463935355265789086,710,1463935353567189786,,1.55216896534,-10.0
1463935355266555958,711,1463935353596866169,,1.50748085976,-10.0
1463935355267741265,712,1463935353627447132,,1.51037979126,10.0
1463935355267802932,713,1463935353652484213,,1.51037979126,10.0
1463935355268936000,714,1463935353682698198,,1.55524253845,10.0
1463935355268990374,715,1463935353698703130,,1.4680327177,10.0
1463935355269536257,716,1463935353727339934,,1.46529388428,-10.0
1463935355271004272,717,1463935353752810138,,1.50748085976,-10.0
1463935355271517655,718,1463935353774809367,,1.55216896534,10.0
1463935355272463745,719,1463935353797452082,,1.46529388428,10.0
1463935355272917493,720,1463935353822125831,,1.46529388428,10.0
1463935355274056499,721,1463935353845251201,,1.50748085976,15.4799995422
1463935355274814933,722,1463935353870537968,,1.50171601772,14.6400003433
1463935355275674304,723,1463935353899469667,,1.55216896534,23.2800006866
1463935355277063361,724,1463935353929891412,,1.55216896534,33.1199989319
1463935355277126225,725,1463935353949422058,,1.51037979126,33.1199989319
1463935355277166069,726,1463935353977558292,,1.55216896534,33.7200012207
1463935355277904972,727,1463935354011482417,,1.55216896534,33.5999984741
1463935355278807260,728,1463935354033451698,,1.51037979126,32.4000015259
1463935355279747620,729,1463935354059650024,,1.50459289551,33.7200012207
1463935355281157614,730,1463935354087917507,,1.50459289551,27.1200008392
1463935355281767559,731,1463935354113600106,,1.54910755157,26.7600002289
1463935355282110214,732,1463935354141272904,,1.54910755157,-11.0399999619
1463935355282632243,733,1463935354166181391,,1.50459289551,13.9200000763
1463935355283612551,734,1463935354194506114,,1.55216896534,15.4799995422
1463935355284106820,735,1463935354227773576,,1.54910755157,15.4799995422
1463935355285888688,736,1463935354265617112,,1.55832839012,-10.0
1463935355286082020,737,1463935354295142455,,1.55832839012,19.7999992371
1463935355286618789,738,1463935354333855987,,1.55216896534,28.7999992371
1463935355287333733,739,1463935354372191188,,1.54910755157,32.7599983215
1463935355287988366,740,1463935354403611314,,1.54910755157,32.7599983215
1463935355288827685,741,1463935354441088341,,1.51037979126,-10.4399995804
1463935355289666640,742,1463935354471746179,,1.51037979126,-10.0
1463935355291624548,743,1463935354494834309,,1.51037979126,-10.0
1463935355292204546,744,1463935354525538084,,1.51037979126,-10.0
1463935355293371937,745,1463935354553014790,,1.55216896534,18.1200008392
1463935355294503963,746,1463935354582750808,,1.54302060604,18.1200008392
1463935355295730052,747,1463935354610049806,,1.55524253845,32.7599983215
1463935355295805781,748,1463935354642741489,,1.55216896534,33.4799995422
1463935355295846770,749,1463935354666403472,,1.55524253845,33.5999984741
1463935355296537132,750,1463935354694866996,,1.50459289551,33.5999984741
1463935355297554471,751,1463935354725115043,,1.54910755157,33.7200012207
1463935355298249468,752,1463935354747543593,,1.54605805874,33.5999984741
1463935355299095975,753,1463935354776760343,,1.54910755157,33.7200012207
1463935355300079773,754,1463935354807400785,,1.55216896534,-10.0
1463935355300837738,755,1463935354834881866,,1.55216896534,-10.0
1463935355301977108,756,1463935354861478106,,1.54910755157,12.1199998856
1463935355302279138,757,1463935354889959443,,1.58666157722,-10.0
1463935355302975333,758,1463935354916745266,,1.54302060604,-10.0
1463935355303488091,759,1463935354942396354,,1.54302060604,-10.0
1463935355303905433,760,1463935354968906189,,1.55216896534,10.0
1463935355304709180,761,1463935354991696716,,1.55216896534,10.0
1463935355305180584,762,1463935355032849769,,1.54605805874,-10.0
1463935355306826567,763,1463935355063834845,,1.55216896534,-10.0
1463935355307722396,764,1463935355091030979,,1.54302060604,10.0
1463935355308430831,765,1463935355117756333,,1.50748085976,10.0
1463935355309771398,766,1463935355144156950,,1.54605805874,10.0
1463935355310733998,767,1463935355172554276,,1.55216896534,10.0
1463935355311625296,768,1463935355195208919,,1.51037979126,-10.0
1463935355311677431,769,1463935355221197558,,1.50748085976,-10.0
1463935355312455501,770,1463935355244564854,,1.55216896534,10.0
1463935355312850135,771,1463935355276613883,,1.54605805874,32.7599983215
1463935355313640444,772,1463935355303504289,,1.54605805874,33.5999984741
1463935355695262146,773,1463935355329502616,,1.4988502264,33.5999984741
1463935355695982038,774,1463935355357944161,,1.55216896534,33.5999984741
1463935355696290475,775,1463935355384477849,,1.54605805874,33.5999984741
1463935355696690681,776,1463935355412339189,,1.55216896534,33.7200012207
1463935355697734218,777,1463935355440305684,,1.55216896534,34.4399986267
1463935355698355726,778,1463935355468650562,,1.51328992844,33.5999984741
1463935355699241452,779,1463935355494290765,,1.55216896534,33.7200012207
1463935355700263583,780,1463935355523520745,,1.54605805874,33.5999984741
1463935355701093839,781,1463935355552422548,,1.54910755157,32.4000015259
1463935355702138314,782,1463935355581285341,,1.59309840202,10.0
1463935355702527948,783,1463935355610513810,,1.59309840202,13.5600004196
1463935355703526485,784,1463935355644048667,,1.54302060604,-10.0
1463935355703917994,785,1463935355671669642,,1.54302060604,-10.0
1463935355705259082,786,1463935355686203070,,1.54302060604,-10.0
1463935356958568099,787,1463935355709502241,,1.60285198689,-10.0
1463935356958665494,788,1463935355736061607,,1.55524253845,-10.0
1463935356958703463,789,1463935355762830034,,1.55216896534,-10.0
1463935356958738098,790,1463935355783667341,,1.51037979126,-10.0
1463935356959009191,791,1463935355811915345,,1.60285198689,-10.0
1463935356959044503,792,1463935355843648855,,1.50459289551,23.6399993896
1463935356959139398,793,1463935355881033226,,1.59309840202,24.1200008392
1463935356959176169,794,1463935355888771527,,1.50748085976,33.0
1463935356959497678,795,1463935355913595171,,1.50748085976,33.3600006104
1463935356959564605,796,1463935355943031503,,1.55216896534,33.7200012207
1463935356959611219,797,1463935355969069465,,1.55216896534,33.2400016785
1463935356961176004,798,1463935356003674473,,1.55524253845,10.0
1463935356961216369,799,1463935356033866115,,1.55216896534,10.0
1463935356961248973,800,1463935356063979788,,1.54605805874,10.0
1463935356961279962,801,1463935356088586714,,1.55216896534,10.0
1463935356961678502,802,1463935356097882716,,1.55216896534,-10.0
1463935356961739804,803,1463935356111042764,,1.55832839012,-10.0
1463935356961775272,804,1463935356126544833,,1.55832839012,-10.0
1463935356961824491,805,1463935356154604296,,1.54910755157,-10.0
1463935356961859647,806,1463935356169710221,,1.54910755157,10.0
1463935356961893918,807,1463935356186502389,,1.54910755157,10.0
1463935356975802140,808,1463935356210853066,,1.55216896534,10.0
1463935356975860264,809,1463935356231948341,,1.55216896534,10.0
1463935356975897764,810,1463935356247475931,,1.55524253845,-10.0
1463935356975933024,811,1463935356268907401,,1.51037979126,-10.0
1463935356975969014,812,1463935356288733775,,1.55524253845,-10.0
1463935356976003649,813,1463935356311443782,,1.55524253845,-10.0
1463935356976039587,814,1463935356331297499,,1.55524253845,-10.0
1463935356976128336,815,1463935356353044958,,1.55216896534,-10.0
1463935356976170628,816,1463935356374768668,,1.55524253845,10.0
1463935356976205263,817,1463935356401492460,,1.55524253845,10.0
1463935356979305562,818,1463935356420051964,,1.55216896534,10.0
1463935356979366551,819,1463935356439258756,,1.55216896534,10.0
1463935356979405197,820,1463935356464779533,,1.55524253845,10.0
1463935356979439884,821,1463935356486470586,,1.54910755157,33.3600006104
1463935356979474051,822,1463935356507875911,,1.54910755157,33.7200012207
1463935356979716237,823,1463935356532580441,,1.55216896534,33.3600006104
1463935356979776289,824,1463935356557332106,,1.5995875597,33.2400016785
1463935356979830091,825,1463935356576022338,,1.5995875597,32.7599983215
1463935356979882070,826,1463935356596987040,,1.55216896534,32.7599983215
1463935356979920195,827,1463935356634859691,,1.54910755157,33.5999984741
1463935356979955768,828,1463935356678803253,,1.54910755157,32.4000015259
1463935356980043788,829,1463935356723600510,,1.51037979126,33.5999984741
1463935356980163683,830,1463935356766542201,,1.50748085976,34.3199996948
1463935356980896076,831,1463935356812943617,,1.55216896534,33.5999984741
1463935356980955451,832,1463935356862538926,,1.55216896534,33.5999984741
1463935356981070086,833,1463935356908186075,,1.54910755157,34.7999992371
1463935356981173940,834,1463935356925350845,,1.54910755157,33.5999984741
1463935356981495813,835,1463935356945838257,,1.55216896534,33.5999984741
1463935356982095654,836,1463935356970927265,,1.55216896534,33.5999984741
1463935357082938609,837,1463935357013447708,,1.55524253845,33.5999984741
1463935357083224441,838,1463935357054982582,,1.54910755157,32.5200004578
1463935357220770519,839,1463935357104944973,,1.54302060604,33.7200012207
1463935357221738015,840,1463935357149643167,,1.53999507427,33.5999984741
1463935357223145822,841,1463935357200267951,,1.54605805874,34.4399986267
1463935357293471094,842,1463935357237432479,,1.5995875597,33.3600006104
1463935357294451298,843,1463935357269194375,,1.54910755157,10.0
1463935357325887935,844,1463935357301489341,,1.54910755157,-10.0
1463935357348051017,845,1463935357328658600,,1.54910755157,-10.0
1463935357373823042,846,1463935357362597309,,1.54605805874,10.0
1463935357406265820,847,1463935357390687657,,1.5995875597,10.0
1463935357441042286,848,1463935357425739226,,1.59633636475,10.0
1463935357460832930,849,1463935357456411074,,1.50459289551,10.0
1463935357496720277,850,1463935357491604309,,1.50459289551,10.0
1463935357529200190,851,1463935357518707943,,1.55216896534,26.8799991608
1463935357562734526,852,1463935357558474440,,1.55524253845,27.8400001526
1463935357600496292,853,1463935357593678873,,1.54302060604,27.9599990845
1463935357634023596,854,1463935357627800498,,1.54302060604,33.3600006104
1463935357694362505,855,1463935357664586955,,1.50171601772,33.5999984741
1463935357708511142,856,1463935357697497283,,1.54910755157,33.5999984741
1463935357743317087,857,1463935357729212252,,1.54605805874,33.5999984741
1463935357799570753,858,1463935357759585612,,1.55216896534,33.7200012207
1463935357800468510,859,1463935357784950034,,1.55216896534,32.4000015259
1463935357832106551,860,1463935357814386627,,1.55216896534,36.5999984741
1463935357856919518,861,1463935357848360440,,1.55524253845,33.7200012207
1463935357884455911,862,1463935357880348220,,1.55216896534,33.5999984741
1463935357925931411,863,1463935357916281504,,1.54605805874,35.1599998474
1463935357973614124,864,1463935357938833387,,1.54302060604,33.5999984741
1463935357973684696,865,1463935357967484202,,1.55524253845,32.7599983215
1463935358019181950,866,1463935357997688500,,1.54910755157,33.5999984741
1463935358037322549,867,1463935358028753107,,1.54910755157,33.5999984741
1463935358176819140,868,1463935358064161132,,1.54910755157,32.4000015259
1463935358176871692,869,1463935358091613567,,1.54910755157,33.5999984741
1463935358184891189,870,1463935358124566395,,1.58987343311,33.7200012207
1463935358187007847,871,1463935358153805541,,1.58987343311,33.7200012207
1463935358222841860,872,1463935358186855191,,1.60612988472,33.9599990845
1463935358225563046,873,1463935358215269497,,1.4988502264,45.1199989319
1463935358345084254,874,1463935358249544975,,1.4988502264,33.5999984741
1463935358345123577,875,1463935358276162153,,1.54910755157,33.7200012207
1463935358345161389,876,1463935358311005129,,1.54605805874,33.5999984741
1463935358345197327,877,1463935358338310064,,1.54910755157,33.5999984741
1463935358449728963,878,1463935358367348534,,1.54302060604,34.6800003052
1463935358449786723,879,1463935358406096910,,1.54302060604,33.5999984741
1463935358451031874,880,1463935358437814951,,1.55832839012,35.5200004578
1463935358475249218,881,1463935358469665336,,1.55832839012,33.7200012207
1463935358510699067,882,1463935358506306429,,1.4988502264,34.9199981689
1463935358540525919,883,1463935358536565050,,1.4988502264,-12.0
1463935358605638869,884,1463935358573447392,,1.55216896534,-12.4799995422
1463935358605915587,885,1463935358601946333,,1.49599528313,-10.0
1463935358644507505,886,1463935358637666597,,1.54605805874,10.0
1463935358672688583,887,1463935358665121740,,1.55524253845,10.0
1463935358711548156,888,1463935358697267540,,1.55524253845,-10.0
1463935358740488709,889,1463935358733504052,,1.54302060604,-10.0
1463935358786221535,890,1463935358773895598,,1.50459289551,10.0
1463935358828074429,891,1463935358815693075,,1.51328992844,10.0
1463935358892859516,892,1463935358850492718,,1.51328992844,10.0
1463935358900698441,893,1463935358884018044,,1.55216896534,10.0
1463935358929657692,894,1463935358918620604,,1.50748085976,32.6399993896
1463935358969688511,895,1463935358961209172,,1.55216896534,32.6399993896
1463935358992957786,896,1463935358986953072,,1.50748085976,32.7599983215
1463935359063082486,897,1463935359019888244,,1.55524253845,32.6399993896
1463935359063122590,898,1463935359039615139,,1.50459289551,34.3199996948
1463935359075401392,899,1463935359066403618,,1.50459289551,33.3600006104
1463935359122221713,900,1463935359105790689,,1.54605805874,33.5999984741
1463935359161981595,901,1463935359134626243,,1.54605805874,33.5999984741
1463935359187871276,902,1463935359165167831,,1.50748085976,33.7200012207
1463935359241245475,903,1463935359198942583,,1.54910755157,33.0
1463935359241741514,904,1463935359229649274,,1.54605805874,33.5999984741
1463935359284497634,905,1463935359266171045,,1.55524253845,33.5999984741
1463935359307727066,906,1463935359295228369,,1.55524253845,33.5999984741
1463935359359656896,907,1463935359328227290,,1.55832839012,33.5999984741
1463935359394112686,908,1463935359357498988,,1.55832839012,35.0400009155
1463935359394949870,909,1463935359391832435,,1.51037979126,32.7599983215
1463935359455163154,910,1463935359422254180,,1.55216896534,-10.4399995804
1463935359488122336,911,1463935359454766854,,1.54910755157,15.4799995422
1463935359493263356,912,1463935359487596974,,1.55832839012,15.4799995422
1463935359532732249,913,1463935359523508747,,1.55832839012,10.0
1463935359565137111,914,1463935359553404036,,1.55832839012,10.0
1463935359650387788,915,1463935359584870412,,1.54605805874,10.0
1463935359650866744,916,1463935359613657112,,1.54910755157,-10.0
1463935359676892206,917,1463935359647398478,,1.50459289551,-10.0
1463935359744352803,918,1463935359676249136,,1.50459289551,-10.0
1463935359746202535,919,1463935359709950190,,1.54605805874,-10.0
1463935359746686803,920,1463935359738617671,,1.50748085976,10.0
1463935359849233969,921,1463935359765965888,,1.50748085976,10.0
1463935359849518291,922,1463935359789783755,,1.50171601772,-10.0
1463935359851245263,923,1463935359823652776,,1.54910755157,-10.0
1463935359922741259,924,1463935359859829757,,1.50459289551,10.0
1463935359923192403,925,1463935359889082965,,1.50748085976,10.0
1463935359932930695,926,1463935359924633803,,1.54302060604,10.0
1463935359967875181,927,1463935359959012719,,1.50748085976,10.0
1463935360037365561,928,1463935359992753981,,1.54910755157,10.0
1463935360039080137,929,1463935360029499032,,1.54910755157,10.0
1463935360107828749,930,1463935360064574038,,1.54910755157,10.0
1463935360108443538,931,1463935360094754690,,1.50171601772,10.0
1463935360166275947,932,1463935360128611681,,0.0,10.0
1463935360166702404,933,1463935360156373646,,1.55216896534,10.0
1463935360226606106,934,1463935360192862552,,1.50459289551,10.0
1463935360229564531,935,1463935360223321589,,1.50459289551,10.0
1463935360301315734,936,1463935360256295302,,1.50459289551,-10.0
1463935360301810003,937,1463935360283686278,,1.50748085976,-10.0
1463935360354215508,938,1463935360321480700,,1.50459289551,-10.0
1463935360355827637,939,1463935360350565836,,1.54910755157,-10.0
1463935360435495681,940,1463935360379424671,,1.54910755157,10.0
1463935360437163799,941,1463935360414388532,,1.54910755157,10.0
1463935360478240967,942,1463935360447632140,,1.54910755157,-10.0
1463935360521652969,943,1463935360481371579,,1.50459289551,-10.0
1463935360524375301,944,1463935360513277849,,1.55216896534,-10.0
1463935360555353398,945,1463935360546901663,,1.54910755157,-10.0
1463935360621108013,946,1463935360579282619,,1.54302060604,-10.0
1463935360621609938,947,1463935360606313128,,1.54302060604,-10.0
1463935360692662759,948,1463935360638824343,,1.55216896534,-10.0
1463935360694468480,949,1463935360668007552,,1.54910755157,-10.0
1463935360806846698,950,1463935360703095423,,1.54910755157,10.0
1463935360807167686,951,1463935360730639472,,1.54605805874,10.0
1463935360807798360,952,1463935360764118547,,1.54605805874,10.0
1463935360808253723,953,1463935360792784675,,1.55524253845,10.0
1463935361039729504,954,1463935360824519018,,1.56142640114,10.0
1463935361040002680,955,1463935360853970611,,1.56142640114,10.0
1463935361040046534,956,1463935360882355542,,1.5995875597,-10.0
1463935361040789344,957,1463935360914283218,,1.59633636475,-10.0
1463935361041161321,958,1463935360930733564,,1.59633636475,10.0
1463935361041486580,959,1463935360954995804,,1.55216896534,10.0
1463935361041777100,960,1463935360979474710,,1.54605805874,-10.0
1463935361043703029,961,1463935361007913182,,1.54605805874,-10.0
1463935361044236673,962,1463935361037172224,,1.54910755157,-10.0
1463935361134700140,963,1463935361063539715,,1.54302060604,30.4799995422
1463935361136564351,964,1463935361090306840,,1.54302060604,30.2399997711
1463935361137091119,965,1463935361115940272,,1.58987343311,32.7599983215
1463935361597090403,966,1463935361150185595,,1.55832839012,32.7599983215
1463935361597150923,967,1463935361176758085,,1.59633636475,32.7599983215
1463935361598745291,968,1463935361210984814,,1.55216896534,32.6399993896
1463935361599120186,969,1463935361235487209,,1.59633636475,32.7599983215
1463935361614195277,970,1463935361259753095,,1.59633636475,33.3600006104
1463935361614583661,971,1463935361281412794,,1.59309840202,33.5999984741
1463935361614888608,972,1463935361305975866,,1.55832839012,33.5999984741
1463935361615163034,973,1463935361333575331,,1.54910755157,33.5999984741
1463935361615460220,974,1463935361362786040,,1.54910755157,33.0
1463935361615737510,975,1463935361387663590,,1.4988502264,33.2400016785
1463935361616099019,976,1463935361420431054,,1.50171601772,33.5999984741
1463935361616439799,977,1463935361446755733,,1.50459289551,33.9599990845
1463935361616498965,978,1463935361475202017,,1.50459289551,33.5999984741
1463935361618606300,979,1463935361505689335,,1.55524253845,33.9599990845
1463935361618935413,980,1463935361536656390,,1.55524253845,33.7200012207
1463935361623395446,981,1463935361570383538,,1.54910755157,33.5999984741
1463935361623732164,982,1463935361598049982,,1.54605805874,32.8800010681
1463935361624199505,983,1463935361614680692,,1.54605805874,33.5999984741
1463935361789992286,984,1463935361644408169,,1.54605805874,33.5999984741
1463935361790044161,985,1463935361674259448,,1.54605805874,33.3600006104
1463935361794640339,986,1463935361702634170,,1.54605805874,33.5999984741
1463935361794986223,987,1463935361730049730,,1.59633636475,33.5999984741
1463935361795654970,988,1463935361755752485,,1.55216896534,34.6800003052
1463935361797371786,989,1463935361777694683,,1.55216896534,33.5999984741
1463935362401478630,990,1463935361803287438,,1.5995875597,33.7200012207
1463935362401785973,991,1463935361837228959,,1.55216896534,33.5999984741
1463935362402081128,992,1463935361873410627,,1.59309840202,33.5999984741
1463935362402539980,993,1463935361898812550,,1.55216896534,33.1199989319
1463935362404935543,994,1463935361928609298,,1.5995875597,33.5999984741
1463935362406201787,995,1463935361961646865,,1.55832839012,33.7200012207
1463935362406518713,996,1463935361991725851,,1.55216896534,28.3199996948
1463935362406847618,997,1463935362023059831,,1.59309840202,33.7200012207
1463935362407142825,998,1463935362050642474,,1.55524253845,33.8400001526
1463935362407437719,999,1463935362083650927,,1.55216896534,33.7200012207
1463935362409029483,1000,1463935362112864656,,1.50171601772,33.5999984741
1463935362409382763,1001,1463935362143277703,,1.5995875597,34.6800003052
1463935362409653127,1002,1463935362175345795,,1.5995875597,33.5999984741
1463935362409929636,1003,1463935362199507775,,1.70738589764,33.7200012207
1463935362411864836,1004,1463935362223412933,,1.70738589764,33.5999984741
1463935362413279049,1005,1463935362253027390,,1.69632291794,33.7200012207
1463935362415182322,1006,1463935362281163624,,1.4680327177,33.5999984741
1463935362416754190,1007,1463935362312685989,,0.0,33.5999984741
1463935362417114501,1008,1463935362345845014,,1.38274204731,33.5999984741
1463935362417721998,1009,1463935362378241073,,1.45984661579,33.5999984741
1463935362418162309,1010,1463935362405836112,,1.50171601772,33.5999984741
1463935362564355538,1011,1463935362434386302,,1.54605805874,33.5999984741
1463935362564649703,1012,1463935362460947074,,1.54605805874,33.5999984741
1463935362564925640,1013,1463935362492981937,,1.46256518364,34.2000007629
1463935362565188347,1014,1463935362519074169,,0.0,33.5999984741
1463935362565608762,1015,1463935362542038133,,1.38031196594,33.7200012207
1463935362731181960,1016,1463935362567020058,,0.0,-10.0
1463935362731419615,1017,1463935362584277640,,1.18640100956,-10.0
1463935362731461542,1018,1463935362599109087,,0.0,-10.0
1463935362731689927,1019,1463935362622411540,,0.0,-10.0
1463935362731730760,1020,1463935362641629166,,1.13496744633,10.0
1463935362732075394,1021,1463935362660361846,,1.24468696117,10.0
1463935362743837062,1022,1463935362675252876,,1.24666273594,-10.0
1463935362743911437,1023,1463935362695200291,,1.30681777,-10.0
1463935362743957478,1024,1463935362715158487,,0.0,10.0
1463935362746300229,1025,1463935362736261522,,1.34716546535,10.0
1463935362800722080,1026,1463935362767049411,,1.46529388428,-10.0
1463935362941840591,1027,1463935362801844262,,1.45713818073,-10.0
1463935362942100173,1028,1463935362827292643,,1.54302060604,-10.0
1463935362942361422,1029,1463935362850901240,,1.60285198689,-10.0
1463935362942615015,1030,1463935362875195094,,1.60285198689,10.0
1463935362943247981,1031,1463935362898856347,,1.69632291794,10.0
1463935362943701729,1032,1463935362919730789,,1.69999456406,10.0
1463935362964181849,1033,1463935362943543708,,1.70738589764,10.0
1463935363025748305,1034,1463935362965822363,,1.70368218422,10.0
1463935363026549447,1035,1463935362989009243,,1.64653563499,10.0
1463935363026606374,1036,1463935363022633422,,1.70368218422,-10.0
1463935363111104398,1037,1463935363043847863,,1.70368218422,-10.0
1463935363111624657,1038,1463935363063108197,,1.70368218422,-10.0
1463935363112054863,1039,1463935363076736420,,0.0,-10.0
1463935363144475610,1040,1463935363118687647,,0.0,-10.0
1463935363152931042,1041,1463935363149347985,,0.0,-10.0
1463935363171020028,1042,1463935363161192830,,0.0,10.0
1463935363195207945,1043,1463935363193591181,,0.0,10.0
1463935363255356177,1044,1463935363245890801,,0.0,10.0
1463935363301557542,1045,1463935363294291376,,0.0,10.0
1463935363345362303,1046,1463935363326320614,,0.0,10.0
1463935363345705531,1047,1463935363338947851,,0.0,10.0
1463935363386755095,1048,1463935363371555629,,0.0,-10.0
1463935363449555399,1049,1463935363403113827,,0.0,-10.0
1463935363494425416,1050,1463935363446231976,,0.0,10.0
1463935363494553801,1051,1463935363486561231,,0.0,10.0
1463935363577387457,1052,1463935363529071622,,0.0,10.0
1463935363577818393,1053,1463935363560051385,,0.0,10.0
1463935363610777470,1054,1463935363588600117,,0.0,-10.0
1463935363612996836,1055,1463935363593224681,,0.0,-10.0
1463935363641635984,1056,1463935363624979701,,0.0,10.0
1463935363699142093,1057,1463935363648266477,,0.0,10.0
1463935363699642820,1058,1463935363670502788,,0.0,10.0
1463935363707316901,1059,1463935363690499369,,0.0,10.0
1463935363805262472,1060,1463935363711650320,,0.0,-10.0
1463935363805498930,1061,1463935363734417254,,0.0,-10.0
1463935363805740960,1062,1463935363751079735,,0.0,10.0
1463935363805970698,1063,1463935363771476888,,0.0,10.0
1463935363806472207,1064,1463935363779484614,,0.0,-10.0
1463935363806943819,1065,1463935363800955199,,0.0,-10.0
1463935363819068194,1066,1463935363812376296,,0.0,10.0
1463935363863926909,1067,1463935363832273242,,0.0,10.0
1463935363864240970,1068,1463935363852049720,,0.0,10.0
1463935363885771034,1069,1463935363872460206,,0.0,10.0
1463935363901792216,1070,1463935363893377720,,0.0,-10.0
1463935363919941565,1071,1463935363911842902,,0.0,-10.0
1463935363943842609,1072,1463935363933382862,,0.0,10.0
1463935364088112305,1073,1463935363968080526,,0.0,10.0
1463935364088201263,1074,1463935363985656597,,0.0,10.0
1463935364088246002,1075,1463935364007111974,,0.0,10.0
1463935364088587146,1076,1463935364027578657,,0.0,-10.0
1463935364088894905,1077,1463935364051303764,,0.0,-10.0
1463935364089364174,1078,1463935364074335228,,0.0,-10.0
1463935364105901395,1079,1463935364093752801,,0.0,-10.0
1463935364165539317,1080,1463935364106476497,,0.0,-10.0
1463935364165573328,1081,1463935364124855845,,0.0,-10.0
1463935364170334766,1082,1463935364138439694,,0.0,10.0
1463935364183747052,1083,1463935364170974971,,0.0,10.0
1463935364230457842,1084,1463935364195758251,,0.0,10.0
1463935364230595133,1085,1463935364225562759,,0.0,10.0
1463935364262084269,1086,1463935364258522670,,0.0,-10.0
1463935364444895883,1087,1463935364285110525,,0.0,-10.0
1463935364444948331,1088,1463935364309459015,,0.0,10.0
1463935364444986195,1089,1463935364335246144,,0.0,10.0
1463935364445065883,1090,1463935364359104636,,0.0,10.0
1463935364445121924,1091,1463935364389229038,,0.0,10.0
1463935364445164424,1092,1463935364412986957,,0.0,10.0
1463935364447782538,1093,1463935364437631539,,0.0,10.0
1463935364528467297,1094,1463935364463378981,,0.0,-10.0
1463935364528908962,1095,1463935364485498626,,0.0,-10.0
1463935364528962816,1096,1463935364508796756,,0.0,10.0
1463935364720428924,1097,1463935364539480479,,0.0,10.0
1463935364720703663,1098,1463935364553812293,,0.0,10.0
1463935364720932620,1099,1463935364585006014,,0.0,10.0
1463935364721154129,1100,1463935364623651213,,0.0,10.0
1463935364721375222,1101,1463935364635849234,,0.0,10.0
1463935364721591888,1102,1463935364641684000,,0.0,-10.0
1463935364721814022,1103,1463935364661499072,,0.0,-10.0
1463935364722027407,1104,1463935364672613660,,0.0,10.0
1463935364722469645,1105,1463935364691286497,,0.0,10.0
1463935364722826570,1106,1463935364711283807,,0.0,-10.0
1463935364755317369,1107,1463935364731252263,,0.0,-10.0
1463935364755699607,1108,1463935364751328532,,0.0,10.0
1463935364797591198,1109,1463935364772768805,,0.0,10.0
1463935364798124373,1110,1463935364793349862,,0.0,-10.0
1463935364831395429,1111,1463935364824577021,,0.0,-10.0
1463935364871215207,1112,1463935364845397869,,0.0,10.0
1463935364891032934,1113,1463935364880510844,,0.0,10.0
1463935364914946530,1114,1463935364907213334,,0.0,-10.0
1463935364949123571,1115,1463935364944635934,,0.0,-10.0
1463935364988474549,1116,1463935364983036551,,0.0,10.0
1463935365060735178,1117,1463935364988143925,,0.0,10.0
1463935365060773042,1118,1463935365021711282,,0.0,-10.0
1463935365078514424,1119,1463935365055400982,,0.0,-10.0
1463935365112403186,1120,1463935365087848135,,0.0,-10.0
1463935365352239504,1121,1463935365112770111,,0.0,-10.0
1463935365352550909,1122,1463935365135280067,,0.0,-10.0
1463935365352864293,1123,1463935365158723040,,0.0,-10.0
1463935365353129917,1124,1463935365183517725,,0.0,-10.0
1463935365353427468,1125,1463935365205802109,,0.0,-10.0
1463935365353699550,1126,1463935365227857692,,0.0,-10.0
1463935365353963768,1127,1463935365252544670,,0.0,-10.0
1463935365354243923,1128,1463935365276618942,,0.0,-10.0
1463935365370636925,1129,1463935365303131329,,0.0,-10.0
1463935365371008122,1130,1463935365325670555,,0.0,-10.0
1463935365371504526,1131,1463935365348672176,,0.0,-10.0
1463935365454475473,1132,1463935365371258850,,0.0,-10.0
1463935365454790889,1133,1463935365393294693,,0.0,-10.0
1463935365455097398,1134,1463935365415063090,,0.0,10.0
1463935365455534688,1135,1463935365437441223,,0.0,10.0
1463935365786648272,1136,1463935365454713962,,0.0,-10.0
1463935365786943896,1137,1463935365478521256,,0.0,-10.0
1463935365787249780,1138,1463935365501267669,,0.0,-10.0
1463935365787516445,1139,1463935365522203569,,0.0,-10.0
1463935365787778319,1140,1463935365545515397,,0.0,-10.0
1463935365788048266,1141,1463935365566120204,,0.0,-10.0
1463935365788313056,1142,1463935365587255687,,0.0,-10.0
1463935365788586389,1143,1463935365608209451,,0.0,-10.0
1463935365788884564,1144,1463935365628935457,,0.0,-10.0
1463935365789163886,1145,1463935365653895350,,0.0,-10.0
1463935365789414770,1146,1463935365678796025,,0.0,-10.0
1463935365789684873,1147,1463935365704575081,,0.0,-10.0
1463935365789967268,1148,1463935365728853311,,0.0,10.0
1463935365790624505,1149,1463935365750984258,,0.0,10.0
1463935365791064555,1150,1463935365774046711,,0.0,-10.0
1463935365839899763,1151,1463935365794659279,,0.0,-10.0
1463935365840541323,1152,1463935365815535596,,0.0,10.0
1463935365840996060,1153,1463935365837449878,,0.0,10.0
1463935367213814826,1154,1463935365858976036,,0.0,-10.0
1463935367213883212,1155,1463935365881588908,,0.0,-10.0
1463935367214098419,1156,1463935365903909073,,0.0,-10.0
1463935367214402376,1157,1463935365925323044,,0.0,-10.0
1463935367214446126,1158,1463935365946938107,,0.0,-10.0
1463935367214707635,1159,1463935365968017028,,0.0,-10.0
1463935367214996071,1160,1463935365988704023,,0.0,-10.0
1463935367215300289,1161,1463935366010070233,,0.0,-10.0
1463935367215605392,1162,1463935366033567216,,0.0,10.0
1463935367215894505,1163,1463935366063134381,,0.0,10.0
1463935367216245962,1164,1463935366084388405,,0.0,-10.0
1463935367216295597,1165,1463935366104958109,,0.0,-10.0
1463935367216661377,1166,1463935366126137341,,0.0,-10.0
1463935367216706272,1167,1463935366147018867,,0.0,-10.0
1463935367217076062,1168,1463935366172167561,,0.0,-10.0
1463935367217123510,1169,1463935366202139777,,0.0,-10.0
1463935367217421686,1170,1463935366224895461,,0.0,10.0
1463935367217718195,1171,1463935366246398546,,0.0,10.0
1463935367217993038,1172,1463935366268973762,,0.0,-10.0
1463935367218263870,1173,1463935366291566894,,0.0,-10.0
1463935367218561056,1174,1463935366314119975,,0.0,-10.0
1463935367218875430,1175,1463935366334615148,,0.0,-10.0
1463935367219281001,1176,1463935366357618695,,0.0,10.0
1463935367219336574,1177,1463935366377916577,,0.0,10.0
1463935367219716103,1178,1463935366400292107,,0.0,-10.0
1463935367220048550,1179,1463935366424318202,,0.0,-10.0
1463935367220186257,1180,1463935366445592225,,0.0,10.0
1463935367220822401,1181,1463935366466594427,,0.0,10.0
1463935367226452533,1182,1463935366489373080,,0.0,-10.0
1463935367226767011,1183,1463935366512989073,,0.0,-10.0
1463935367227056697,1184,1463935366534570022,,0.0,10.0
1463935367227347477,1185,1463935366556625136,,0.0,10.0
1463935367227617892,1186,1463935366578531345,,0.0,-10.0
1463935367227959662,1187,1463935366600494636,,0.0,-10.0
1463935367228009818,1188,1463935366626456817,,0.0,10.0
1463935367228310962,1189,1463935366647884642,,0.0,10.0
1463935367228356275,1190,1463935366670221838,,0.0,10.0
1463935367228414608,1191,1463935366692612003,,0.0,10.0
1463935367228446847,1192,1463935366709040318,,0.0,-10.0
1463935367228666169,1193,1463935366731558555,,0.0,-10.0
1463935367228911897,1194,1463935366750894618,,0.0,-10.0
1463935367229175386,1195,1463935366770811929,,0.0,-10.0
1463935367229416010,1196,1463935366788718779,,0.0,-10.0
1463935367229656738,1197,1463935366809138744,,0.0,-10.0
1463935367230211163,1198,1463935366828053142,,0.0,-10.0
1463935367230266631,1199,1463935366849659404,,0.0,-10.0
1463935367230355381,1200,1463935366876633143,,0.0,-10.0
1463935367230392776,1201,1463935366898534404,,0.0,-10.0
1463935367230422464,1202,1463935366918780671,,0.0,-10.0
1463935367230919805,1203,1463935366939412770,,0.0,-10.0
1463935367230976055,1204,1463935366961214396,,0.0,10.0
1463935367231265898,1205,1463935366985907207,,0.0,10.0
1463935367231318033,1206,1463935367007983363,,0.0,10.0
1463935367231356991,1207,1463935367032632320,,0.0,10.0
1463935367231412564,1208,1463935367054338373,,0.0,10.0
1463935367231447147,1209,1463935367083249551,,0.0,10.0
1463935367250000193,1210,1463935367110418602,,0.0,-10.0
1463935367250063890,1211,1463935367132320644,,0.0,-10.0
1463935367250556440,1212,1463935367158389751,,0.0,-10.0
1463935367250877272,1213,1463935367177718054,,0.0,-10.0
1463935367251201021,1214,1463935367197984425,,0.0,-10.0
1463935367252860441,1215,1463935367218752566,,0.0,-10.0
1463935367253087731,1216,1463935367241227886,,0.0,-10.0
1463935367427574121,1217,1463935367260932385,,0.0,-10.0
1463935367427903078,1218,1463935367290365020,,0.0,10.0
1463935367431641499,1219,1463935367321249159,,0.0,10.0
1463935367431958373,1220,1463935367350058150,,0.0,10.0
1463935367432223893,1221,1463935367379994064,,0.0,10.0
1463935367432829619,1222,1463935367412683768,,0.0,-10.0
1463935368400982459,1223,1463935367443518636,,0.0,-10.0
1463935368401319072,1224,1463935367475023866,,0.0,10.0
1463935368401621415,1225,1463935367504615979,,0.0,10.0
1463935368401920163,1226,1463935367532934816,,0.0,10.0
1463935368402669483,1227,1463935367557934813,,0.0,10.0
1463935368402972971,1228,1463935367611019847,,0.0,-10.0
1463935368403283595,1229,1463935367635053546,,0.0,-10.0
1463935368404057915,1230,1463935367663560560,,0.0,-10.0
1463935368404414215,1231,1463935367690697110,,0.0,-10.0
1463935368404717183,1232,1463935367716532990,,0.0,10.0
1463935368405395982,1233,1463935367752649554,,0.0,10.0
1463935368405718689,1234,1463935367764617992,,0.0,10.0
1463935368406016240,1235,1463935367782671978,,0.0,10.0
1463935368406325770,1236,1463935367802480122,,0.0,10.0
1463935368406623164,1237,1463935367812975129,,0.0,10.0
1463935368407343213,1238,1463935367846595402,,0.0,-10.0
1463935368408000867,1239,1463935367868821141,,0.0,-10.0
1463935368408295032,1240,1463935367900705223,,0.0,10.0
1463935368408558677,1241,1463935367927526515,,0.0,10.0
1463935368409225236,1242,1463935367955211761,,0.0,10.0
1463935368409555652,1243,1463935367988585368,,0.0,10.0
1463935368409882629,1244,1463935368009075541,,0.0,10.0
1463935368410899396,1245,1463935368029516651,,0.0,10.0
1463935368411294238,1246,1463935368050706717,,0.0,10.0
1463935368411975433,1247,1463935368070242207,,0.0,10.0
1463935368412279286,1248,1463935368090726338,,0.0,10.0
1463935368412560795,1249,1463935368110918960,,0.0,10.0
1463935368412837825,1250,1463935368131954911,,0.0,-10.0
1463935368413119491,1251,1463935368153005915,,0.0,-10.0
1463935368413432302,1252,1463935368173218589,,0.0,10.0
1463935368414387193,1253,1463935368194121625,,0.0,10.0
1463935368414720317,1254,1463935368214560860,,0.0,-10.0
1463935368415004274,1255,1463935368235990925,,0.0,-10.0
1463935368415291356,1256,1463935368257239688,,0.0,10.0
1463935368415573126,1257,1463935368276790438,,0.0,10.0
1463935368415876562,1258,1463935368294551143,,0.0,-10.0
1463935368416654892,1259,1463935368314323194,,0.0,-10.0
1463935368417003328,1260,1463935368334456910,,0.0,-10.0
1463935368417298796,1261,1463935368355408852,,0.0,-10.0
1463935368417605982,1262,1463935368375790900,,0.0,-10.0
1463935368418171500,1263,1463935368395722534,,0.0,-10.0
1463935368419004622,1264,1463935368415585105,,0.0,10.0
1463935368465777651,1265,1463935368435736477,,0.0,10.0
1463935368466602908,1266,1463935368455897120,,0.0,-10.0
1463935368572297768,1267,1463935368475910576,,0.0,-10.0
1463935368572613965,1268,1463935368495586638,,0.0,-10.0
1463935368572878026,1269,1463935368516665715,,0.0,-10.0
1463935368573452451,1270,1463935368536897138,,0.0,-10.0
1463935368574490936,1271,1463935368556373149,,0.0,-10.0
1463935368579823934,1272,1463935368576948998,,0.0,-10.0
1463935368596424696,1273,1463935368593857520,,0.0,-10.0
1463935368615664562,1274,1463935368612787699,,0.0,10.0
1463935368637017179,1275,1463935368633739277,,0.0,10.0
1463935368656389492,1276,1463935368653446692,,0.0,-10.0
1463935368676519614,1277,1463935368673559471,,0.0,-10.0
1463935368698955300,1278,1463935368692650379,,0.0,10.0
1463935368708802862,1279,1463935368705281575,,0.0,10.0
1463935368727091377,1280,1463935368723297123,,0.0,-10.0
1463935368751155337,1281,1463935368745712235,,0.0,-10.0
1463935368768937188,1282,1463935368766517823,,0.0,10.0
1463935368788583823,1283,1463935368786847007,,0.0,10.0
1463935368808008688,1284,1463935368804700837,,0.0,-10.0
1463935369117626479,1285,1463935368832215303,,0.0,-10.0
1463935369120023968,1286,1463935368843369839,,0.0,-10.0
1463935369121599378,1287,1463935368898077365,,0.0,-10.0
1463935369122900154,1288,1463935368945341017,,0.0,10.0
1463935369124374575,1289,1463935368991198946,,0.0,10.0
1463935369124474314,1290,1463935369037542654,,0.0,-10.0
1463935369124660771,1291,1463935369056081794,,0.0,-10.0
1463935369127441801,1292,1463935369070967824,,0.0,-10.0
1463935369128840285,1293,1463935369095761780,,0.0,-10.0
1463935369132477457,1294,1463935369116933409,,0.0,-10.0
1463935370291686303,1295,1463935369145914743,,0.0,-10.0
1463935370292039218,1296,1463935369183735779,,0.0,-10.0
1463935370292354581,1297,1463935369197344784,,0.0,-10.0
1463935370292631872,1298,1463935369222534780,,0.0,-10.0
1463935370292906506,1299,1463935369250763409,,0.0,-10.0
1463935370293186869,1300,1463935369273818259,,0.0,10.0
1463935370293548118,1301,1463935369295027699,,0.0,10.0
1463935370294346916,1302,1463935369319232440,,0.0,10.0
1463935370294624051,1303,1463935369337615330,,0.0,10.0
1463935370294937435,1304,1463935369365465054,,0.0,-10.0
1463935370295213215,1305,1463935369393285092,,0.0,-10.0
1463935370295479203,1306,1463935369418061079,,0.0,10.0
1463935370295750712,1307,1463935369439147343,,0.0,10.0
1463935370296084565,1308,1463935369457385338,,0.0,-10.0
1463935370296524980,1309,1463935369473854903,,0.0,-10.0
1463935370297180238,1310,1463935369491088163,,0.0,-10.0
1463935370297494663,1311,1463935369508551943,,0.0,-10.0
1463935370297815756,1312,1463935369548815312,,0.0,-10.0
1463935370298114296,1313,1463935369575855301,,0.0,-10.0
1463935370298405961,1314,1463935369598104476,,0.0,10.0
1463935370298757575,1315,1463935369619551051,,0.0,10.0
1463935370299012626,1316,1463935369651635341,,0.0,10.0
1463935370299971528,1317,1463935369691152047,,0.0,10.0
1463935370300462828,1318,1463935369730396463,,0.0,10.0
1463935370300874961,1319,1463935369770314886,,0.0,10.0
1463935370301225533,1320,1463935369803413182,,0.0,-10.0
1463935370301529542,1321,1463935369841322343,,0.0,-10.0
1463935370301809332,1322,1463935369879582908,,0.0,-10.0
1463935370302527194,1323,1463935369917639933,,0.0,-10.0
1463935370304607081,1324,1463935369952718689,,0.0,10.0
1463935370305442286,1325,1463935369995381163,,0.0,10.0
1463935370305784576,1326,1463935370045330950,,0.0,-10.0
1463935370306083168,1327,1463935370065235083,,0.0,-10.0
1463935370306393219,1328,1463935370085903485,,0.0,10.0
1463935370306659937,1329,1463935370127145131,,0.0,10.0
1463935370306919258,1330,1463935370150860446,,0.0,10.0
1463935370307256184,1331,1463935370168770630,,0.0,10.0
1463935370307955921,1332,1463935370218970155,,0.0,-10.0
1463935370308517845,1333,1463935370269255409,,0.0,-10.0
1463935370591859030,1334,1463935370311808144,,0.0,10.0
1463935370592462048,1335,1463935370354242181,,0.0,10.0
1463935370592903088,1336,1463935370396622781,,0.0,10.0
1463935370593244753,1337,1463935370441856234,,0.0,10.0
1463935370593713449,1338,1463935370447257096,,0.0,10.0
1463935370594012458,1339,1463935370500036454,,0.0,10.0
1463935370594925683,1340,1463935370550180927,,0.0,-10.0
1463935370646078225,1341,1463935370588668470,,0.0,-10.0
1463935370646640723,1342,1463935370633428227,,0.0,-10.0
1463935370690756419,1343,1463935370666884126,,0.0,-10.0
1463935370717086151,1344,1463935370694304529,,0.0,10.0
1463935370732164159,1345,1463935370726387465,,0.0,10.0
1463935370768899523,1346,1463935370763739285,,0.0,10.0
1463935370815390991,1347,1463935370805685459,,0.0,10.0
1463935370856511648,1348,1463935370848443454,,0.0,-10.0
1463935370893076596,1349,1463935370880586233,,0.0,-10.0
1463935370966158523,1350,1463935370898677614,,0.0,10.0
1463935370967430705,1351,1463935370919028360,,0.0,10.0
1463935370967771850,1352,1463935370944277315,,0.0,-10.0
1463935370968448409,1353,1463935370955370549,,0.0,-10.0
1463935371021303808,1354,1463935370976212491,,0.0,10.0
1463935371022007034,1355,1463935371012087858,,0.0,10.0
1463935371072514735,1356,1463935371026908159,,0.0,10.0
1463935371075898939,1357,1463935371046197244,,0.0,10.0
1463935371076385500,1358,1463935371062955609,,0.0,10.0
1463935371189354652,1359,1463935371086146864,,0.0,10.0
1463935371189394183,1360,1463935371104382932,,0.0,10.0
1463935371189431735,1361,1463935371123937849,,0.0,10.0
1463935371189466423,1362,1463935371135366810,,0.0,10.0
1463935371189501891,1363,1463935371183203533,,0.0,10.0
1463935371253419483,1364,1463935371240811151,,0.0,-10.0
1463935371300845634,1365,1463935371290726094,,0.0,-10.0
1463935371378547541,1366,1463935371326870939,,0.0,-10.0
1463935371378583166,1367,1463935371345767734,,0.0,-10.0
1463935371378617749,1368,1463935371365330671,,0.0,-10.0
1463935371392617533,1369,1463935371384473037,,0.0,-10.0
1463935371413269633,1370,1463935371405621228,,0.0,10.0
1463935371476570508,1371,1463935371433560223,,0.0,10.0
1463935371476788319,1372,1463935371453642220,,0.0,-10.0
1463935371530378038,1373,1463935371486594840,,0.0,-10.0
1463935371530435069,1374,1463935371497051774,,0.0,-10.0
1463935371530475277,1375,1463935371503199717,,0.0,-10.0
1463935371531268295,1376,1463935371518432672,,0.0,-10.0
1463935371589791013,1377,1463935371539392166,,0.0,-10.0
1463935371590563875,1378,1463935371559303019,,0.0,10.0
1463935371591941994,1379,1463935371579739337,,0.0,10.0
1463935371608840723,1380,1463935371599378472,,0.0,10.0
1463935371651291011,1381,1463935371646115408,,0.0,10.0
1463935371672725815,1382,1463935371663602156,,0.0,-10.0
1463935371714060899,1383,1463935371683425769,,0.0,-10.0
1463935371714231471,1384,1463935371703223341,,0.0,10.0
1463935371789767242,1385,1463935371728126099,,0.0,10.0
1463935371790685831,1386,1463935371742989421,,0.0,-10.0
1463935371791813587,1387,1463935371769087747,,0.0,-10.0
1463935371816017338,1388,1463935371813045111,,0.0,10.0
1463935371853190408,1389,1463935371843130763,,0.0,10.0
1463935371949644683,1390,1463935371869766639,,0.0,-10.0
1463935371949855359,1391,1463935371893429246,,0.0,-10.0
1463935371950529836,1392,1463935371914462021,,0.0,10.0
1463935371950944313,1393,1463935371933854490,,0.0,10.0
1463935372167178024,1394,1463935371954881223,,0.0,10.0
1463935372169312598,1395,1463935371975426239,,0.0,10.0
1463935372169361504,1396,1463935371995737507,,0.0,10.0
1463935372169400202,1397,1463935372015790598,,0.0,10.0
1463935372169443066,1398,1463935372044865943,,0.0,-10.0
1463935372173622580,1399,1463935372071957025,,0.0,-10.0
1463935372173773308,1400,1463935372104555739,,0.0,-10.0
1463935372185025604,1401,1463935372146666028,,0.0,-10.0
1463935372185267426,1402,1463935372173611434,,0.0,-10.0
1463935372306007326,1403,1463935372180013490,,0.0,-10.0
1463935372306045138,1404,1463935372209138157,,0.0,-10.0
1463935372306081388,1405,1463935372233551334,,0.0,-10.0
1463935372306118888,1406,1463935372254207391,,0.0,-10.0
1463935372306155398,1407,1463935372288524693,,0.0,-10.0
1463935372306200294,1408,1463935372294902061,,0.0,10.0
1463935372322286319,1409,1463935372299126991,,0.0,10.0
1463935372368558465,1410,1463935372332950232,,0.0,-10.0
1463935372369835855,1411,1463935372348501936,,0.0,-10.0
1463935372408702408,1412,1463935372371504234,,0.0,10.0
1463935372408902407,1413,1463935372382845852,,0.0,10.0
1463935372409036313,1414,1463935372398589326,,0.0,10.0
1463935372433210116,1415,1463935372422033184,,0.0,10.0
1463935372451484881,1416,1463935372440585240,,0.0,-10.0
1463935372471264172,1417,1463935372458587351,,0.0,-10.0
1463935372491223722,1418,1463935372478329089,,0.0,-10.0
1463935372527826534,1419,1463935372506559542,,0.0,-10.0
1463935372528035596,1420,1463935372519194748,,0.0,-10.0
1463935372564441273,1421,1463935372561067434,,0.0,-10.0
1463935372624932681,1422,1463935372607756505,,0.0,10.0
1463935372649759502,1423,1463935372637587054,,0.0,10.0
1463935372681064316,1424,1463935372666173755,,0.0,-10.0
1463935372734814295,1425,1463935372700354963,,0.0,-10.0
1463935372739711826,1426,1463935372713918030,,0.0,-10.0
1463935372747044451,1427,1463935372728299375,,0.0,-10.0
1463935372825853072,1428,1463935372755552852,,0.0,10.0
1463935372825896926,1429,1463935372779445927,,0.0,10.0
1463935372874933019,1430,1463935372833148093,,0.0,10.0
1463935372876352075,1431,1463935372846316526,,0.0,10.0
1463935372877831756,1432,1463935372871071212,,0.0,10.0
1463935372977044822,1433,1463935372892327944,,0.0,10.0
1463935372978743356,1434,1463935372928058625,,0.0,-10.0
1463935372978813304,1435,1463935372970849327,,0.0,-10.0
1463935373048217330,1436,1463935373003018825,,0.0,10.0
1463935373049333992,1437,1463935373039496065,,0.0,10.0
1463935373152680008,1438,1463935373084736080,,0.0,-10.0
1463935373152920684,1439,1463935373124737211,,0.0,-10.0
1463935373218993110,1440,1463935373166691563,,0.0,10.0
1463935373221024456,1441,1463935373208618519,,0.0,10.0
1463935373265155100,1442,1463935373261584647,,0.0,10.0
1463935373288786926,1443,1463935373277352392,,0.0,10.0
1463935373302519784,1444,1463935373297045954,,0.0,10.0
1463935373358542045,1445,1463935373333694287,,0.0,10.0
1463935373381826893,1446,1463935373371295845,,0.0,-10.0
1463935373421596775,1447,1463935373399878379,,0.0,-10.0
1463935373451622741,1448,1463935373430760330,,0.0,10.0
1463935373451671282,1449,1463935373435143228,,0.0,10.0
1463935373451845031,1450,1463935373443512932,,0.0,-10.0
1463935373484058904,1451,1463935373471503124,,0.0,-10.0
1463935373539902728,1452,1463935373495540522,,0.0,-10.0
1463935373540696422,1453,1463935373519072088,,0.0,-10.0
1463935373566219386,1454,1463935373546251294,,0.0,-10.0
1463935373608987120,1455,1463935373586431852,,0.0,-10.0
1463935373638795118,1456,1463935373632870612,,0.0,10.0
1463935373660850232,1457,1463935373656538062,,0.0,10.0
1463935373684865598,1458,1463935373672783722,,0.0,-10.0
1463935373728197964,1459,1463935373701338756,,0.0,-10.0
1463935373757633203,1460,1463935373727281145,,0.0,10.0
1463935373788708487,1461,1463935373774159955,,0.0,10.0
1463935373812351198,1462,1463935373801567078,,0.0,-10.0
1463935373834456885,1463,1463935373825939474,,0.0,-10.0
1463935373861140417,1464,1463935373849509529,,0.0,-10.0
1463935373911504004,1465,1463935373876781756,,0.0,-10.0
1463935373921656721,1466,1463935373910660101,,0.0,10.0
1463935373953508095,1467,1463935373946197553,,0.0,10.0
1463935373989675805,1468,1463935373978386634,,0.0,-10.0
1463935374047236757,1469,1463935374008825202,,0.0,-10.0
1463935374056411092,1470,1463935374051132417,,0.0,10.0
1463935374102812769,1471,1463935374084401025,,0.0,10.0
1463935374116430628,1472,1463935374111266431,,0.0,-10.0
1463935374151133865,1473,1463935374135968148,,0.0,-10.0
1463935374176979848,1474,1463935374171500184,,0.0,-10.0
1463935374402488050,1475,1463935374193124727,,0.0,-10.0
1463935374402676904,1476,1463935374215085570,,0.0,-10.0
1463935374403465807,1477,1463935374238110836,,0.0,-10.0
1463935374406297357,1478,1463935374260882562,,0.0,10.0
1463935374406367565,1479,1463935374282680750,,0.0,10.0
1463935374406414127,1480,1463935374302630456,,0.0,10.0
1463935374406455533,1481,1463935374329622945,,0.0,10.0
1463935374406501679,1482,1463935374367351951,,0.0,-10.0
1463935374406542095,1483,1463935374398126871,,0.0,-10.0
1463935374552418711,1484,1463935374423008744,,0.0,-10.0
1463935374552467201,1485,1463935374442808763,,0.0,-10.0
1463935374552502774,1486,1463935374464851273,,0.0,-10.0
1463935374552537669,1487,1463935374485354519,,0.0,-10.0
1463935374552571055,1488,1463935374505557610,,0.0,10.0
1463935374552695637,1489,1463935374525860908,,0.0,10.0
1463935374553350426,1490,1463935374546186446,,0.0,-10.0
1463935374753158061,1491,1463935374566506255,,0.0,-10.0
1463935374753539258,1492,1463935374584292377,,0.0,10.0
1463935374753798423,1493,1463935374602662976,,0.0,10.0
1463935374753861600,1494,1463935374623420543,,0.0,10.0
1463935374754073631,1495,1463935374644587015,,0.0,10.0
1463935374771016683,1496,1463935374667246293,,0.0,10.0
1463935374774188128,1497,1463935374687929851,,0.0,10.0
1463935374775516872,1498,1463935374709049240,,0.0,10.0
1463935374775551143,1499,1463935374730078577,,0.0,10.0
1463935374775586664,1500,1463935374755305448,,0.0,-10.0
1463935374785269226,1501,1463935374762090836,,0.0,-10.0
1463935375059171805,1502,1463935374781407055,,0.0,10.0
1463935375059210295,1503,1463935374802883318,,0.0,10.0
1463935375059248211,1504,1463935374826892798,,0.0,-10.0
1463935375059287482,1505,1463935374845268084,,0.0,-10.0
1463935375059324617,1506,1463935374867658093,,0.0,-10.0
1463935375059359148,1507,1463935374889063053,,0.0,-10.0
1463935375059394825,1508,1463935374908934218,,0.0,10.0
1463935375059429512,1509,1463935374929757619,,0.0,10.0
1463935375071146389,1510,1463935374951342943,,0.0,-10.0
1463935375073481848,1511,1463935374972436551,,0.0,-10.0
1463935375075149654,1512,1463935374992924224,,0.0,-10.0
1463935375075224757,1513,1463935375014562986,,0.0,-10.0
1463935375075265226,1514,1463935375034317797,,0.0,10.0
1463935375075312413,1515,1463935375052626937,,0.0,10.0
1463935375075351215,1516,1463935375065819798,,0.0,-10.0
1463935375343954338,1517,1463935375077231363,,0.0,-10.0
1463935375344039858,1518,1463935375102023914,,0.0,-10.0
1463935375352896331,1519,1463935375122899606,,0.0,-10.0
1463935375353292058,1520,1463935375143784881,,0.0,10.0
1463935375353359870,1521,1463935375161581784,,0.0,10.0
1463935375353407422,1522,1463935375181869197,,0.0,10.0
1463935375353447370,1523,1463935375203350460,,0.0,10.0
1463935375353498932,1524,1463935375225965571,,0.0,-10.0
1463935375353549453,1525,1463935375245373978,,0.0,-10.0
1463935375353591328,1526,1463935375267670081,,0.0,10.0
1463935375354113669,1527,1463935375288608793,,0.0,10.0
1463935375354521845,1528,1463935375311199478,,0.0,10.0
1463935375355440799,1529,1463935375332012045,,0.0,10.0
1463935375356018765,1530,1463935375353200131,,0.0,-10.0
1463935375760201516,1531,1463935375373254212,,0.0,-10.0
1463935375760521203,1532,1463935375397538171,,0.0,10.0
1463935375761001565,1533,1463935375420867603,,0.0,10.0
1463935375779009301,1534,1463935375452602936,,0.0,10.0
1463935375779333830,1535,1463935375497586754,,0.0,10.0
1463935375779650548,1536,1463935375532641448,,0.0,10.0
1463935375779909349,1537,1463935375551045327,,0.0,10.0
1463935375779965234,1538,1463935375572424559,,0.0,10.0
1463935375780002161,1539,1463935375598737467,,0.0,10.0
1463935375783830270,1540,1463935375624243608,,0.0,-10.0
1463935375783887092,1541,1463935375645177894,,0.0,-10.0
1463935375784143237,1542,1463935375674019437,,0.0,10.0
1463935375786827548,1543,1463935375703537905,,0.0,10.0
1463935375786884371,1544,1463935375736779950,,0.0,10.0
1463935375787421504,1545,1463935375766525969,,0.0,10.0
1463935375870353962,1546,1463935375786956506,,0.0,-10.0
1463935375870408858,1547,1463935375806774599,,0.0,-10.0
1463935375874268216,1548,1463935375825254884,,0.0,10.0
1463935375874703579,1549,1463935375849825977,,0.0,10.0
1463935375879949546,1550,1463935375862012019,,0.0,-10.0
1463935376463734602,1551,1463935375880794959,,0.0,-10.0
1463935376463790904,1552,1463935375891521320,,0.0,-10.0
1463935376464077257,1553,1463935375922050772,,0.0,-10.0
1463935376465672511,1554,1463935375946088951,,0.0,10.0
1463935376467308597,1555,1463935375963819240,,0.0,10.0
1463935376468280156,1556,1463935375984461078,,0.0,-10.0
1463935376468870987,1557,1463935376006212079,,0.0,-10.0
1463935376471731026,1558,1463935376019884625,,0.0,10.0
1463935376472172900,1559,1463935376049632258,,0.0,10.0
1463935376473406905,1560,1463935376074879181,,0.0,10.0
1463935376476468975,1561,1463935376097210232,,0.0,10.0
1463935376476532725,1562,1463935376127932861,,0.0,-10.0
1463935376476571006,1563,1463935376155877533,,0.0,-10.0
1463935376476834442,1564,1463935376181263258,,0.0,-10.0
1463935376477106889,1565,1463935376214540199,,0.0,-10.0
1463935376477446314,1566,1463935376242945598,,0.0,10.0
1463935376477498658,1567,1463935376269254913,,0.0,10.0
1463935376478468914,1568,1463935376293756423,,0.0,10.0
1463935376481653067,1569,1463935376321826511,,0.0,10.0
1463935376481771192,1570,1463935376345916616,,0.0,-10.0
1463935376482089576,1571,1463935376374201964,,0.0,-10.0
1463935376482139680,1572,1463935376402060074,,0.0,-10.0
1463935376484086286,1573,1463935376424847529,,0.0,-10.0
1463935376484170661,1574,1463935376452638348,,0.0,10.0
1463935376570747791,1575,1463935376483296394,,0.0,10.0
1463935376570786436,1576,1463935376511412419,,0.0,10.0
1463935376575312927,1577,1463935376533731491,,0.0,10.0
1463935376575380635,1578,1463935376558823050,,0.0,10.0
1463935376903771419,1579,1463935376591698274,,0.0,10.0
1463935376920728273,1580,1463935376621493094,,0.0,10.0
1463935376920792492,1581,1463935376635396733,,0.0,10.0
1463935376920830721,1582,1463935376657685804,,0.0,10.0
1463935376921113584,1583,1463935376686048548,,0.0,10.0
1463935376921457593,1584,1463935376718524398,,0.0,10.0
1463935376921505145,1585,1463935376741581227,,0.0,10.0
1463935376921777488,1586,1463935376772077503,,0.0,10.0
1463935376922054830,1587,1463935376797816247,,0.0,10.0
1463935376922106236,1588,1463935376818753762,,0.0,10.0
1463935376922400298,1589,1463935376839468621,,0.0,10.0
1463935376922677796,1590,1463935376863793673,,0.0,10.0
1463935376923190346,1591,1463935376886637273,,0.0,10.0
1463935376923528209,1592,1463935376912021279,,0.0,-10.0
1463935377017893900,1593,1463935376942014068,,0.0,-10.0
1463935377030771501,1594,1463935376976988606,,0.0,-10.0
1463935377030842646,1595,1463935377003504795,,0.0,-10.0
1463935377384276552,1596,1463935377029777078,,0.0,-10.0
1463935377384473530,1597,1463935377066988690,,0.0,-10.0
1463935377384510561,1598,1463935377088865940,,0.0,-10.0
1463935377384804935,1599,1463935377115424785,,0.0,-10.0
1463935377385105038,1600,1463935377133344812,,0.0,-10.0
1463935377385418839,1601,1463935377156056486,,0.0,-10.0
1463935377385722900,1602,1463935377183194755,,0.0,-10.0
1463935377386070607,1603,1463935377206099866,,0.0,-10.0
1463935377386116752,1604,1463935377233751883,,0.0,-10.0
1463935377386403470,1605,1463935377259799740,,0.0,-10.0
1463935377386663677,1606,1463935377283724690,,0.0,10.0
1463935377386721229,1607,1463935377307151569,,0.0,10.0
1463935377393057660,1608,1463935377329409130,,0.0,10.0
1463935377393450054,1609,1463935377351470026,,0.0,10.0
1463935377394483227,1610,1463935377372903892,,0.0,-10.0
1463935377424773671,1611,1463935377393934167,,0.0,-10.0
1463935377424910910,1612,1463935377415356419,,0.0,-10.0
1463935377503333647,1613,1463935377448155341,,0.0,-10.0
1463935377503368803,1614,1463935377476075170,,0.0,-10.0
1463935377560008040,1615,1463935377504864005,,0.0,-10.0
1463935377560048457,1616,1463935377539666200,,0.0,-10.0
1463935377744727407,1617,1463935377567159728,,0.0,-10.0
1463935377745135218,1618,1463935377595303150,,0.0,-10.0
1463935377745183394,1619,1463935377617980240,,0.0,-10.0
1463935377745473602,1620,1463935377644349919,,0.0,10.0
1463935377745783496,1621,1463935377668660597,,0.0,10.0
1463935377753405338,1622,1463935377692474453,,0.0,10.0
1463935377766022159,1623,1463935377716169248,,0.0,10.0
1463935377766706636,1624,1463935377745078707,,0.0,10.0
1463935377924145233,1625,1463935377766988926,,0.0,10.0
1463935377924846793,1626,1463935377792730952,,0.0,10.0
1463935377924886064,1627,1463935377818565529,,0.0,10.0
1463935377924920751,1628,1463935377839876167,,0.0,-10.0
1463935377924963147,1629,1463935377861902947,,0.0,-10.0
1463935377924994553,1630,1463935377872802328,,0.0,-10.0
1463935377925340385,1631,1463935377903666988,,0.0,-10.0
1463935377962248196,1632,1463935377937593718,,0.0,-10.0
1463935378007402846,1633,1463935377969350301,,0.0,-10.0
1463935378007444148,1634,1463935377991069895,,0.0,10.0
1463935378150002132,1635,1463935378019165608,,0.0,10.0
1463935378150722390,1636,1463935378043617014,,0.0,10.0
1463935378150773640,1637,1463935378063263493,,0.0,10.0
1463935378151489105,1638,1463935378084550589,,0.0,-10.0
1463935378151820145,1639,1463935378105519823,,0.0,-10.0
1463935378153465868,1640,1463935378126740253,,0.0,-10.0
1463935378157893817,1641,1463935378147602820,,0.0,-10.0
1463935378205864706,1642,1463935378167068309,,0.0,10.0
1463935378206838660,1643,1463935378187762388,,0.0,10.0
1463935378227157584,1644,1463935378208638132,,0.0,10.0
1463935378233287037,1645,1463935378228652161,,0.0,10.0
1463935378254963194,1646,1463935378249951132,,0.0,-10.0
1463935378274292799,1647,1463935378271603227,,0.0,-10.0
1463935378297785823,1648,1463935378291566683,,0.0,10.0
1463935378314517314,1649,1463935378311794566,,0.0,10.0
1463935378342638288,1650,1463935378331913073,,0.0,10.0
1463935379144812202,1651,1463935378354103812,,0.0,10.0
1463935379144881160,1652,1463935378373910342,,0.0,10.0
1463935379144924181,1653,1463935378394932231,,0.0,10.0
1463935379144962566,1654,1463935378417089740,,0.0,10.0
1463935379146207248,1655,1463935378438668815,,0.0,10.0
1463935379146271935,1656,1463935378459747631,,0.0,10.0
1463935379146312925,1657,1463935378481208529,,0.0,10.0
1463935379163854204,1658,1463935378502774530,,0.0,10.0
1463935379163984620,1659,1463935378522358561,,0.0,10.0
1463935379164028526,1660,1463935378543705449,,0.0,10.0
1463935379164065193,1661,1463935378564825984,,0.0,10.0
1463935379164102172,1662,1463935378586581672,,0.0,-10.0
1463935379164139672,1663,1463935378608444808,,0.0,-10.0
1463935379164175088,1664,1463935378629331229,,0.0,10.0
1463935379164213473,1665,1463935378648377450,,0.0,10.0
1463935379164253109,1666,1463935378667871897,,0.0,-10.0
1463935379164292431,1667,1463935378685959424,,0.0,-10.0
1463935379164330608,1668,1463935378706933814,,0.0,-10.0
1463935379164366598,1669,1463935378726157690,,0.0,-10.0
1463935379164403681,1670,1463935378746872497,,0.0,-10.0
1463935379164441702,1671,1463935378766672725,,0.0,-10.0
1463935379164480608,1672,1463935378787728208,,0.0,-10.0
1463935379164533941,1673,1463935378814299501,,0.0,-10.0
1463935379164571388,1674,1463935378843188179,,0.0,-10.0
1463935379164607847,1675,1463935378862445180,,0.0,-10.0
1463935379164643680,1676,1463935378883791235,,0.0,10.0
1463935379164700555,1677,1463935378905087342,,0.0,10.0
1463935379164743575,1678,1463935378924583404,,0.0,-10.0
1463935379164782690,1679,1463935378946501748,,0.0,-10.0
1463935379164820606,1680,1463935378972171169,,0.0,-10.0
1463935379164856908,1681,1463935378997801320,,0.0,-10.0
1463935379164898575,1682,1463935379007452789,,0.0,10.0
1463935379165110345,1683,1463935379018270035,,0.0,10.0
1463935379165246438,1684,1463935379057887053,,0.0,-10.0
1463935379168093665,1685,1463935379098256464,,0.0,-10.0
1463935379169465534,1686,1463935379145502772,,0.0,-10.0
1463935379612313016,1687,1463935379188569046,,0.0,-10.0
1463935379612628119,1688,1463935379234487496,,0.0,-10.0
1463935379612942076,1689,1463935379252126639,,0.0,-10.0
1463935379614336288,1690,1463935379258284165,,0.0,10.0
1463935379614636860,1691,1463935379313080389,,0.0,10.0
1463935379614886286,1692,1463935379345558896,,0.0,-10.0
1463935379615129983,1693,1463935379356650880,,0.0,-10.0
1463935379615397221,1694,1463935379377677404,,0.0,10.0
1463935379615738887,1695,1463935379396805031,,0.0,10.0
1463935379616070239,1696,1463935379425105066,,0.0,10.0
1463935379616373988,1697,1463935379440072398,,0.0,10.0
1463935379618354448,1698,1463935379456789618,,0.0,-10.0
1463935379618699759,1699,1463935379481026754,,0.0,-10.0
1463935379618951321,1700,1463935379526623643,,0.0,10.0
1463935379619414808,1701,1463935379574702239,,0.0,10.0
1463935379773479775,1702,1463935379616165135,,0.0,-10.0
1463935379773801961,1703,1463935379661051089,,0.0,-10.0
1463935379774178053,1704,1463935379705510169,,0.0,10.0
1463935379775563412,1705,1463935379743057769,,0.0,10.0
1463935379834292848,1706,1463935379790193401,,0.0,-10.0
1463935379837589501,1707,1463935379829297922,,0.0,-10.0
1463935379887156216,1708,1463935379876040482,,0.0,-10.0
1463935379945549768,1709,1463935379937237773,,0.0,-10.0
1463935380014538275,1710,1463935380004261965,,0.0,10.0
1463935380072441101,1711,1463935380064317021,,0.0,10.0
1463935380131476525,1712,1463935380114986283,,0.0,10.0
1463935380171874426,1713,1463935380166273981,,0.0,10.0
1463935380217286940,1714,1463935380211536131,,0.0,-10.0
1463935380265088610,1715,1463935380257850933,,0.0,-10.0
1463935380307950823,1716,1463935380299684973,,0.0,-10.0
1463935380326780742,1717,1463935380324221066,,0.0,-10.0
1463935380419440555,1718,1463935380347433258,,0.0,-10.0
1463935380419875084,1719,1463935380371782529,,0.0,-10.0
1463935380430001082,1720,1463935380416856712,,0.0,-10.0
1463935380469485497,1721,1463935380463070629,,0.0,-10.0
1463935380563711813,1722,1463935380514933428,,0.0,10.0
1463935380597187711,1723,1463935380565102119,,0.0,10.0
1463935380671746507,1724,1463935380607273658,,0.0,10.0
1463935380672255828,1725,1463935380649614154,,0.0,10.0
1463935380689553514,1726,1463935380677665024,,0.0,10.0
1463935380697596501,1727,1463935380689269818,,0.0,10.0
1463935380716504701,1728,1463935380698962953,,0.0,10.0
1463935380716865689,1729,1463935380712977164,,0.0,10.0
1463935380742533027,1730,1463935380728338713,,0.0,10.0
1463935380774946378,1731,1463935380752391371,,0.0,10.0
1463935380796335245,1732,1463935380775031795,,0.0,-10.0
1463935380819887124,1733,1463935380799361222,,0.0,-10.0
1463935380831467231,1734,1463935380819343168,,0.0,-10.0
1463935380848386637,1735,1463935380829938643,,0.0,-10.0
1463935380874770118,1736,1463935380852215215,,0.0,10.0
1463935380907387479,1737,1463935380883332217,,0.0,10.0
1463935380909281794,1738,1463935380901112922,,0.0,10.0
1463935380954821234,1739,1463935380915476976,,0.0,10.0
1463935380955085921,1740,1463935380932100759,,0.0,-10.0
1463935380955424461,1741,1463935380946847414,,0.0,-10.0
1463935380976777391,1742,1463935380969663202,,0.0,-10.0
1463935381037140622,1743,1463935380989950720,,0.0,-10.0
1463935381037536870,1744,1463935381012519113,,0.0,-10.0
1463935381037846140,1745,1463935381031027940,,0.0,-10.0
1463935381081372360,1746,1463935381047223496,,0.0,10.0
1463935381081872670,1747,1463935381066249091,,0.0,10.0
1463935381092242001,1748,1463935381090690133,,0.0,10.0
1463935381434605485,1749,1463935381122859058,,0.0,10.0
1463935381434918921,1750,1463935381149130664,,0.0,10.0
1463935381440642178,1751,1463935381168409384,,0.0,10.0
1463935381440989156,1752,1463935381187343053,,0.0,10.0
1463935381441803579,1753,1463935381207663747,,0.0,10.0
1463935381442821075,1754,1463935381229297561,,0.0,10.0
1463935381443166594,1755,1463935381249699088,,0.0,10.0
1463935381443471749,1756,1463935381269635930,,0.0,10.0
1463935381443751436,1757,1463935381289703344,,0.0,10.0
1463935381444013830,1758,1463935381309606436,,0.0,-10.0
1463935381448759383,1759,1463935381331943008,,0.0,-10.0
1463935381449443338,1760,1463935381352386253,,0.0,10.0
1463935381449756618,1761,1463935381369502378,,0.0,10.0
1463935381450013128,1762,1463935381389417293,,0.0,10.0
1463935381450629375,1763,1463935381409978820,,0.0,10.0
1463935381453446863,1764,1463935381431267687,,0.0,-10.0
1463935381455320657,1765,1463935381452547336,,0.0,-10.0
