%time,field.header.seq,field.header.stamp,field.header.frame_id,field.temperature,field.variance
1463994874707363151,300,1463994874514804685,,1493.0,1440.0
1463994874707485390,301,1463994874560411079,,1493.0,1440.0
1463994874708645752,302,1463994874603460187,,1493.0,1440.0
1463994874709871530,303,1463994874646838410,,1494.0,1440.0
1463994874710425591,304,1463994874698062446,,1493.0,1440.0
1463994874764942327,305,1463994874747196435,,1493.0,1440.0
1463994874796856204,306,1463994874776638495,,1493.0,1440.0
1463994874818970366,307,1463994874791894706,,1493.0,1440.0
1463994874832141895,308,1463994874810096066,,1493.0,1440.0
1463994874835617563,309,1463994874825243631,,1494.0,1440.0
1463994874880875051,310,1463994874845154361,,1494.0,1440.0
1463994874884568011,311,1463994874865226966,,1493.0,1440.0
1463994874899187869,312,1463994874893046947,,1493.0,1440.0
1463994874911447161,313,1463994874905280145,,1493.0,1440.0
1463994874973140284,314,1463994874934111947,,1493.0,1440.0
1463994874973406898,315,1463994874967451861,,1493.0,1440.0
1463994875024126925,316,1463994874990746698,,1493.0,1440.0
1463994875024398330,317,1463994875016256112,,1493.0,1440.0
1463994875050680763,318,1463994875037763296,,1493.0,1440.0
1463994875170880873,319,1463994875072496958,,1493.0,1440.0
1463994875170918112,320,1463994875116252419,,1494.0,1440.0
1463994875170957123,321,1463994875154934924,,1494.0,1440.0
1463994875211955403,322,1463994875192226443,,1494.0,1440.0
1463994875239361688,323,1463994875233001912,,1493.0,1440.0
1463994875294717744,324,1463994875285831881,,1493.0,1440.0
1463994875335391911,325,1463994875311747857,,1494.0,1440.0
1463994875372396139,326,1463994875328045575,,1494.0,1440.0
1463994875373477751,327,1463994875348098910,,1493.0,1440.0
1463994875402262990,328,1463994875374412905,,1493.0,1440.0
1463994875422232054,329,1463994875416702745,,1493.0,1440.0
1463994875466024442,330,1463994875459411750,,1493.0,1440.0
1463994875488945789,331,1463994875478131286,,1493.0,1440.0
1463994875527153556,332,1463994875502414140,,1494.0,1440.0
1463994875527511889,333,1463994875519147171,,1494.0,1440.0
1463994875564488982,334,1463994875537936185,,1494.0,1440.0
1463994875564921429,335,1463994875554597080,,1493.0,1440.0
1463994875607874704,336,1463994875575074007,,1493.0,1440.0
1463994875608218089,337,1463994875594634946,,1493.0,1440.0
1463994875628586422,338,1463994875615409789,,1493.0,1440.0
1463994875641560087,339,1463994875634173335,,1493.0,1440.0
1463994875675378959,340,1463994875655794321,,1493.0,1440.0
1463994875802399155,341,1463994875687343460,,1494.0,1440.0
1463994875802647227,342,1463994875709171425,,1493.0,1440.0
1463994875803151966,343,1463994875740116346,,1493.0,1440.0
1463994875803417069,344,1463994875765156177,,1494.0,1440.0
1463994875803814881,345,1463994875791030174,,1493.0,1440.0
1463994876052097319,346,1463994875814068552,,1493.0,1440.0
1463994876052445443,347,1463994875838104741,,1493.0,1440.0
1463994876052711484,348,1463994875855057302,,1493.0,1440.0
1463994876053003984,349,1463994875873957670,,1493.0,1440.0
1463994876053274504,350,1463994875892505071,,1493.0,1440.0
1463994876053515701,351,1463994875910150286,,1493.0,1440.0
1463994876053793513,352,1463994875930561484,,1494.0,1440.0
1463994876054023148,353,1463994875952913927,,1494.0,1440.0
1463994876054581896,354,1463994875972078774,,1494.0,1440.0
1463994876054866531,355,1463994875989569823,,1494.0,1440.0
1463994876055132780,356,1463994876020307453,,1493.0,1440.0
1463994876055401946,357,1463994876046923010,,1493.0,1440.0
1463994876055772518,358,1463994876051507165,,1494.0,1440.0
1463994876092624351,359,1463994876086737231,,1493.0,1440.0
1463994876119479387,360,1463994876107964364,,1493.0,1440.0
1463994876147660461,361,1463994876132068469,,1493.0,1440.0
1463994876221727355,362,1463994876150866494,,1493.0,1440.0
1463994876229947125,363,1463994876173158052,,1494.0,1440.0
1463994876231516028,364,1463994876190791340,,1493.0,1440.0
1463994876231659413,365,1463994876213846750,,1493.0,1440.0
1463994876314885085,366,1463994876238072938,,1493.0,1440.0
1463994876315231230,367,1463994876254882166,,1494.0,1440.0
1463994876315271907,368,1463994876266233543,,1494.0,1440.0
1463994876315558990,369,1463994876281089599,,1494.0,1440.0
1463994876315980395,370,1463994876299467000,,1493.0,1440.0
1463994876373094676,371,1463994876319522522,,1493.0,1440.0
1463994876373369676,372,1463994876339528095,,1494.0,1440.0
1463994876373695196,373,1463994876362218767,,1494.0,1440.0
1463994876419312735,374,1463994876384771365,,1493.0,1440.0
1463994876429994271,375,1463994876404903189,,1493.0,1440.0
1463994876430238228,376,1463994876424687982,,1493.0,1440.0
1463994876531348178,377,1463994876443933454,,1494.0,1440.0
1463994876531574584,378,1463994876464849650,,1493.0,1440.0
1463994876531664740,379,1463994876484079653,,1493.0,1440.0
1463994876532024062,380,1463994876505844441,,1494.0,1440.0
1463994876532308176,381,1463994876525016632,,1494.0,1440.0
1463994876593061614,382,1463994876540900654,,1494.0,1440.0
1463994876593511665,383,1463994876560722478,,1493.0,1440.0
1463994876593831717,384,1463994876584465855,,1493.0,1440.0
1463994876653393596,385,1463994876599369515,,1493.0,1440.0
1463994876653629897,386,1463994876619543265,,1494.0,1440.0
1463994876653779897,387,1463994876639474256,,1494.0,1440.0
1463994876676355568,388,1463994876659809777,,1494.0,1440.0
1463994876841303063,389,1463994876684457579,,1493.0,1440.0
1463994876841396397,390,1463994876699550978,,1493.0,1440.0
1463994876841461240,391,1463994876730771627,,1493.0,1440.0
1463994876841496605,392,1463994876753293132,,1493.0,1440.0
1463994876841599677,393,1463994876781108946,,1493.0,1440.0
1463994876843287277,394,1463994876808971688,,1493.0,1440.0
1463994876843498058,395,1463994876831120485,,1493.0,1440.0
1463994877472667909,396,1463994876855260632,,1493.0,1440.0
1463994877472714211,397,1463994876874992509,,1494.0,1440.0
1463994877472807388,398,1463994876895466883,,1493.0,1440.0
1463994877472851815,399,1463994876915086781,,1493.0,1440.0
1463994877472887908,400,1463994876935314750,,1493.0,1440.0
1463994877472924887,401,1463994876954127515,,1493.0,1440.0
1463994877472958377,402,1463994876973629392,,1494.0,1440.0
1463994877472991918,403,1463994876992760541,,1494.0,1440.0
1463994877473024522,404,1463994877013692258,,1493.0,1440.0
1463994877478016749,405,1463994877035095537,,1494.0,1440.0
1463994877485015221,406,1463994877055201059,,1493.0,1440.0
1463994877496810243,407,1463994877076380588,,1493.0,1440.0
1463994877496962847,408,1463994877093789606,,1493.0,1440.0
1463994877497119148,409,1463994877113731378,,1493.0,1440.0
1463994877497274148,410,1463994877142415211,,1494.0,1440.0
1463994877497385866,411,1463994877167715615,,1493.0,1440.0
1463994877497494668,412,1463994877188609312,,1493.0,1440.0
1463994877497600189,413,1463994877217075593,,1493.0,1440.0
1463994877497707011,414,1463994877237584291,,1493.0,1440.0
1463994877497790397,415,1463994877263149121,,1493.0,1440.0
1463994877499074508,416,1463994877285822813,,1493.0,1440.0
1463994877501667887,417,1463994877303734851,,1494.0,1440.0
1463994877501724657,418,1463994877323890164,,1494.0,1440.0
1463994877504082724,419,1463994877346196409,,1493.0,1440.0
1463994877504163974,420,1463994877367472657,,1493.0,1440.0
1463994877504718296,421,1463994877390554889,,1493.0,1440.0
1463994877504800118,422,1463994877423856367,,1493.0,1440.0
1463994877504838660,423,1463994877448229273,,1494.0,1440.0
1463994877510747030,424,1463994877475936390,,1494.0,1440.0
1463994877513262701,425,1463994877497276908,,1494.0,1440.0
1463994878483949804,426,1463994877518430292,,1493.0,1440.0
1463994878484266679,427,1463994877541477264,,1493.0,1440.0
1463994878484536365,428,1463994877562260544,,1493.0,1440.0
1463994878484803292,429,1463994877581235965,,1494.0,1440.0
1463994878485064072,430,1463994877601092841,,1494.0,1440.0
1463994878485336572,431,1463994877621042165,,1494.0,1440.0
1463994878485595061,432,1463994877642527787,,1493.0,1440.0
1463994878485917820,433,1463994877662148779,,1493.0,1440.0
1463994878486221049,434,1463994877683167892,,1495.0,1440.0
1463994878486635735,435,1463994877703936276,,1493.0,1440.0
1463994878486926672,436,1463994877725072733,,1494.0,1440.0
1463994878487220265,437,1463994877743689560,,1494.0,1440.0
1463994878487484691,438,1463994877763265239,,1493.0,1440.0
1463994878487757555,439,1463994877783126855,,1493.0,1440.0
1463994878488014429,440,1463994877807581845,,1493.0,1440.0
1463994878488257033,441,1463994877828537312,,1493.0,1440.0
1463994878488540782,442,1463994877849970695,,1493.0,1440.0
1463994878488829584,443,1463994877869762571,,1493.0,1440.0
1463994878489106718,444,1463994877892268660,,1494.0,1440.0
1463994878489398749,445,1463994877913347252,,1493.0,1440.0
1463994878489640467,446,1463994877935226883,,1494.0,1440.0
1463994878489943591,447,1463994877955156520,,1493.0,1440.0
1463994878490201768,448,1463994877975701988,,1493.0,1440.0
1463994878490458694,449,1463994877996346050,,1493.0,1440.0
1463994878490934370,450,1463994878016417822,,1493.0,1440.0
1463994878491224838,451,1463994878046497484,,1493.0,1440.0
1463994878491490098,452,1463994878068534668,,1493.0,1440.0
1463994878491762337,453,1463994878089297375,,1493.0,1440.0
1463994878492010513,454,1463994878108949564,,1493.0,1440.0
1463994878492316137,455,1463994878129621439,,1493.0,1440.0
1463994878492603793,456,1463994878150075762,,1493.0,1440.0
1463994878492861396,457,1463994878175704029,,1494.0,1440.0
1463994878493097125,458,1463994878197315797,,1493.0,1440.0
1463994878493334155,459,1463994878229752537,,1494.0,1440.0
1463994878493585717,460,1463994878254272787,,1493.0,1440.0
1463994878493834467,461,1463994878265474790,,1493.0,1440.0
1463994878494105716,462,1463994878281291103,,1493.0,1440.0
1463994878494454778,463,1463994878324980367,,1494.0,1440.0
1463994878494769204,464,1463994878378689188,,1493.0,1440.0
1463994878495070557,465,1463994878423083293,,1493.0,1440.0
1463994878495491129,466,1463994878487290629,,1493.0,1440.0
1463994878568017246,467,1463994878558433989,,1493.0,1440.0
1463994878686945640,468,1463994878615250302,,1493.0,1440.0
1463994878692024742,469,1463994878642912680,,1493.0,1440.0
1463994878791279071,470,1463994878690249121,,1494.0,1440.0
1463994878791867768,471,1463994878734166509,,1494.0,1440.0
1463994878792822713,472,1463994878759383736,,1493.0,1440.0
1463994878798347595,473,1463994878783738622,,1493.0,1440.0
1463994878853031205,474,1463994878800875609,,1493.0,1440.0
1463994878853367350,475,1463994878828784028,,1493.0,1440.0
1463994878905654717,476,1463994878863979407,,1491.0,1440.0
1463994878946946330,477,1463994878897079270,,1493.0,1440.0
1463994878947362110,478,1463994878920966188,,1493.0,1440.0
1463994878986906853,479,1463994878949998093,,1493.0,1440.0
1463994878996377454,480,1463994878988000183,,1494.0,1440.0
1463994879038251930,481,1463994879023401812,,1494.0,1440.0
1463994879066614931,482,1463994879064640196,,1493.0,1440.0
1463994879119308598,483,1463994879101542081,,1494.0,1440.0
1463994879154902465,484,1463994879143578953,,1493.0,1440.0
1463994879183139372,485,1463994879177513762,,1494.0,1440.0
1463994879208660297,486,1463994879203635153,,1493.0,1440.0
1463994879275980385,487,1463994879226527282,,1493.0,1440.0
1463994879276440957,488,1463994879247070459,,1493.0,1440.0
1463994879280265791,489,1463994879272160239,,1493.0,1440.0
1463994879308340355,490,1463994879299526836,,1493.0,1440.0
1463994879334089351,491,1463994879326155153,,1494.0,1440.0
1463994879359447985,492,1463994879352844929,,1493.0,1440.0
1463994879388444838,493,1463994879383070372,,1494.0,1440.0
1463994879416772369,494,1463994879409687804,,1493.0,1440.0
1463994879439964289,495,1463994879437682472,,1493.0,1440.0
1463994879617553159,496,1463994879460780434,,1493.0,1440.0
1463994879617809408,497,1463994879481612777,,1494.0,1440.0
1463994879622461584,498,1463994879503147201,,1493.0,1440.0
1463994879622848301,499,1463994879522017413,,1494.0,1440.0
1463994879625202670,500,1463994879539345858,,1494.0,1440.0
1463994879625542774,501,1463994879563096266,,1493.0,1440.0
1463994879625819700,502,1463994879585125221,,1493.0,1440.0
1463994879626337980,503,1463994879605798970,,1493.0,1440.0
1463994879626712979,504,1463994879622451948,,1493.0,1440.0
1463994880855423642,505,1463994879639555967,,1493.0,1440.0
1463994880855730100,506,1463994879660391487,,1493.0,1440.0
1463994880856008433,507,1463994879681245913,,1494.0,1440.0
1463994880856291140,508,1463994879702822055,,1494.0,1440.0
1463994880858044261,509,1463994879727154233,,1493.0,1440.0
1463994880858397645,510,1463994879747330431,,1493.0,1440.0
1463994880858700717,511,1463994879767283505,,1494.0,1440.0
1463994880860247015,512,1463994879788856783,,1494.0,1440.0
1463994880860598837,513,1463994879809301210,,1494.0,1440.0
1463994880862062532,514,1463994879828523088,,1493.0,1440.0
1463994880862407947,515,1463994879848664235,,1494.0,1440.0
1463994880863802683,516,1463994879870444492,,1493.0,1440.0
1463994880864137943,517,1463994879890375847,,1493.0,1440.0
1463994880865767053,518,1463994879910967409,,1493.0,1440.0
1463994880866096428,519,1463994879931068504,,1494.0,1440.0
1463994880866369135,520,1463994879951109702,,1493.0,1440.0
1463994880867886527,521,1463994879970724131,,1493.0,1440.0
1463994880868264026,522,1463994879991632568,,1493.0,1440.0
1463994880868530328,523,1463994880011580433,,1494.0,1440.0
1463994880868771837,524,1463994880031589028,,1493.0,1440.0
1463994880870204698,525,1463994880051230280,,1494.0,1440.0
1463994880871662403,526,1463994880070975750,,1493.0,1440.0
1463994880873037816,527,1463994880092083821,,1493.0,1440.0
1463994880874846978,528,1463994880111470126,,1493.0,1440.0
1463994880875150675,529,1463994880132369968,,1493.0,1440.0
1463994880875423122,530,1463994880150891015,,1493.0,1440.0
1463994880875670414,531,1463994880170472267,,1493.0,1440.0
1463994880875928069,532,1463994880187736442,,1494.0,1440.0
1463994880876187131,533,1463994880208655347,,1494.0,1440.0
1463994880876443797,534,1463994880228144255,,1494.0,1440.0
1463994880877935147,535,1463994880248065454,,1494.0,1440.0
1463994880878201657,536,1463994880268417642,,1494.0,1440.0
1463994880878463375,537,1463994880287681290,,1493.0,1440.0
1463994880881429253,538,1463994880308610195,,1493.0,1440.0
1463994880881699929,539,1463994880327795459,,1493.0,1440.0
1463994880886587677,540,1463994880347715668,,1493.0,1440.0
1463994880886868614,541,1463994880368605355,,1493.0,1440.0
1463994880887133353,542,1463994880388258742,,1493.0,1440.0
1463994880887386529,543,1463994880407375568,,1493.0,1440.0
1463994880887634445,544,1463994880427824474,,1493.0,1440.0
1463994880887936684,545,1463994880445395523,,1493.0,1440.0
1463994880888229496,546,1463994880464539745,,1493.0,1440.0
1463994880888520902,547,1463994880481728607,,1493.0,1440.0
1463994880888774026,548,1463994880502591054,,1494.0,1440.0
1463994880889028036,549,1463994880522286733,,1493.0,1440.0
1463994880889281941,550,1463994880541512569,,1493.0,1440.0
1463994880891979434,551,1463994880561411633,,1493.0,1440.0
1463994880892312402,552,1463994880581413821,,1493.0,1440.0
1463994880895153801,553,1463994880602330799,,1493.0,1440.0
1463994880895510259,554,1463994880621695437,,1493.0,1440.0
1463994880895914164,555,1463994880641103981,,1493.0,1440.0
1463994880895966976,556,1463994880660484244,,1494.0,1440.0
1463994880897607180,557,1463994880687121833,,1493.0,1440.0
1463994880899168687,558,1463994880706982772,,1493.0,1440.0
1463994880899494415,559,1463994880726411836,,1493.0,1440.0
1463994880900971026,560,1463994880745690121,,1495.0,1440.0
1463994880901279775,561,1463994880762142214,,1495.0,1440.0
1463994880902696907,562,1463994880781515602,,1519.0,1440.0
1463994880902997219,563,1463994880801723936,,1519.0,1440.0
1463994880906294762,564,1463994880820847949,,1522.0,1440.0
1463994880907863352,565,1463994880840815867,,1529.0,1440.0
1463994880908443455,566,1463994880865862053,,1529.0,1440.0
1463994880909997774,567,1463994880887084759,,1529.0,1440.0
1463994880910413814,568,1463994880908146685,,1529.0,1440.0
1463994881308391287,569,1463994880928022936,,1529.0,1440.0
1463994881311442998,570,1463994880947983927,,1529.0,1440.0
1463994881311722112,571,1463994880968764707,,1529.0,1440.0
1463994881311962841,572,1463994880988190647,,1529.0,1440.0
1463994881312234715,573,1463994881008451533,,1529.0,1440.0
1463994881312473725,574,1463994881027363307,,1529.0,1440.0
1463994881316376163,575,1463994881047274298,,1530.0,1440.0
1463994881316706995,576,1463994881065689199,,1529.0,1440.0
1463994881317016005,577,1463994881085324826,,1537.0,1440.0
1463994881317296004,578,1463994881103501707,,1537.0,1440.0
1463994881317556733,579,1463994881123450510,,1538.0,1440.0
1463994881317812930,580,1463994881142737283,,1538.0,1440.0
1463994881318060950,581,1463994881162015984,,1538.0,1440.0
1463994881321493546,582,1463994881182755202,,1537.0,1440.0
1463994881321806878,583,1463994881203502701,,1538.0,1440.0
1463994881322105107,584,1463994881222480778,,1547.0,1440.0
1463994881322369220,585,1463994881242215259,,1553.0,1440.0
1463994881322613178,586,1463994881261880052,,1554.0,1440.0
1463994881323126041,587,1463994881281638647,,1554.0,1440.0
1463994881325848951,588,1463994881302424271,,1562.0,1440.0
1463994881326269419,589,1463994881321117974,,1562.0,1440.0
1463994884223231082,590,1463994881341414172,,1562.0,1440.0
1463994884223489779,591,1463994881359767562,,1558.0,1440.0
1463994884225150660,592,1463994881389700611,,1556.0,1440.0
1463994884226710604,593,1463994881421824643,,1553.0,1440.0
1463994884227026020,594,1463994881441166209,,1553.0,1440.0
1463994884227278832,595,1463994881473771907,,1553.0,1440.0
1463994884227534300,596,1463994881497180857,,1553.0,1440.0
1463994884227788570,597,1463994881517012421,,1553.0,1440.0
1463994884229438827,598,1463994881536463153,,1554.0,1440.0
1463994884230845125,599,1463994881552863267,,1553.0,1440.0
1463994884233296785,600,1463994881571914625,,1553.0,1440.0
1463994884233625951,601,1463994881589231612,,1553.0,1440.0
1463994884236433548,602,1463994881608846457,,1553.0,1440.0
1463994884236795787,603,1463994881629341874,,1553.0,1440.0
1463994884238324741,604,1463994881647419953,,1553.0,1440.0
1463994884238640782,605,1463994881667059434,,1553.0,1440.0
1463994884240957651,606,1463994881686961258,,1554.0,1440.0
1463994884241296192,607,1463994881707204019,,1553.0,1440.0
1463994884241628691,608,1463994881727865737,,1554.0,1440.0
1463994884241929316,609,1463994881747882925,,1553.0,1440.0
1463994884244152539,610,1463994881770448232,,1554.0,1440.0
1463994884244578163,611,1463994881791762761,,1554.0,1440.0
1463994884244854829,612,1463994881810999170,,1553.0,1440.0
1463994884247423208,613,1463994881826925327,,1541.0,1440.0
1463994884247742113,614,1463994881843260390,,1553.0,1440.0
1463994884248022112,615,1463994881863577421,,1554.0,1440.0
1463994884248278153,616,1463994881882823674,,1553.0,1440.0
1463994884248536694,617,1463994881905632314,,1553.0,1440.0
1463994884248798829,618,1463994881924680390,,1553.0,1440.0
1463994884249063829,619,1463994881943995966,,1553.0,1440.0
1463994884250563981,620,1463994881962869459,,1554.0,1440.0
1463994884251941217,621,1463994881983314095,,1554.0,1440.0
1463994884252250800,622,1463994882003713886,,1554.0,1440.0
1463994884252527153,623,1463994882031006473,,1553.0,1440.0
1463994884256491935,624,1463994882052778709,,1553.0,1440.0
1463994884256816361,625,1463994882069720176,,1559.0,1440.0
1463994884258906616,626,1463994882087372839,,1559.0,1440.0
1463994884261165621,627,1463994882106744873,,1561.0,1440.0
1463994884261440932,628,1463994882123909413,,1561.0,1440.0
1463994884262948637,629,1463994882141351660,,1562.0,1440.0
1463994884263226709,630,1463994882167187635,,1561.0,1440.0
1463994884263492125,631,1463994882192559394,,1562.0,1440.0
1463994884265252433,632,1463994882214107620,,1553.0,1440.0
1463994884266765450,633,1463994882231604190,,1553.0,1440.0
1463994884267107272,634,1463994882250639922,,1562.0,1440.0
1463994884269397475,635,1463994882271433932,,1506.0,1440.0
1463994884269757890,636,1463994882291182215,,1562.0,1440.0
1463994884270041119,637,1463994882310556436,,1562.0,1440.0
1463994884270304191,638,1463994882329349565,,1562.0,1440.0
1463994884271708771,639,1463994882347609831,,1554.0,1440.0
1463994884271987051,640,1463994882366832126,,1562.0,1440.0
1463994884272225592,641,1463994882386623325,,1562.0,1440.0
1463994884273656526,642,1463994882403380261,,1561.0,1440.0
1463994884273971577,643,1463994882425122706,,1562.0,1440.0
1463994884276699956,644,1463994882443054483,,1562.0,1440.0
1463994884279283751,645,1463994882467120932,,1562.0,1440.0
1463994884279569376,646,1463994882491574411,,1562.0,1440.0
1463994884279828646,647,1463994882515344819,,1558.0,1440.0
1463994884280084270,648,1463994882541203399,,1563.0,1440.0
1463994884280343228,649,1463994882561699753,,1561.0,1440.0
1463994884280601508,650,1463994882581600744,,1562.0,1440.0
1463994884282710305,651,1463994882603884905,,1567.0,1440.0
1463994884283045773,652,1463994882622047047,,1562.0,1440.0
1463994884284538321,653,1463994882643194440,,1568.0,1440.0
1463994884284886550,654,1463994882663778502,,1577.0,1440.0
1463994884286372171,655,1463994882682978558,,1577.0,1440.0
1463994884286716180,656,1463994882708058025,,1574.0,1440.0
1463994884288334822,657,1463994882729404637,,1582.0,1440.0
1463994884288674717,658,1463994882750031720,,1582.0,1440.0
1463994884290214713,659,1463994882770227658,,1582.0,1440.0
1463994884290591223,660,1463994882789293651,,1582.0,1440.0
1463994884290898670,661,1463994882809296568,,1582.0,1440.0
1463994884291180336,662,1463994882829571412,,1585.0,1440.0
1463994884293596215,663,1463994882848075896,,1586.0,1440.0
1463994884294033297,664,1463994882871391722,,1582.0,1440.0
1463994884297025841,665,1463994882893831248,,1581.0,1440.0
1463994884297338341,666,1463994882915163017,,1582.0,1440.0
1463994884297602142,667,1463994882935987338,,1582.0,1440.0
1463994884297870006,668,1463994882955939475,,1569.0,1440.0
1463994884298147141,669,1463994882976563277,,1593.0,1440.0
1463994884301649736,670,1463994882995714061,,1582.0,1440.0
1463994884301959943,671,1463994883016259581,,1582.0,1440.0
1463994884302236453,672,1463994883035827292,,1578.0,1440.0
1463994884302479421,673,1463994883052117927,,1578.0,1440.0
1463994884302769160,674,1463994883071874648,,1599.0,1440.0
1463994884303041034,675,1463994883094607506,,1582.0,1440.0
1463994884305675194,676,1463994883115063496,,1583.0,1440.0
1463994884306017694,677,1463994883135226569,,1572.0,1440.0
1463994884306295089,678,1463994883155283758,,1574.0,1440.0
1463994884306577796,679,1463994883175872142,,1585.0,1440.0
1463994884306891181,680,1463994883195105479,,1582.0,1440.0
1463994884309078363,681,1463994883215243656,,1582.0,1440.0
1463994884309396799,682,1463994883236792143,,1582.0,1440.0
1463994884309666018,683,1463994883255384596,,1582.0,1440.0
1463994884311860231,684,1463994883275606263,,1584.0,1440.0
1463994884312155490,685,1463994883297210114,,1583.0,1440.0
1463994884312412261,686,1463994883323637078,,1583.0,1440.0
1463994884312659916,687,1463994883342225103,,1582.0,1440.0
1463994884312918197,688,1463994883362182083,,1588.0,1440.0
1463994884314668140,689,1463994883382010366,,1582.0,1440.0
1463994884315024129,690,1463994883403046823,,1582.0,1440.0
1463994884315287514,691,1463994883427430458,,1576.0,1440.0
1463994884315550742,692,1463994883447534001,,1563.0,1440.0
1463994884315812669,693,1463994883468359625,,1582.0,1440.0
1463994884316055689,694,1463994883488725145,,1582.0,1440.0
1463994884316312563,695,1463994883510551236,,1588.0,1440.0
1463994884316554229,696,1463994883533896541,,1582.0,1440.0
1463994884318703911,697,1463994883554175864,,1586.0,1440.0
1463994884319042764,698,1463994883574875550,,1596.0,1440.0
1463994884319319743,699,1463994883594063574,,1586.0,1440.0
1463994884321369998,700,1463994883618110544,,1585.0,1440.0
1463994884322937286,701,1463994883639357261,,1585.0,1440.0
1463994884324473896,702,1463994883659455855,,1586.0,1440.0
1463994884324777594,703,1463994883680427781,,1586.0,1440.0
1463994884325051499,704,1463994883700468251,,1579.0,1440.0
1463994884325377644,705,1463994883726547715,,1590.0,1440.0
1463994884327003630,706,1463994883746754955,,1588.0,1440.0
1463994884327338577,707,1463994883767311778,,1592.0,1440.0
1463994884327602951,708,1463994883787722715,,1586.0,1440.0
1463994884329094510,709,1463994883808763026,,1586.0,1440.0
1463994884330609349,710,1463994883832472653,,1586.0,1440.0
1463994884332048825,711,1463994883852284686,,1585.0,1440.0
1463994884333466738,712,1463994883872880935,,1589.0,1440.0
1463994884333779237,713,1463994883892800311,,1589.0,1440.0
1463994884334040903,714,1463994883913436873,,1578.0,1440.0
1463994884334360017,715,1463994883936056711,,1571.0,1440.0
1463994884334638818,716,1463994883953055053,,1586.0,1440.0
1463994884334909182,717,1463994883972784326,,1586.0,1440.0
1463994884335163921,718,1463994883994565520,,1585.0,1440.0
1463994884336645532,719,1463994884015578904,,1591.0,1440.0
1463994884338152091,720,1463994884036908797,,1591.0,1440.0
1463994884339657868,721,1463994884056793070,,1586.0,1440.0
1463994884339968388,722,1463994884075690053,,1585.0,1440.0
1463994884340221304,723,1463994884092620270,,1586.0,1440.0
1463994884343051349,724,1463994884112508084,,1586.0,1440.0
1463994884343338640,725,1463994884136840574,,1601.0,1440.0
1463994884343602598,726,1463994884157671302,,1584.0,1440.0
1463994884346134466,727,1463994884178323957,,1594.0,1440.0
1463994884347591962,728,1463994884196355213,,1606.0,1440.0
1463994884347924305,729,1463994884221474889,,1597.0,1440.0
1463994884348182221,730,1463994884241398848,,1608.0,1440.0
1463994884348434044,731,1463994884261467547,,1608.0,1440.0
1463994884349845446,732,1463994884280145676,,1597.0,1440.0
1463994884351309505,733,1463994884301284841,,1598.0,1440.0
1463994884354771632,734,1463994884324919416,,1597.0,1440.0
1463994884355286422,735,1463994884345718530,,1597.0,1440.0
1463994885366171288,736,1463994884366441393,,1597.0,1440.0
1463994885368821542,737,1463994884386391447,,1598.0,1440.0
1463994885370254923,738,1463994884408098214,,1598.0,1440.0
1463994885372660646,739,1463994884431424196,,1598.0,1440.0
1463994885373029448,740,1463994884452016071,,1598.0,1440.0
1463994885373344343,741,1463994884471317115,,1597.0,1440.0
1463994885373656321,742,1463994884491537532,,1598.0,1440.0
1463994885375335952,743,1463994884512567010,,1597.0,1440.0
1463994885375645326,744,1463994884536661532,,1597.0,1440.0
1463994885377059698,745,1463994884557051688,,1595.0,1440.0
1463994885377398186,746,1463994884576881845,,1597.0,1440.0
1463994885379977138,747,1463994884596471118,,1598.0,1440.0
1463994885380288335,748,1463994884620312672,,1605.0,1440.0
1463994885380543439,749,1463994884645642972,,1594.0,1440.0
1463994885380790261,750,1463994884665956410,,1606.0,1440.0
1463994885382726610,751,1463994884685832140,,1607.0,1440.0
1463994885383030255,752,1463994884704269333,,1606.0,1440.0
1463994885383300255,753,1463994884725982506,,1600.0,1440.0
1463994885386139310,754,1463994884745902924,,1605.0,1440.0
1463994885386476757,755,1463994884765079177,,1609.0,1440.0
1463994885386755663,756,1463994884784659284,,1605.0,1440.0
1463994885387015766,757,1463994884808603493,,1609.0,1440.0
1463994885387291130,758,1463994884826195480,,1613.0,1440.0
1463994885388686960,759,1463994884845304910,,1613.0,1440.0
1463994885388974563,760,1463994884866341887,,1621.0,1440.0
1463994885389216906,761,1463994884885433662,,1614.0,1440.0
1463994885390576069,762,1463994884906599545,,1612.0,1440.0
1463994885391975910,763,1463994884925503924,,1613.0,1440.0
1463994885392295388,764,1463994884944724708,,1616.0,1440.0
1463994885395080850,765,1463994884965465436,,1629.0,1440.0
1463994885395411943,766,1463994884984932522,,1619.0,1440.0
1463994885395681004,767,1463994885005412834,,1620.0,1440.0
1463994885395950743,768,1463994885026036428,,1618.0,1440.0
1463994885396220847,769,1463994885046854083,,1623.0,1440.0
1463994885397732978,770,1463994885067056687,,1622.0,1440.0
1463994885398031832,771,1463994885087141949,,1626.0,1440.0
1463994885399411984,772,1463994885108250124,,1626.0,1440.0
1463994885399683338,773,1463994885127556220,,1640.0,1440.0
1463994885399928025,774,1463994885147369451,,1625.0,1440.0
1463994885402824580,775,1463994885167058463,,1638.0,1440.0
1463994885403176871,776,1463994885186330966,,1628.0,1440.0
1463994885403474266,777,1463994885207467787,,1625.0,1440.0
1463994885406417331,778,1463994885225558470,,1612.0,1440.0
1463994885406793997,779,1463994885246550708,,1626.0,1440.0
1463994885407062850,780,1463994885266361908,,1625.0,1440.0
1463994885407338058,781,1463994885283267281,,1625.0,1440.0
1463994885407614307,782,1463994885303243740,,1626.0,1440.0
1463994885410078624,783,1463994885324078323,,1626.0,1440.0
1463994885410393831,784,1463994885345068061,,1626.0,1440.0
1463994885410647424,785,1463994885365452540,,1633.0,1440.0
1463994885412358722,786,1463994885386559048,,1623.0,1440.0
1463994885414318405,787,1463994885408149618,,1637.0,1440.0
1463994895806379631,788,1463994885427103268,,1637.0,1440.0
1463994895806417287,789,1463994885446798113,,1625.0,1440.0
1463994895810193372,790,1463994885466671448,,1625.0,1440.0
1463994895810353163,791,1463994885487657853,,1615.0,1440.0
1463994895811668524,792,1463994885508271967,,1622.0,1440.0
1463994895811720295,793,1463994885529457017,,1630.0,1440.0
1463994895811788836,794,1463994885550367432,,1641.0,1440.0
1463994895811956648,795,1463994885570640193,,1625.0,1440.0
1463994895811999773,796,1463994885591635608,,1625.0,1440.0
1463994895812047533,797,1463994885614756539,,1638.0,1440.0
1463994895812082690,798,1463994885636142994,,1635.0,1440.0
1463994895812118627,799,1463994885656371797,,1637.0,1440.0
1463994895812157012,800,1463994885678092783,,1634.0,1440.0
1463994895812189356,801,1463994885698180753,,1634.0,1440.0
1463994895812222481,802,1463994885726218494,,1637.0,1440.0
1463994895812268575,803,1463994885746723441,,1631.0,1440.0
1463994895812304304,804,1463994885765836049,,1652.0,1440.0
1463994895812509251,805,1463994885787005057,,1637.0,1440.0
1463994895814996536,806,1463994885807144849,,1637.0,1440.0
1463994895815069245,807,1463994885827323912,,1643.0,1440.0
1463994895815107526,808,1463994885847145320,,1653.0,1440.0
1463994895815151484,809,1463994885868734015,,1631.0,1440.0
1463994895815240286,810,1463994885891228697,,1637.0,1440.0
1463994895815290129,811,1463994885911227709,,1645.0,1440.0
1463994895815328202,812,1463994885931622292,,1645.0,1440.0
1463994895815362994,813,1463994885951964063,,1642.0,1440.0
1463994895815403775,814,1463994885972246876,,1642.0,1440.0
1463994895815442004,815,1463994885992635730,,1637.0,1440.0
1463994895815472889,816,1463994886013410833,,1640.0,1440.0
1463994895815513254,817,1463994886033017398,,1628.0,1440.0
1463994895815544660,818,1463994886054838383,,1627.0,1440.0
1463994895815580962,819,1463994886075685362,,1634.0,1440.0
1463994895815619035,820,1463994886095896456,,1642.0,1440.0
1463994895815669451,821,1463994886117200151,,1643.0,1440.0
1463994895815702160,822,1463994886137829890,,1646.0,1440.0
1463994895815737784,823,1463994886158498692,,1646.0,1440.0
1463994895815855909,824,1463994886178332912,,1648.0,1440.0
1463994895815921117,825,1463994886197438436,,1627.0,1440.0
1463994895815978617,826,1463994886219857441,,1640.0,1440.0
1463994895816056377,827,1463994886239464422,,1641.0,1440.0
1463994895816098252,828,1463994886260238328,,1643.0,1440.0
1463994895816183356,829,1463994886280260620,,1645.0,1440.0
1463994895816328825,830,1463994886300386611,,1632.0,1440.0
1463994895816373929,831,1463994886320950777,,1641.0,1440.0
1463994895816421116,832,1463994886341055048,,1629.0,1440.0
1463994895816459189,833,1463994886360984685,,1641.0,1440.0
1463994895816492262,834,1463994886379650939,,1647.0,1440.0
1463994895816584397,835,1463994886399580576,,1647.0,1440.0
1463994895816630491,836,1463994886419172141,,1642.0,1440.0
1463994895816665438,837,1463994886439643026,,1643.0,1440.0
1463994895816741011,838,1463994886460202348,,1642.0,1440.0
1463994895816882000,839,1463994886479821882,,1623.0,1440.0
1463994895816932417,840,1463994886499233082,,1642.0,1440.0
1463994895816967938,841,1463994886520567611,,1642.0,1440.0
1463994895817057729,842,1463994886541947660,,1642.0,1440.0
1463994895817100802,843,1463994886561233861,,1646.0,1440.0
1463994895817137000,844,1463994886581746361,,1647.0,1440.0
1463994895817237051,845,1463994886601747403,,1653.0,1440.0
1463994895817276426,846,1463994886622640788,,1642.0,1440.0
1463994895817374968,847,1463994886643692765,,1642.0,1440.0
1463994895817412728,848,1463994886663924380,,1643.0,1440.0
1463994895817446270,849,1463994886683922298,,1643.0,1440.0
1463994895817602519,850,1463994886703951570,,1637.0,1440.0
1463994895817641061,851,1463994886727527968,,1638.0,1440.0
1463994895817683717,852,1463994886748493904,,1638.0,1440.0
1463994895817722727,853,1463994886789985985,,1642.0,1440.0
1463994895817855956,854,1463994886816422012,,1640.0,1440.0
1463994895821193239,855,1463994886836705970,,1633.0,1440.0
1463994895821250531,856,1463994886861476844,,1638.0,1440.0
1463994895821291208,857,1463994886885151680,,1638.0,1440.0
1463994895823481879,858,1463994886897025712,,1649.0,1440.0
1463994895825674113,859,1463994886918526647,,1649.0,1440.0
1463994895827221557,860,1463994886938410502,,1713.0,1440.0
1463994895829371708,861,1463994886958955814,,1642.0,1440.0
1463994895830776965,862,1463994886985375330,,1638.0,1440.0
1463994895830830090,863,1463994887004795697,,1638.0,1440.0
1463994895830957537,864,1463994887029342301,,1647.0,1440.0
1463994895832056128,865,1463994887052663179,,1654.0,1440.0
1463994895835160495,866,1463994887079333996,,1657.0,1440.0
1463994895835757369,867,1463994887104625807,,1647.0,1440.0
1463994895837688458,868,1463994887130500584,,1658.0,1440.0
1463994895839016840,869,1463994887163532844,,1658.0,1440.0
1463994895840423659,870,1463994887188209083,,1659.0,1440.0
1463994895843535786,871,1463994887216712916,,1645.0,1440.0
1463994895845182709,872,1463994887240050513,,1671.0,1440.0
1463994895845243647,873,1463994887261251084,,1659.0,1440.0
1463994895845308542,874,1463994887281778479,,1649.0,1440.0
1463994895846609737,875,1463994887299973433,,1658.0,1440.0
1463994895848709107,876,1463994887324092486,,1657.0,1440.0
1463994895850924830,877,1463994887342579522,,1657.0,1440.0
1463994895850981705,878,1463994887364357904,,1657.0,1440.0
1463994895852268525,879,1463994887385177330,,1668.0,1440.0
1463994895853576542,880,1463994887405388633,,1672.0,1440.0
1463994895855299142,881,1463994887430445912,,1667.0,1440.0
1463994895858880279,882,1463994887450872996,,1671.0,1440.0
1463994895859623975,883,1463994887471680963,,1671.0,1440.0
1463994895860638816,884,1463994887499056258,,1673.0,1440.0
1463994895860685586,885,1463994887523302446,,1667.0,1440.0
1463994895861675740,886,1463994887543709217,,1656.0,1440.0
1463994895862055635,887,1463994887562330628,,1657.0,1440.0
1463994895865645313,888,1463994887582065004,,1657.0,1440.0
1463994895865715678,889,1463994887604001667,,1655.0,1440.0
1463994895865758178,890,1463994887629842851,,1645.0,1440.0
1463994895865794219,891,1463994887652990344,,1659.0,1440.0
1463994895865841875,892,1463994887675292006,,1657.0,1440.0
1463994895868067547,893,1463994887699768245,,1643.0,1440.0
1463994895869735824,894,1463994887723743549,,1657.0,1440.0
1463994895870133896,895,1463994887746231148,,1532.0,1440.0
1463994895870258687,896,1463994887775364302,,1658.0,1440.0
1463994895879602153,897,1463994887796697894,,1658.0,1440.0
1463994895879667048,898,1463994887816944509,,1658.0,1440.0
1463994895880621577,899,1463994887836561854,,1661.0,1440.0
1463994895881864334,900,1463994887856420606,,1669.0,1440.0
1463994895883179071,901,1463994887877779874,,1671.0,1440.0
1463994895886438750,902,1463994887896808419,,1680.0,1440.0
1463994895887809944,903,1463994887917337638,,1666.0,1440.0
1463994895889162910,904,1463994887938462844,,1665.0,1440.0
1463994895889213170,905,1463994887956918839,,1672.0,1440.0
1463994895889250201,906,1463994887977003058,,1669.0,1440.0
1463994895891583268,907,1463994887994744419,,1680.0,1440.0
1463994895892968525,908,1463994888015702126,,1663.0,1440.0
1463994895895391539,909,1463994888034967441,,1670.0,1440.0
1463994895896695963,910,1463994888053890102,,1670.0,1440.0
1463994895898023824,911,1463994888072431773,,1656.0,1440.0
1463994895899393717,912,1463994888089799958,,1681.0,1440.0
1463994895901720273,913,1463994888107085903,,1672.0,1440.0
1463994895904715891,914,1463994888131646309,,1663.0,1440.0
1463994895906312345,915,1463994888150571469,,1631.0,1440.0
1463994895906420053,916,1463994888168053925,,1667.0,1440.0
1463994895906461199,917,1463994888184556018,,1667.0,1440.0
1463994895908988015,918,1463994888204604352,,1669.0,1440.0
1463994895911338009,919,1463994888226094662,,1670.0,1440.0
1463994895913019411,920,1463994888245305186,,1659.0,1440.0
1463994895915596852,921,1463994888265003781,,1780.0,1440.0
1463994895918122836,922,1463994888285548781,,1669.0,1440.0
1463994895919571426,923,1463994888303963890,,1669.0,1440.0
1463994895921008193,924,1463994888323084987,,1669.0,1440.0
1463994895923144594,925,1463994888343028842,,1670.0,1440.0
1463994895925390473,926,1463994888361720565,,1670.0,1440.0
1463994895927821405,927,1463994888379259896,,1669.0,1440.0
1463994895929166662,928,1463994888400351248,,1670.0,1440.0
1463994895931521603,929,1463994888422680410,,1669.0,1440.0
1463994895932833319,930,1463994888441809632,,1669.0,1440.0
1463994895935798728,931,1463994888464908635,,1670.0,1440.0
1463994895937107058,932,1463994888489626176,,1669.0,1440.0
1463994895938539086,933,1463994888509427115,,1672.0,1440.0
1463994895940614914,934,1463994888532361119,,1656.0,1440.0
1463994895941881525,935,1463994888552698880,,1658.0,1440.0
1463994895945026517,936,1463994888573681066,,1672.0,1440.0
1463994895945586828,937,1463994888604151196,,1672.0,1440.0
1463994895945886098,938,1463994888626622754,,1669.0,1440.0
1463994895948794268,939,1463994888645193331,,1669.0,1440.0
1463994895951139522,940,1463994888666061455,,1675.0,1440.0
1463994895952439675,941,1463994888685775571,,1663.0,1440.0
1463994895954903367,942,1463994888711164309,,1669.0,1440.0
1463994895956277374,943,1463994888731564309,,1670.0,1440.0
1463994895957860443,944,1463994888749683377,,1678.0,1440.0
1463994895959917781,945,1463994888769174733,,1669.0,1440.0
1463994895961237673,946,1463994888787902029,,1671.0,1440.0
1463994895963713448,947,1463994888808239477,,1659.0,1440.0
1463994895967846563,948,1463994888830462285,,1664.0,1440.0
1463994895968002656,949,1463994888847906459,,1665.0,1440.0
1463994895969796037,950,1463994888868548282,,1672.0,1440.0
1463994895970338692,951,1463994888887458546,,1672.0,1440.0
1463994895971686657,952,1463994888906471362,,1669.0,1440.0
1463994895972888477,953,1463994888927440371,,1669.0,1440.0
1463994895975658157,954,1463994888947078758,,1670.0,1440.0
1463994895978152734,955,1463994888966895374,,1680.0,1440.0
1463994895979751532,956,1463994888987170687,,1670.0,1440.0
1463994895981961266,957,1463994889007869436,,1665.0,1440.0
1463994895983438346,958,1463994889029859276,,1669.0,1440.0
1463994895985765423,959,1463994889048774124,,1673.0,1440.0
1463994895987281930,960,1463994889069507873,,1664.0,1440.0
1463994895988594479,961,1463994889089925008,,1672.0,1440.0
1463994895991071556,962,1463994889110009957,,1672.0,1440.0
1463994895992234678,963,1463994889130583498,,1677.0,1440.0
1463994895993732747,964,1463994889150935269,,1674.0,1440.0
1463994895995079618,965,1463994889172370110,,1665.0,1440.0
1463994895996426386,966,1463994889191280010,,1686.0,1440.0
1463994895997700393,967,1463994889211577822,,1669.0,1440.0
1463994895999753356,968,1463994889232452509,,1682.0,1440.0
1463994896001006374,969,1463994889250668035,,1702.0,1440.0
1463994896002401423,970,1463994889271855377,,1705.0,1440.0
1463994896004815218,971,1463994889292894906,,1675.0,1440.0
1463994896006174538,972,1463994889312993813,,1701.0,1440.0
1463994896007627295,973,1463994889334046885,,1678.0,1440.0
1463994896009687602,974,1463994889353186055,,1678.0,1440.0
1463994896011829732,975,1463994889371723091,,1706.0,1440.0
1463994896012364939,976,1463994889391091583,,1704.0,1440.0
1463994896013741498,977,1463994889411637624,,1687.0,1440.0
1463994896016053106,978,1463994889432867830,,1706.0,1440.0
1463994896017721540,979,1463994889452682051,,1663.0,1440.0
1463994896019317109,980,1463994889472806062,,1690.0,1440.0
1463994896020562887,981,1463994889491529660,,1685.0,1440.0
1463994896022068560,982,1463994889511134453,,1690.0,1440.0
1463994896024697564,983,1463994889530891695,,1690.0,1440.0
1463994896026182924,984,1463994889551276070,,1685.0,1440.0
1463994896028371877,985,1463994889572831900,,1685.0,1440.0
1463994896029924998,986,1463994889601685160,,1680.0,1440.0
1463994896031205047,987,1463994889623240261,,1680.0,1440.0
1463994896033359573,988,1463994889649857172,,1688.0,1440.0
1463994896035557484,989,1463994889674583411,,1698.0,1440.0
1463994896036944407,990,1463994889695738982,,1698.0,1440.0
1463994896038341487,991,1463994889715712994,,1679.0,1440.0
1463994896039770077,992,1463994889733970134,,1679.0,1440.0
1463994896041140959,993,1463994889755575600,,1736.0,1440.0
1463994896043287620,994,1463994889776446016,,1736.0,1440.0
1463994896044910064,995,1463994889795356592,,1685.0,1440.0
1463994896047034486,996,1463994889814981230,,1689.0,1440.0
1463994896048318180,997,1463994889837680495,,1675.0,1440.0
1463994896049570990,998,1463994889857447892,,1669.0,1440.0
1463994896051074788,999,1463994889878061225,,1691.0,1440.0
1463994896054073739,1000,1463994889894538579,,1677.0,1440.0
1463994896054808841,1001,1463994889913417280,,1685.0,1440.0
1463994896056962585,1002,1463994889934583997,,1701.0,1440.0
1463994896058450602,1003,1463994889955432590,,1701.0,1440.0
1463994896059635599,1004,1463994889976983212,,1684.0,1440.0
1463994896061881739,1005,1463994889994798323,,1679.0,1440.0
1463994896063135799,1006,1463994890014168534,,1677.0,1440.0
1463994896065328033,1007,1463994890032121561,,1684.0,1440.0
1463994896066760269,1008,1463994890055664990,,1697.0,1440.0
1463994896068966253,1009,1463994890074754056,,1689.0,1440.0
1463994896070078906,1010,1463994890094281037,,1686.0,1440.0
1463994896071552131,1011,1463994890113114843,,1686.0,1440.0
1463994896072993169,1012,1463994890137053689,,1709.0,1440.0
1463994896075255195,1013,1463994890158082281,,1685.0,1440.0
1463994896076898889,1014,1463994890178127073,,1677.0,1440.0
1463994896078374927,1015,1463994890197190931,,1687.0,1440.0
1463994896080620546,1016,1463994890214873802,,1685.0,1440.0
1463994896082139969,1017,1463994890232695528,,1685.0,1440.0
1463994896084367099,1018,1463994890254187817,,1678.0,1440.0
1463994896084993035,1019,1463994890273532038,,1678.0,1440.0
1463994896085044441,1020,1463994890291030483,,1678.0,1440.0
1463994896090682551,1021,1463994890311063921,,1685.0,1440.0
1463994896092165985,1022,1463994890332140795,,1685.0,1440.0
1463994896092469943,1023,1463994890355005007,,1685.0,1440.0
1463994896092556974,1024,1463994890376436879,,1692.0,1440.0
1463994896092599630,1025,1463994890395076519,,1686.0,1440.0
1463994896092936452,1026,1463994890414868135,,1685.0,1440.0
1463994896094008845,1027,1463994890433673087,,1685.0,1440.0
1463994896097365763,1028,1463994890456208447,,1692.0,1440.0
1463994896098496959,1029,1463994890476373135,,1692.0,1440.0
1463994896098549563,1030,1463994890496085324,,1684.0,1440.0
1463994896100826744,1031,1463994890517007823,,1693.0,1440.0
1463994896102095751,1032,1463994890540959949,,1694.0,1440.0
1463994896104515016,1033,1463994890559072351,,1681.0,1440.0
1463994896105975221,1034,1463994890579587142,,1615.0,1440.0
1463994896107580842,1035,1463994890599939434,,1690.0,1440.0
1463994896109675732,1036,1463994890620351309,,1694.0,1440.0
1463994896110995572,1037,1463994890644144008,,1702.0,1440.0
1463994896113212702,1038,1463994890666986606,,1694.0,1440.0
1463994896114132908,1039,1463994890686352599,,1706.0,1440.0
1463994896114819469,1040,1463994890719942773,,1702.0,1440.0
1463994896117086703,1041,1463994890748454940,,1693.0,1440.0
1463994896117409671,1042,1463994890772875867,,1680.0,1440.0
1463994896118776021,1043,1463994890795669038,,1697.0,1440.0
1463994896120030862,1044,1463994890816934869,,1697.0,1440.0
1463994896122077055,1045,1463994890842317409,,1698.0,1440.0
1463994896123598926,1046,1463994890865996671,,1689.0,1440.0
1463994896125881889,1047,1463994890887235523,,1730.0,1440.0
1463994896127185739,1048,1463994890907135837,,1730.0,1440.0
1463994896128610163,1049,1463994890928630417,,1720.0,1440.0
1463994896128667246,1050,1463994890961247574,,1718.0,1440.0
1463994896130055003,1051,1463994890983697673,,1713.0,1440.0
1463994896132198487,1052,1463994891004900379,,1707.0,1440.0
1463994896133547546,1053,1463994891026459491,,1710.0,1440.0
1463994896136810194,1054,1463994891047200063,,1705.0,1440.0
1463994896137420140,1055,1463994891063728302,,1768.0,1440.0
1463994896139693208,1056,1463994891084735279,,1768.0,1440.0
1463994896140907996,1057,1463994891105103196,,1712.0,1440.0
1463994896142332576,1058,1463994891125889862,,1717.0,1440.0
1463994896143784551,1059,1463994891144916532,,1710.0,1440.0
1463994896146309128,1060,1463994891166400956,,1711.0,1440.0
1463994896146835429,1061,1463994891186564707,,1711.0,1440.0
1463994896146887356,1062,1463994891206113199,,1719.0,1440.0
1463994896148933444,1063,1463994891227191478,,1709.0,1440.0
1463994896150405524,1064,1463994891247723196,,1709.0,1440.0
1463994896152527550,1065,1463994891267539344,,1726.0,1440.0
1463994896153807078,1066,1463994891287256168,,1713.0,1440.0
1463994896155363584,1067,1463994891307109764,,1713.0,1440.0
1463994896156747122,1068,1463994891327319972,,1704.0,1440.0
1463994896158012119,1069,1463994891347813618,,1718.0,1440.0
1463994896160109405,1070,1463994891368218878,,1727.0,1440.0
1463994896160363780,1071,1463994891388140963,,1729.0,1440.0
1463994896160406332,1072,1463994891408836066,,1714.0,1440.0
1463994896162489503,1073,1463994891430601844,,1712.0,1440.0
1463994896163903771,1074,1463994891449854764,,1712.0,1440.0
1463994896165674183,1075,1463994891470041066,,1713.0,1440.0
1463994896167937510,1076,1463994891489831276,,1713.0,1440.0
1463994896169261465,1077,1463994891510232474,,1709.0,1440.0
1463994896170728962,1078,1463994891534521839,,1764.0,1440.0
1463994896172137916,1079,1463994891555064078,,1704.0,1440.0
1463994896174346348,1080,1463994891576673398,,1706.0,1440.0
1463994896176700613,1081,1463994891597402877,,1715.0,1440.0
1463994896176754519,1082,1463994891617247774,,1715.0,1440.0
1463994896178165088,1083,1463994891637454753,,1723.0,1440.0
1463994896179373471,1084,1463994891657898139,,1731.0,1440.0
1463994896181644767,1085,1463994891679151418,,1731.0,1440.0
1463994896182763150,1086,1463994891696790956,,1733.0,1440.0
1463994896184113042,1087,1463994891718920535,,1733.0,1440.0
1463994896186477099,1088,1463994891735787992,,1740.0,1440.0
1463994896187755272,1089,1463994891756212159,,1733.0,1440.0
1463994896189045425,1090,1463994891775583567,,1733.0,1440.0
1463994896190539901,1091,1463994891795997422,,1709.0,1440.0
1463994896191627294,1092,1463994891815438049,,1727.0,1440.0
1463994896192655885,1093,1463994891836196902,,1709.0,1440.0
1463994896194137079,1094,1463994891857040391,,1715.0,1440.0
1463994896196762124,1095,1463994891877751432,,1706.0,1440.0
1463994896198080715,1096,1463994891897811901,,1723.0,1440.0
1463994896199464670,1097,1463994891921135071,,1716.0,1440.0
1463994896200953364,1098,1463994891940497782,,1709.0,1440.0
1463994896203291899,1099,1463994891958765444,,1707.0,1440.0
1463994896205653091,1100,1463994891979550755,,1717.0,1440.0
1463994896207073296,1101,1463994891999849037,,1717.0,1440.0
1463994896208579959,1102,1463994892019841538,,1711.0,1440.0
1463994896208782302,1103,1463994892040648203,,1720.0,1440.0
1463994896211006775,1104,1463994892061161224,,1729.0,1440.0
1463994896212360418,1105,1463994892082298566,,1732.0,1440.0
1463994896213653852,1106,1463994892101847422,,1733.0,1440.0
1463994896215607857,1107,1463994892119970553,,1729.0,1440.0
1463994896216783115,1108,1463994892144166689,,1740.0,1440.0
1463994896218367538,1109,1463994892162359403,,1733.0,1440.0
1463994896219789826,1110,1463994892196075879,,1732.0,1440.0
1463994896221272010,1111,1463994892222677791,,1733.0,1440.0
1463994896223451067,1112,1463994892243079353,,1733.0,1440.0
1463994896224290023,1113,1463994892266217575,,1721.0,1440.0
1463994896224823876,1114,1463994892285398516,,1735.0,1440.0
1463994896226917412,1115,1463994892319520564,,1753.0,1440.0
1463994896228241106,1116,1463994892348205751,,1740.0,1440.0
1463994896229689905,1117,1463994892380774054,,1723.0,1440.0
1463994896230899589,1118,1463994892403753943,,1733.0,1440.0
1463994896232072243,1119,1463994892422487072,,1733.0,1440.0
1463994896233515781,1120,1463994892442510771,,1739.0,1440.0
1463994896235701296,1121,1463994892462361710,,1739.0,1440.0
1463994896236774106,1122,1463994892479753228,,1617.0,1440.0
1463994896239964774,1123,1463994892495395323,,1739.0,1440.0
1463994896241221855,1124,1463994892515735376,,1738.0,1440.0
1463994896242685861,1125,1463994892535497200,,1738.0,1440.0
1463994896244059087,1126,1463994892554705745,,1732.0,1440.0
1463994896246396737,1127,1463994892574890068,,1738.0,1440.0
1463994896247494026,1128,1463994892594095384,,1738.0,1440.0
1463994896248700846,1129,1463994892614458457,,1738.0,1440.0
1463994896249953968,1130,1463994892635234810,,1738.0,1440.0
1463994896251359433,1131,1463994892655582519,,1726.0,1440.0
1463994896254971299,1132,1463994892676531892,,1745.0,1440.0
1463994896255027913,1133,1463994892696105540,,1734.0,1440.0
1463994896256119837,1134,1463994892717468194,,1733.0,1440.0
1463994896257368949,1135,1463994892733782736,,1717.0,1440.0
1463994896258548529,1136,1463994892753754768,,1730.0,1440.0
1463994896259760922,1137,1463994892773101125,,1741.0,1440.0
1463994896260949877,1138,1463994892791107121,,1728.0,1440.0
1463994896262332999,1139,1463994892811158371,,1728.0,1440.0
1463994896264424347,1140,1463994892830598478,,1773.0,1440.0
1463994896265027835,1141,1463994892849987231,,1738.0,1440.0
1463994896265342418,1142,1463994892875164041,,1738.0,1440.0
1463994896265631532,1143,1463994892894501180,,1722.0,1440.0
1463994896265914812,1144,1463994892913870870,,1745.0,1440.0
1463994896268229077,1145,1463994892932857436,,1748.0,1440.0
1463994896270372666,1146,1463994892952524417,,1744.0,1440.0
1463994896272638441,1147,1463994892971740618,,1744.0,1440.0
1463994896273879063,1148,1463994892988505315,,1738.0,1440.0
1463994896276593952,1149,1463994893008377660,,1757.0,1440.0
1463994896276661556,1150,1463994893026379593,,1750.0,1440.0
1463994896279044987,1151,1463994893045993657,,1750.0,1440.0
1463994896281499408,1152,1463994893072190934,,1754.0,1440.0
1463994896282252844,1153,1463994893093888223,,1760.0,1440.0
1463994896283870808,1154,1463994893112429061,,1750.0,1440.0
1463994896287314914,1155,1463994893130055005,,1755.0,1440.0
1463994896288862150,1156,1463994893150411724,,1757.0,1440.0
1463994896291122665,1157,1463994893168701157,,1749.0,1440.0
1463994896292546828,1158,1463994893187981264,,1750.0,1440.0
1463994896295465102,1159,1463994893203834504,,1750.0,1440.0
1463994896297044473,1160,1463994893230011781,,1757.0,1440.0
1463994896299255248,1161,1463994893253408597,,1765.0,1440.0
1463994896300668057,1162,1463994893275956039,,1755.0,1440.0
1463994896303984142,1163,1463994893294732970,,1761.0,1440.0
1463994896304603047,1164,1463994893313755265,,1762.0,1440.0
1463994896304672838,1165,1463994893334536671,,1762.0,1440.0
1463994896308622933,1166,1463994893355230993,,1769.0,1440.0
1463994896309008609,1167,1463994893375610472,,1740.0,1440.0
1463994896309239754,1168,1463994893395008391,,1733.0,1440.0
1463994896311377144,1169,1463994893413911416,,1720.0,1440.0
1463994896312690735,1170,1463994893430402051,,1717.0,1440.0
1463994896314120887,1171,1463994893446960238,,1727.0,1440.0
1463994896316456246,1172,1463994893465233629,,1714.0,1440.0
1463994896318785250,1173,1463994893489957576,,1714.0,1440.0
1463994896320340611,1174,1463994893513586891,,1679.0,1440.0
1463994896321241338,1175,1463994893536547145,,1645.0,1440.0
1463994896323191333,1176,1463994893556544125,,1653.0,1440.0
1463994896323252426,1177,1463994893579322452,,1653.0,1440.0
1463994896325010339,1178,1463994893600331148,,1641.0,1440.0
1463994896326532626,1179,1463994893621230158,,1630.0,1440.0
1463994896329545952,1180,1463994893643248955,,1614.0,1440.0
1463994896331180219,1181,1463994893663967288,,1563.0,1440.0
1463994896333562348,1182,1463994893683802342,,1558.0,1440.0
1463994896336076769,1183,1463994893703951353,,1558.0,1440.0
1463994896338046503,1184,1463994893733161018,,1569.0,1440.0
1463994896340367227,1185,1463994893759133816,,1555.0,1440.0
1463994896340423737,1186,1463994893779642045,,1555.0,1440.0
1463994896341678682,1187,1463994893800052513,,1497.0,1440.0
1463994896344036071,1188,1463994893820250899,,1495.0,1440.0
1463994896346986272,1189,1463994893841331210,,1494.0,1440.0
1463994896348583924,1190,1463994893861961783,,1501.0,1440.0
1463994896350663763,1191,1463994893882205898,,1491.0,1440.0
1463994896352055113,1192,1463994893901146214,,1509.0,1440.0
1463994896354141879,1193,1463994893921434808,,1500.0,1440.0
1463994896355531823,1194,1463994893940016271,,1501.0,1440.0
1463994896356913382,1195,1463994893961422831,,1501.0,1440.0
1463994896359131710,1196,1463994893979920179,,1501.0,1440.0
1463994896359192699,1197,1463994894006685163,,1512.0,1440.0
1463994896360374623,1198,1463994894026020322,,1493.0,1440.0
1463994896361776026,1199,1463994894048446359,,1503.0,1440.0
1463994896363857792,1200,1463994894067899486,,1503.0,1440.0
1463994896365672579,1201,1463994894087884175,,1492.0,1440.0
1463994896368000437,1202,1463994894106315690,,1501.0,1440.0
1463994896371188971,1203,1463994894127156783,,1505.0,1440.0
1463994896371801730,1204,1463994894147925115,,1494.0,1440.0
1463994896374009797,1205,1463994894172087605,,1493.0,1440.0
1463994896375392085,1206,1463994894192843021,,1501.0,1440.0
1463994896376670623,1207,1463994894213562395,,1494.0,1440.0
1463994896376722082,1208,1463994894237225043,,1493.0,1440.0
1463994896379043065,1209,1463994894258953998,,1492.0,1440.0
1463994896380337229,1210,1463994894279360404,,1493.0,1440.0
1463994896382576129,1211,1463994894302285086,,1501.0,1440.0
1463994896383930449,1212,1463994894324078884,,1470.0,1440.0
1463994896386085287,1213,1463994894347623772,,1470.0,1440.0
1463994896388228250,1214,1463994894369133561,,1501.0,1440.0
1463994896390496317,1215,1463994894391108348,,1490.0,1440.0
1463994896392608812,1216,1463994894412039284,,1493.0,1440.0
1463994896393109956,1217,1463994894433098189,,1501.0,1440.0
1463994896393154331,1218,1463994894455988651,,1493.0,1440.0
1463994896396987811,1219,1463994894477118077,,1496.0,1440.0
1463994896397064061,1220,1463994894497722660,,1490.0,1440.0
1463994896397144582,1221,1463994894519958280,,1490.0,1440.0
1463994896397190519,1222,1463994894542283223,,1487.0,1440.0
1463994896397235571,1223,1463994894565810767,,1500.0,1440.0
1463994896397272498,1224,1463994894587878367,,1494.0,1440.0
1463994896400022491,1225,1463994894611242161,,1494.0,1440.0
1463994896401348008,1226,1463994894636503295,,1477.0,1440.0
1463994896402480193,1227,1463994894659519017,,1495.0,1440.0
1463994896402696026,1228,1463994894681282608,,1493.0,1440.0
1463994896405140238,1229,1463994894701699951,,1493.0,1440.0
1463994896406246746,1230,1463994894729120871,,1494.0,1440.0
1463994896406332631,1231,1463994894751342272,,1494.0,1440.0
1463994896406519714,1232,1463994894773359143,,1493.0,1440.0
1463994896406585026,1233,1463994894796433980,,1497.0,1440.0
1463994896407478774,1234,1463994894817522520,,1493.0,1440.0
1463994896410000330,1235,1463994894839534339,,1493.0,1440.0
1463994896413949174,1236,1463994894866766144,,1493.0,1440.0
1463994896413999695,1237,1463994894891866810,,1493.0,1440.0
1463994896414039434,1238,1463994894913675296,,1493.0,1440.0
1463994896414077611,1239,1463994894936752737,,1493.0,1440.0
1463994896416734636,1240,1463994894959736740,,1540.0,1440.0
1463994896417064270,1241,1463994894981361269,,1494.0,1440.0
1463994896418459840,1242,1463994895001947935,,1494.0,1440.0
1463994896421001344,1243,1463994895023721785,,1493.0,1440.0
1463994896422375246,1244,1463994895048305369,,1493.0,1440.0
1463994896423825920,1245,1463994895068880056,,1501.0,1440.0
1463994896425522478,1246,1463994895090517657,,1493.0,1440.0
1463994896428819292,1247,1463994895112477757,,1494.0,1440.0
1463994896429005125,1248,1463994895133562963,,1494.0,1440.0
1463994896429048198,1249,1463994895156940820,,1494.0,1440.0
1463994896431421213,1250,1463994895179127639,,1494.0,1440.0
1463994896431505431,1251,1463994895199732742,,1494.0,1440.0
1463994896432970376,1252,1463994895221651072,,1494.0,1440.0
1463994896438509476,1253,1463994895245270907,,1494.0,1440.0
1463994896443562067,1254,1463994895267077466,,1493.0,1440.0
1463994896446956225,1255,1463994895289084285,,1488.0,1440.0
1463994896447081433,1256,1463994895310931000,,1488.0,1440.0
1463994896447292006,1257,1463994895336586456,,1493.0,1440.0
1463994896448486898,1258,1463994895358276713,,1494.0,1440.0
1463994896448820127,1259,1463994895379663533,,1494.0,1440.0
1463994896451202048,1260,1463994895399956138,,1487.0,1440.0
1463994896451259860,1261,1463994895421730405,,1493.0,1440.0
1463994896451590120,1262,1463994895443303579,,1493.0,1440.0
1463994896452212201,1263,1463994895465290971,,1493.0,1440.0
1463994896452495794,1264,1463994895488168933,,1493.0,1440.0
1463994896453911520,1265,1463994895510331533,,1482.0,1440.0
1463994896454498758,1266,1463994895532048404,,1493.0,1440.0
1463994896454553029,1267,1463994895555840115,,1492.0,1440.0
1463994896454592352,1268,1463994895577821413,,1494.0,1440.0
1463994896454883757,1269,1463994895599894898,,1493.0,1440.0
1463994896455143704,1270,1463994895619956618,,1494.0,1440.0
1463994896455400995,1271,1463994895641984999,,1493.0,1440.0
1463994896458797445,1272,1463994895665140252,,1494.0,1440.0
1463994896459199267,1273,1463994895686284573,,1493.0,1440.0
1463994896459254944,1274,1463994895708626027,,1493.0,1440.0
1463994896459361506,1275,1463994895731483156,,1493.0,1440.0
1463994896460716659,1276,1463994895753221225,,1494.0,1440.0
1463994896461034366,1277,1463994895773190393,,1491.0,1440.0
1463994896461293064,1278,1463994895793921694,,1493.0,1440.0
1463994896463802120,1279,1463994895820186471,,1494.0,1440.0
1463994896465638000,1280,1463994895845727708,,1493.0,1440.0
1463994896465706698,1281,1463994895878450958,,1494.0,1440.0
1463994896468276379,1282,1463994895901406055,,1493.0,1440.0
1463994896468596483,1283,1463994895925009381,,1494.0,1440.0
1463994896469447210,1284,1463994895950404680,,1493.0,1440.0
1463994896469510699,1285,1463994895982665848,,1493.0,1440.0
1463994896469553407,1286,1463994896005240530,,1493.0,1440.0
1463994896471263976,1287,1463994896027854639,,1494.0,1440.0
1463994896472641160,1288,1463994896050421248,,1493.0,1440.0
1463994896472930690,1289,1463994896076871805,,1494.0,1440.0
1463994896473262356,1290,1463994896101701534,,1494.0,1440.0
1463994896473471678,1291,1463994896122052471,,1494.0,1440.0
1463994896476025995,1292,1463994896145840744,,1493.0,1440.0
1463994896476083443,1293,1463994896171434116,,1494.0,1440.0
1463994896476323390,1294,1463994896193099113,,1493.0,1440.0
1463994896476388702,1295,1463994896216620199,,1493.0,1440.0
1463994896477524533,1296,1463994896237115094,,1493.0,1440.0
1463994896479045310,1297,1463994896253102293,,1493.0,1440.0
1463994896479411820,1298,1463994896275593746,,1493.0,1440.0
1463994896479675360,1299,1463994896297329159,,1493.0,1440.0
1463994896479979162,1300,1463994896319082437,,1493.0,1440.0
1463994896480023953,1301,1463994896341957170,,1493.0,1440.0
1463994896480243744,1302,1463994896362901492,,1493.0,1440.0
1463994896481208430,1303,1463994896388370229,,1493.0,1440.0
1463994896481263638,1304,1463994896410024445,,1493.0,1440.0
1463994896482722280,1305,1463994896431349442,,1494.0,1440.0
1463994896483799412,1306,1463994896453174543,,1493.0,1440.0
1463994896483932225,1307,1463994896478564686,,1493.0,1440.0
1463994901589725964,1308,1463994896503370248,,1494.0,1440.0
1463994901675019652,1442,1463994899467669921,,1493.0,1440.0
1463994901675741213,1443,1463994899489459449,,1493.0,1440.0
1463994901677517719,1444,1463994899508507629,,1494.0,1440.0
1463994901677601416,1445,1463994899529006431,,1493.0,1440.0
1463994901677678864,1446,1463994899548463100,,1493.0,1440.0
1463994901677714697,1447,1463994899572788924,,1494.0,1440.0
1463994901677750479,1448,1463994899594747409,,1494.0,1440.0
1463994901677879384,1449,1463994899616877978,,1493.0,1440.0
1463994901677915114,1450,1463994899637232561,,1493.0,1440.0
1463994901677951520,1451,1463994899658371205,,1493.0,1440.0
1463994901678064384,1452,1463994899680066046,,1493.0,1440.0
1463994901678147196,1453,1463994899702572186,,1493.0,1440.0
1463994901678180842,1454,1463994899728099569,,1493.0,1440.0
1463994901678284540,1455,1463994899749663368,,1493.0,1440.0
1463994901678335633,1456,1463994899771004980,,1494.0,1440.0
1463994901678424696,1457,1463994899792793102,,1494.0,1440.0
1463994901678460268,1458,1463994899813760132,,1494.0,1440.0
1463994901678493914,1459,1463994899836012627,,1493.0,1440.0
1463994901678573758,1460,1463994899857954133,,1493.0,1440.0
1463994901708177953,1461,1463994899879347620,,1493.0,1440.0
1463994901708238422,1462,1463994899900347879,,1493.0,1440.0
1463994901708279099,1463,1463994899922251626,,1493.0,1440.0
1463994901708313317,1464,1463994899939285957,,1494.0,1440.0
1463994901708348005,1465,1463994899960100175,,1494.0,1440.0
1463994901708395140,1466,1463994899979859968,,1493.0,1440.0
1463994901709647220,1467,1463994900001353663,,1493.0,1440.0
1463994901709862063,1468,1463994900020849395,,1494.0,1440.0
1463994901709911594,1469,1463994900041898299,,1493.0,1440.0
1463994901709951282,1470,1463994900063692775,,1493.0,1440.0
1463994901709990605,1471,1463994900083125121,,1494.0,1440.0
1463994901710025500,1472,1463994900106307666,,1494.0,1440.0
1463994901710060292,1473,1463994900128360058,,1493.0,1440.0
1463994901710094927,1474,1463994900148014591,,1493.0,1440.0
1463994901710131646,1475,1463994900171120678,,1494.0,1440.0
1463994901710209667,1476,1463994900193531871,,1494.0,1440.0
1463994901710249458,1477,1463994900216577281,,1493.0,1440.0
1463994901710283729,1478,1463994900237236499,,1493.0,1440.0
1463994901710318625,1479,1463994900259359099,,1493.0,1440.0
1463994901710354145,1480,1463994900281119408,,1493.0,1440.0
1463994901710386906,1481,1463994900300430192,,1493.0,1440.0
1463994901710420447,1482,1463994900321144305,,1494.0,1440.0
1463994901713159346,1483,1463994900342336751,,1494.0,1440.0
1463994901713215180,1484,1463994900361988055,,1493.0,1440.0
1463994901713254711,1485,1463994900383205710,,1493.0,1440.0
1463994901713288669,1486,1463994900402394879,,1494.0,1440.0
1463994901713323721,1487,1463994900422370349,,1494.0,1440.0
1463994901713356013,1488,1463994900441694571,,1494.0,1440.0
1463994901713402523,1489,1463994900463711494,,1494.0,1440.0
1463994901713434190,1490,1463994900482105249,,1494.0,1440.0
1463994901713469346,1491,1463994900500106817,,1494.0,1440.0
1463994901713501898,1492,1463994900523236706,,1494.0,1440.0
1463994901713535700,1493,1463994900544948213,,1493.0,1440.0
1463994901713570335,1494,1463994900568572684,,1494.0,1440.0
1463994901713616116,1495,1463994900590889659,,1494.0,1440.0
1463994901713654085,1496,1463994900613003456,,1493.0,1440.0
1463994901713688147,1497,1463994900635727513,,1493.0,1440.0
1463994901720647921,1498,1463994900656991209,,1494.0,1440.0
1463994901720706046,1499,1463994900678701882,,1494.0,1440.0
1463994901720749483,1500,1463994900700604952,,1493.0,1440.0
1463994901720783806,1501,1463994900722868645,,1494.0,1440.0
1463994901720819327,1502,1463994900745769472,,1494.0,1440.0
1463994901720849379,1503,1463994900767898426,,1505.0,1440.0
1463994901720879223,1504,1463994900789821078,,1505.0,1440.0
1463994901720911879,1505,1463994900810740087,,1505.0,1440.0
1463994901720944639,1506,1463994900832324720,,1505.0,1440.0
1463994901720978337,1507,1463994900855266901,,1506.0,1440.0
1463994901721009066,1508,1463994900881084803,,1505.0,1440.0
1463994901721041045,1509,1463994900905599168,,1505.0,1440.0
1463994901721072035,1510,1463994900926198282,,1505.0,1440.0
1463994901721109535,1511,1463994900948703537,,1505.0,1440.0
1463994901721146409,1512,1463994900968036196,,1506.0,1440.0
1463994901721183961,1513,1463994900990685097,,1505.0,1440.0
1463994901721213388,1514,1463994901010133380,,1505.0,1440.0
1463994901721252815,1515,1463994901030238485,,1505.0,1440.0
1463994901721281826,1516,1463994901051478275,,1505.0,1440.0
1463994901721319742,1517,1463994901073415667,,1505.0,1440.0
1463994901721350159,1518,1463994901096216546,,1505.0,1440.0
1463994901721379169,1519,1463994901117647845,,1505.0,1440.0
1463994901721409638,1520,1463994901138769562,,1505.0,1440.0
1463994901721437763,1521,1463994901161909660,,1505.0,1440.0
1463994901721468440,1522,1463994901183032783,,1505.0,1440.0
1463994901721505940,1523,1463994901207207929,,1506.0,1440.0
1463994901721539690,1524,1463994901227551732,,1505.0,1440.0
1463994901721573804,1525,1463994901250798026,,1505.0,1440.0
1463994901721602867,1526,1463994901273556562,,1505.0,1440.0
1463994901721637919,1527,1463994901296847128,,1505.0,1440.0
1463994901721670419,1528,1463994901317672543,,1505.0,1440.0
1463994901721702450,1529,1463994901339609571,,1505.0,1440.0
1463994901721844064,1530,1463994901360894152,,1505.0,1440.0
1463994901721920314,1531,1463994901383083783,,1505.0,1440.0
1463994901722000730,1532,1463994901407850490,,1505.0,1440.0
1463994901725835772,1533,1463994901429880226,,1505.0,1440.0
1463994901743474321,1534,1463994901451511629,,1505.0,1440.0
1463994901744953172,1535,1463994901472650637,,1505.0,1440.0
1463994901746095304,1536,1463994901495074851,,1505.0,1440.0
1463994901756500746,1537,1463994901516664744,,1505.0,1440.0
1463994901756628506,1538,1463994901538028075,,1505.0,1440.0
1463994901756679183,1539,1463994901559344739,,1505.0,1440.0
1463994901757924649,1540,1463994901577869744,,1505.0,1440.0
1463994901758328971,1541,1463994901595556105,,1505.0,1440.0
