%time,field.header.seq,field.header.stamp,field.header.frame_id,field.temperature,field.variance
1463935176555446164,303,1463935176552859508,,0.0,4.92000007629
1463935176590794346,304,1463935176578884032,,0.0,4.92000007629
1463935176615387939,305,1463935176607244015,,0.0,4.92000007629
1463935176628482831,306,1463935176625610135,,0.0,4.80000019073
1463935176645252863,307,1463935176642150793,,0.0,4.80000019073
1463935176689009499,308,1463935176670924368,,0.0,4.80000019073
1463935176767288435,309,1463935176697560035,,0.0,4.80000019073
1463935176773750908,310,1463935176722519095,,0.0,4.92000007629
1463935176774155177,311,1463935176748208986,,0.0,4.92000007629
1463935176811377778,312,1463935176776435532,,0.0,4.92000007629
1463935176811415017,313,1463935176799382777,,0.0,4.92000007629
1463935176833140185,314,1463935176826955889,,0.0,4.92000007629
1463935176862703704,315,1463935176858763200,,0.0,4.92000007629
1463935176876299532,316,1463935176874009594,,0.0,4.80000019073
1463935176889999681,317,1463935176886695164,,0.0,4.80000019073
1463935176966115762,318,1463935176909369182,,0.0,4.80000019073
1463935176966532167,319,1463935176937375364,,0.0,4.80000019073
1463935176983274074,320,1463935176976812904,,0.0,4.92000007629
1463935177037785612,321,1463935176999154788,,0.0,4.80000019073
1463935177038776077,322,1463935177019320743,,0.0,4.80000019073
1463935177058288545,323,1463935177037715821,,0.0,4.92000007629
1463935177099955242,324,1463935177069918131,,0.0,4.92000007629
1463935177100536750,325,1463935177085066556,,0.0,4.92000007629
1463935177123240299,326,1463935177116846160,,0.0,4.92000007629
1463935177176245853,327,1463935177162635339,,0.0,4.92000007629
1463935177184160090,328,1463935177178751989,,0.0,4.92000007629
1463935177202617824,329,1463935177193669633,,0.0,4.80000019073
1463935177246838677,330,1463935177226390535,,0.0,4.80000019073
1463935177247075863,331,1463935177240257976,,0.0,4.80000019073
1463935177269386653,332,1463935177252013655,,0.0,4.92000007629
1463935177298021947,333,1463935177272551119,,0.0,4.92000007629
1463935177298492518,334,1463935177291994473,,0.0,4.92000007629
1463935177326313129,335,1463935177317068168,,0.0,4.92000007629
1463935177340933951,336,1463935177331813418,,0.0,4.80000019073
1463935177357673307,337,1463935177352007706,,0.0,4.92000007629
1463935177410049385,338,1463935177393028156,,0.0,4.80000019073
1463935177439974570,339,1463935177416825398,,0.0,4.80000019073
1463935177447254070,340,1463935177441510501,,0.0,4.80000019073
1463935177500614623,341,1463935177465138004,,0.0,4.80000019073
1463935177504933302,342,1463935177485478594,,0.0,4.92000007629
1463935177517288562,343,1463935177511529785,,0.0,4.80000019073
1463935177543707199,344,1463935177533402347,,0.0,4.92000007629
1463935177557836722,345,1463935177554896943,,0.0,4.92000007629
1463935177587556803,346,1463935177575346387,,0.0,4.92000007629
1463935177606103964,347,1463935177597785041,,0.0,4.92000007629
1463935177627024968,348,1463935177618508233,,0.0,4.80000019073
1463935177642695213,349,1463935177639990485,,0.0,4.80000019073
1463935177661202166,350,1463935177655942709,,0.0,4.80000019073
1463935177682369731,351,1463935177678999277,,0.0,4.80000019073
1463935177704377241,352,1463935177700524497,,0.0,5.15999984741
1463935177742429787,353,1463935177721874042,,0.0,4.92000007629
1463935177793282434,354,1463935177742783744,,0.0,4.80000019073
1463935177795046020,355,1463935177762482201,,0.0,4.80000019073
1463935177795116697,356,1463935177783350602,,0.0,4.80000019073
1463935177807488571,357,1463935177801590784,,0.0,4.92000007629
1463935177886691358,358,1463935177820238465,,0.0,4.92000007629
1463935177886730420,359,1463935177829044677,,0.0,4.92000007629
1463935177887181876,360,1463935177855376283,,0.0,4.92000007629
1463935177887437188,361,1463935177868827007,,0.0,4.92000007629
1463935177887846978,362,1463935177881106173,,0.0,4.80000019073
1463935177928248940,363,1463935177906446690,,0.0,4.80000019073
1463935177928285399,364,1463935177914447645,,0.0,4.92000007629
1463935177961950046,365,1463935177935254796,,0.0,4.92000007629
1463935177962126660,366,1463935177958764122,,0.0,4.92000007629
1463935177979419190,367,1463935177974157025,,0.0,4.92000007629
1463935178005323663,368,1463935177995045269,,0.0,4.92000007629
1463935178018986313,369,1463935178015370026,,0.0,4.80000019073
1463935178048141084,370,1463935178040014765,,0.0,4.80000019073
1463935178082652759,371,1463935178068314227,,0.0,4.92000007629
1463935178088038049,372,1463935178085588476,,0.0,4.80000019073
1463935178144952858,373,1463935178114381478,,0.0,4.80000019073
1463935178146971807,374,1463935178134042279,,0.0,4.80000019073
1463935178319019666,375,1463935178155046304,,0.0,4.80000019073
1463935178319460028,376,1463935178175347259,,0.0,4.80000019073
1463935178319786954,377,1463935178194991290,,0.0,4.80000019073
1463935178321604550,378,1463935178215621358,,0.0,4.80000019073
1463935178322794806,379,1463935178235634397,,0.0,4.80000019073
1463935178324788339,380,1463935178254163328,,0.0,4.92000007629
1463935178325525054,381,1463935178274097201,,0.0,4.80000019073
1463935178327876034,382,1463935178293730815,,0.0,4.92000007629
1463935178328184939,383,1463935178315586087,,0.0,4.80000019073
1463935178879035084,384,1463935178337288442,,0.0,4.80000019073
1463935178879323833,385,1463935178358152623,,0.0,4.80000019073
1463935178881857155,386,1463935178376254421,,0.0,4.80000019073
1463935178882286580,387,1463935178397961516,,0.0,4.80000019073
1463935178882619339,388,1463935178417985284,,0.0,4.92000007629
1463935178884304853,389,1463935178440954092,,0.0,4.80000019073
1463935178884692039,390,1463935178463009258,,0.0,4.80000019073
1463935178885004069,391,1463935178482721622,,0.0,4.80000019073
1463935178885303234,392,1463935178507378912,,0.0,4.80000019073
1463935178885597295,393,1463935178528055386,,0.0,4.80000019073
1463935178885907398,394,1463935178549868522,,0.0,4.80000019073
1463935178886179741,395,1463935178569707448,,0.0,4.92000007629
1463935178886460729,396,1463935178592601308,,0.0,4.92000007629
1463935178886730468,397,1463935178612556900,,0.0,4.92000007629
1463935178888450460,398,1463935178631994890,,0.0,4.80000019073
1463935178890452847,399,1463935178650827934,,0.0,4.80000019073
1463935178890858731,400,1463935178668875461,,0.0,4.80000019073
1463935178891193105,401,1463935178689425842,,0.0,4.92000007629
1463935178892917524,402,1463935178712054131,,0.0,4.92000007629
1463935178893320544,403,1463935178729195516,,0.0,4.80000019073
1463935178893616532,404,1463935178752164220,,0.0,4.80000019073
1463935178893901635,405,1463935178772241270,,0.0,4.80000019073
1463935178895489232,406,1463935178794536330,,0.0,4.92000007629
1463935178895790585,407,1463935178811782507,,0.0,4.92000007629
1463935178897145006,408,1463935178833633611,,0.0,4.80000019073
1463935178897488130,409,1463935178855702475,,0.0,4.80000019073
1463935178899239112,410,1463935178884024542,,0.0,4.80000019073
1463935179058694784,411,1463935178911639528,,0.0,4.92000007629
1463935179058985669,412,1463935178938768422,,0.0,4.92000007629
1463935179059264417,413,1463935178967365123,,0.0,4.92000007629
1463935179059571864,414,1463935178996636769,,0.0,4.80000019073
1463935179060207590,415,1463935179025101959,,0.0,4.80000019073
1463935179060636912,416,1463935179053962148,,0.0,4.92000007629
1463935179622195292,417,1463935179078518398,,0.0,4.80000019073
1463935179622275864,418,1463935179103464437,,0.0,4.92000007629
1463935179622579613,419,1463935179129448024,,0.0,4.92000007629
1463935179622877164,420,1463935179156467023,,0.0,4.92000007629
1463935179622943257,421,1463935179179715152,,0.0,4.80000019073
1463935179623001070,422,1463935179207031911,,0.0,4.92000007629
1463935179623043101,423,1463935179234135128,,0.0,4.92000007629
1463935179623098517,424,1463935179260384964,,0.0,4.80000019073
1463935179623153673,425,1463935179287397817,,0.0,4.80000019073
1463935179623196173,426,1463935179314159421,,0.0,4.92000007629
1463935179623229715,427,1463935179343473202,,0.0,4.92000007629
1463935179623455547,428,1463935179375058484,,0.0,4.92000007629
1463935179623503099,429,1463935179403848725,,0.0,4.80000019073
1463935179623782993,430,1463935179429411585,,0.0,4.80000019073
1463935179623847941,431,1463935179458756251,,0.0,4.80000019073
1463935179625486111,432,1463935179486106134,,0.0,4.92000007629
1463935179625538559,433,1463935179515911684,,0.0,4.80000019073
1463935179625577465,434,1463935179527329187,,0.0,4.92000007629
1463935179625864391,435,1463935179547546392,,0.0,4.80000019073
1463935179626132098,436,1463935179608205508,,0.0,4.92000007629
1463935179681943839,437,1463935179674885640,,0.0,4.80000019073
1463935179723933190,438,1463935179701206204,,0.0,4.80000019073
1463935179724366678,439,1463935179721684971,,0.0,4.80000019073
1463935179762457036,440,1463935179741701708,,0.0,4.92000007629
1463935179770042941,441,1463935179766487540,,0.0,4.80000019073
1463935179791092018,442,1463935179788647914,,0.0,4.92000007629
1463935179811334744,443,1463935179808453194,,0.0,4.92000007629
1463935179853062326,444,1463935179827773632,,0.0,4.92000007629
1463935179853535657,445,1463935179848676824,,0.0,4.80000019073
1463935179872176775,446,1463935179869253350,,0.0,4.80000019073
1463935179896066517,447,1463935179893662465,,0.0,4.80000019073
1463935179918137204,448,1463935179914913988,,0.0,4.92000007629
1463935179971375987,449,1463935179936645198,,0.0,4.80000019073
1463935179971754006,450,1463935179958066252,,0.0,5.03999996185
1463935180020948483,451,1463935179978439446,,0.0,4.80000019073
1463935180021422439,452,1463935179999532585,,0.0,4.92000007629
1463935180024876331,453,1463935180021180617,,0.0,4.80000019073
1463935180057192078,454,1463935180039859548,,0.0,4.80000019073
1463935180067242139,455,1463935180060573939,,0.0,4.80000019073
1463935180094790094,456,1463935180082353793,,0.0,4.80000019073
1463935180115550631,457,1463935180103215840,,0.0,4.92000007629
1463935180125541838,458,1463935180122957838,,0.0,4.92000007629
1463935180161573559,459,1463935180143818583,,0.0,4.92000007629
1463935180170358209,460,1463935180164838805,,0.0,5.15999984741
1463935180219750289,461,1463935180184466846,,0.0,4.92000007629
1463935180220241120,462,1463935180206577533,,0.0,4.92000007629
1463935180247227776,463,1463935180244281799,,0.0,4.92000007629
1463935180274667034,464,1463935180265988008,,0.0,4.80000019073
1463935180302461446,465,1463935180294724135,,0.0,4.92000007629
1463935180370398656,466,1463935180316474719,,0.0,4.80000019073
1463935180370459437,467,1463935180342530181,,0.0,4.80000019073
1463935180417665953,468,1463935180369739596,,0.0,4.80000019073
1463935180511583260,469,1463935180409772966,,0.0,4.92000007629
1463935180511627010,470,1463935180421707186,,0.0,4.92000007629
1463935180511667375,471,1463935180442172620,,0.0,4.92000007629
1463935180515815378,472,1463935180470658748,,0.0,4.92000007629
1463935180518365315,473,1463935180492096781,,0.0,4.80000019073
1463935180518835729,474,1463935180512797995,,0.0,4.92000007629
1463935180687813496,475,1463935180541012770,,0.0,4.92000007629
1463935180688125891,476,1463935180562050597,,0.0,4.80000019073
1463935180688421150,477,1463935180583313735,,0.0,4.80000019073
1463935180690150674,478,1463935180604128906,,0.0,4.80000019073
1463935180690548328,479,1463935180623779551,,0.0,4.80000019073
1463935180691139472,480,1463935180645109408,,0.0,4.80000019073
1463935180691634365,481,1463935180676091151,,0.0,4.80000019073
1463935180771867877,482,1463935180722383401,,0.0,4.92000007629
1463935180783926263,483,1463935180761370265,,0.0,4.92000007629
1463935180834389953,484,1463935180800495254,,0.0,4.92000007629
1463935180845443552,485,1463935180830848614,,0.0,4.92000007629
1463935180865031697,486,1463935180853263674,,0.0,4.80000019073
1463935180865083051,487,1463935180860956298,,0.0,4.80000019073
1463935180885290517,488,1463935180882372248,,0.0,4.92000007629
1463935180909395934,489,1463935180901380240,,0.0,4.80000019073
1463935180960744777,490,1463935180918177355,,0.0,4.80000019073
1463935180960800871,491,1463935180939238828,,0.0,4.80000019073
1463935180961205713,492,1463935180947870614,,0.0,4.80000019073
1463935180974845030,493,1463935180967289645,,0.0,4.92000007629
1463935181017757711,494,1463935180994292030,,0.0,4.80000019073
1463935181048902213,495,1463935181022578992,,0.0,4.92000007629
1463935181078464430,496,1463935181074248719,,0.0,4.80000019073
1463935181118589103,497,1463935181106028531,,0.0,4.80000019073
1463935181177286925,498,1463935181169243521,,0.0,4.92000007629
1463935181244838042,499,1463935181236848076,,0.0,4.80000019073
1463935181312662231,500,1463935181279347478,,0.0,4.92000007629
1463935181313386811,501,1463935181294911005,,0.0,4.80000019073
1463935181335429738,502,1463935181322649897,,0.0,4.80000019073
1463935181352776122,503,1463935181338131966,,0.0,4.80000019073
1463935181367580434,504,1463935181358042766,,0.0,4.92000007629
1463935181413595133,505,1463935181402558097,,0.0,4.80000019073
1463935181454467823,506,1463935181427800489,,0.0,4.92000007629
1463935181454981102,507,1463935181449804093,,0.0,4.80000019073
1463935181621586535,508,1463935181478828812,,0.0,4.80000019073
1463935181621637994,509,1463935181506518642,,0.0,4.92000007629
1463935181621954034,510,1463935181529916875,,0.0,4.80000019073
1463935181622219918,511,1463935181551976677,,0.0,4.80000019073
1463935181622488667,512,1463935181574321321,,0.0,4.92000007629
1463935181630032645,513,1463935181596778985,,0.0,4.92000007629
1463935181630207280,514,1463935181619465294,,0.0,4.92000007629
1463935182131695292,515,1463935181646583512,,0.0,4.80000019073
1463935182131968260,516,1463935181668955968,,0.0,4.92000007629
1463935182134391218,517,1463935181689979472,,0.0,4.92000007629
1463935182136905738,518,1463935181713110311,,0.0,4.92000007629
1463935182137270112,519,1463935181737757393,,0.0,4.92000007629
1463935182137578756,520,1463935181764258634,,0.0,4.92000007629
1463935182139961715,521,1463935181788346343,,0.0,4.92000007629
1463935182141955352,522,1463935181809958490,,0.0,4.92000007629
1463935182143585762,523,1463935181833693754,,0.0,4.80000019073
1463935182143981385,524,1463935181856404125,,0.0,4.80000019073
1463935182146647676,525,1463935181877337525,,0.0,4.80000019073
1463935182146999654,526,1463935181901250183,,0.0,4.92000007629
1463935182147314340,527,1463935181921913585,,0.0,4.92000007629
1463935182147606109,528,1463935181944365051,,0.0,4.92000007629
1463935182150362348,529,1463935181965008817,,0.0,4.92000007629
1463935182150696930,530,1463935181987544554,,0.0,4.92000007629
1463935182150982553,531,1463935182008305090,,0.0,4.80000019073
1463935182151267865,532,1463935182029347188,,0.0,4.80000019073
1463935182154232956,533,1463935182052060685,,0.0,4.80000019073
1463935182154554569,534,1463935182072849346,,0.0,4.92000007629
1463935182154868735,535,1463935182094191234,,0.0,4.92000007629
1463935182155498367,536,1463935182116003067,,0.0,4.92000007629
1463935182158073669,537,1463935182137180894,,0.0,4.92000007629
1463935182412864871,538,1463935182158643093,,0.0,4.80000019073
1463935182412919767,539,1463935182180062169,,0.0,4.92000007629
1463935182412982214,540,1463935182201179474,,0.0,4.92000007629
1463935182413033829,541,1463935182224361719,,0.0,4.92000007629
1463935182414003929,542,1463935182247179121,,0.0,4.80000019073
1463935182414089293,543,1463935182268755644,,0.0,4.80000019073
1463935182414147886,544,1463935182290564821,,0.0,4.92000007629
1463935182414203251,545,1463935182313961700,,0.0,4.80000019073
1463935182414254865,546,1463935182335371973,,0.0,4.92000007629
1463935182414295230,547,1463935182356738757,,0.0,4.92000007629
1463935182414570749,548,1463935182378735173,,0.0,4.92000007629
1463935182414760853,549,1463935182402541009,,0.0,4.92000007629
1463935183666886124,550,1463935182433787021,,0.0,4.92000007629
1463935183666923989,551,1463935182454811879,,0.0,4.92000007629
1463935183667192165,552,1463935182493952233,,0.0,4.80000019073
1463935183667236748,553,1463935182524535435,,0.0,4.92000007629
1463935183667271383,554,1463935182559789295,,0.0,4.92000007629
1463935183667310341,555,1463935182579192545,,0.0,4.80000019073
1463935183667411018,556,1463935182599269230,,0.0,4.92000007629
1463935183667447268,557,1463935182621443354,,0.0,4.92000007629
1463935183667680965,558,1463935182640910146,,0.0,4.80000019073
1463935183667722996,559,1463935182661601464,,0.0,4.92000007629
1463935183667756902,560,1463935182685433862,,0.0,4.92000007629
1463935183667944974,561,1463935182705761640,,0.0,4.92000007629
1463935183667985547,562,1463935182727423058,,0.0,4.92000007629
1463935183668144608,563,1463935182750497594,,0.0,4.80000019073
1463935183668183619,564,1463935182771969377,,0.0,4.92000007629
1463935183668226848,565,1463935182793284391,,0.0,4.80000019073
1463935183668261691,566,1463935182818679699,,0.0,4.80000019073
1463935183668346847,567,1463935182840896583,,0.0,4.80000019073
1463935183668477211,568,1463935182862478626,,0.0,4.92000007629
1463935183668699814,569,1463935182883813222,,0.0,4.92000007629
1463935183668738252,570,1463935182904847195,,0.0,4.92000007629
1463935183668774241,571,1463935182926040698,,0.0,4.92000007629
1463935183668808564,572,1463935182949576483,,0.0,4.92000007629
1463935183668886012,573,1463935182970884100,,0.0,4.80000019073
1463935183669050438,574,1463935182992728225,,0.0,4.92000007629
1463935183669087365,575,1463935183014189592,,0.0,4.80000019073
1463935183669192729,576,1463935183035441532,,0.0,4.92000007629
1463935183669236062,577,1463935183056539984,,0.0,4.80000019073
1463935183669278093,578,1463935183076506982,,0.0,4.92000007629
1463935183669326322,579,1463935183095714035,,0.0,4.80000019073
1463935183669359655,580,1463935183116975090,,0.0,4.80000019073
1463935183669393301,581,1463935183139230464,,0.0,4.92000007629
1463935183669705696,582,1463935183160958548,,0.0,4.80000019073
1463935183669744393,583,1463935183180972316,,0.0,4.92000007629
1463935183669778091,584,1463935183214460454,,0.0,4.80000019073
1463935183669832935,585,1463935183229315183,,0.0,4.80000019073
1463935183685365108,586,1463935183247573490,,0.0,4.92000007629
1463935183685426930,587,1463935183261841137,,0.0,4.92000007629
1463935183685494847,588,1463935183277230394,,0.0,4.80000019073
1463935183685535524,589,1463935183309043800,,0.0,4.92000007629
1463935183685606930,590,1463935183334423952,,0.0,4.80000019073
1463935183685666252,591,1463935183355370112,,0.0,4.80000019073
1463935183685736148,592,1463935183375901900,,0.0,4.92000007629
1463935183685785679,593,1463935183396041397,,0.0,4.92000007629
1463935183685825470,594,1463935183414336683,,0.0,4.92000007629
1463935183685863960,595,1463935183445031864,,0.0,4.80000019073
1463935183685910522,596,1463935183465397246,,0.0,4.92000007629
1463935183686039272,597,1463935183486951946,,0.0,4.92000007629
1463935183686076563,598,1463935183506713476,,0.0,4.80000019073
1463935183686107709,599,1463935183526917556,,0.0,5.03999996185
1463935183686177448,600,1463935183546466691,,0.0,4.67999982834
1463935183686219375,601,1463935183566292440,,0.0,4.80000019073
1463935183686252812,602,1463935183589765725,,0.0,4.92000007629
1463935183686285729,603,1463935183600729688,,0.0,4.80000019073
1463935183686318645,604,1463935183621925171,,0.0,4.92000007629
1463935183686356301,605,1463935183633505329,,0.0,4.92000007629
1463935183686527342,606,1463935183657307311,,0.0,4.80000019073
1463935183686687654,607,1463935183678928000,,0.0,4.92000007629
1463935184289394088,608,1463935183708876205,,0.0,4.80000019073
1463935184289473410,609,1463935183741833616,,0.0,4.92000007629
1463935184291479079,610,1463935183767131217,,0.0,4.80000019073
1463935184295441145,611,1463935183789198831,,0.0,4.80000019073
1463935184297077961,612,1463935183815130855,,0.0,4.92000007629
1463935184297113534,613,1463935183837785029,,0.0,4.80000019073
1463935184297149211,614,1463935183858458066,,0.0,4.92000007629
1463935184297182805,615,1463935183881496092,,0.0,4.92000007629
1463935184297221086,616,1463935183903319749,,0.0,4.80000019073
1463935184297937333,617,1463935183924791584,,0.0,4.92000007629
1463935184297971447,618,1463935183947218988,,0.0,4.92000007629
1463935184298008791,619,1463935183969355196,,0.0,4.92000007629
1463935184298040040,620,1463935183992846762,,0.0,4.80000019073
1463935184298644621,621,1463935184017301709,,0.0,4.92000007629
1463935184298677590,622,1463935184038508077,,0.0,4.80000019073
1463935184298711704,623,1463935184059333769,,0.0,4.80000019073
1463935184299600971,624,1463935184080422690,,0.0,4.92000007629
1463935184299636492,625,1463935184099326359,,0.0,4.92000007629
1463935184299706283,626,1463935184116985815,,0.0,4.92000007629
1463935184316245952,627,1463935184135900004,,0.0,4.92000007629
1463935184316991782,628,1463935184154567477,,0.0,4.80000019073
1463935184317026261,629,1463935184175108483,,0.0,4.92000007629
1463935184317117667,630,1463935184189190558,,0.0,4.80000019073
1463935184317154959,631,1463935184207681260,,0.0,4.80000019073
1463935184317232823,632,1463935184226207379,,0.0,4.80000019073
1463935184317292250,633,1463935184250326182,,0.0,4.80000019073
1463935184317341260,634,1463935184268624177,,0.0,4.80000019073
1463935184417786976,635,1463935184288101281,,0.0,4.80000019073
1463935184418068277,636,1463935184314565907,,0.0,4.80000019073
1463935184424844967,637,1463935184340026111,,0.0,4.80000019073
1463935184425259653,638,1463935184360352847,,0.0,4.80000019073
1463935184425595641,639,1463935184382165618,,0.0,4.92000007629
1463935184426128920,640,1463935184403336205,,0.0,4.80000019073
1463935184426769438,641,1463935184422392165,,0.0,4.80000019073
1463935185033746791,642,1463935184443868636,,0.0,5.15999984741
1463935185033848613,643,1463935184462676784,,0.0,4.80000019073
1463935185033901009,644,1463935184483363675,,0.0,4.80000019073
1463935185033954811,645,1463935184502459896,,0.0,4.92000007629
1463935185033996998,646,1463935184524891831,,0.0,4.92000007629
1463935185034038300,647,1463935184543336544,,0.0,4.80000019073
1463935185034077675,648,1463935184560069076,,0.0,4.92000007629
1463935185034108768,649,1463935184579494045,,0.0,4.92000007629
1463935185034145435,650,1463935184599081358,,0.0,4.92000007629
1463935185034177206,651,1463935184618802211,,0.0,4.92000007629
1463935185034212622,652,1463935184642637317,,0.0,4.80000019073
1463935185034245226,653,1463935184661743590,,0.0,4.80000019073
1463935185034288039,654,1463935184683050478,,0.0,4.92000007629
1463935185046253196,655,1463935184703969711,,0.0,4.80000019073
1463935185046569601,656,1463935184724480248,,0.0,4.92000007629
1463935185053036604,657,1463935184745879897,,0.0,4.92000007629
1463935185061011101,658,1463935184766429340,,0.0,4.80000019073
1463935185072300584,659,1463935184784767543,,0.0,4.80000019073
1463935185072848238,660,1463935184807377394,,0.0,4.92000007629
1463935185073421413,661,1463935184827756578,,0.0,4.92000007629
1463935185074133649,662,1463935184849299454,,0.0,4.92000007629
1463935185074572814,663,1463935184869729315,,0.0,4.80000019073
1463935185074622397,664,1463935184892523384,,0.0,4.80000019073
1463935185074661668,665,1463935184912994130,,0.0,4.92000007629
1463935185074856094,666,1463935184931653165,,0.0,4.80000019073
1463935185075194582,667,1463935184952894064,,0.0,4.80000019073
1463935185075637705,668,1463935184973054238,,0.0,4.92000007629
1463935185075688226,669,1463935184991759522,,0.0,4.80000019073
1463935185076253067,670,1463935185012534225,,0.0,4.80000019073
1463935185077059001,671,1463935185028975353,,0.0,4.80000019073
1463935185077656603,672,1463935185048537926,,0.0,4.80000019073
1463935185078231601,673,1463935185068605808,,0.0,4.92000007629
1463935185377007667,674,1463935185091293524,,0.0,4.92000007629
1463935185377303499,675,1463935185112524787,,0.0,4.92000007629
1463935185377587612,676,1463935185144421734,,0.0,4.92000007629
1463935185377979173,677,1463935185159071880,,0.0,4.80000019073
1463935185378584067,678,1463935185166542473,,0.0,4.80000019073
1463935185378890680,679,1463935185186666814,,0.0,4.92000007629
1463935185379175679,680,1463935185210798169,,0.0,4.80000019073
1463935185379461511,681,1463935185231368550,,0.0,4.92000007629
1463935185380894630,682,1463935185250706853,,0.0,4.92000007629
1463935185381572960,683,1463935185269282971,,0.0,4.92000007629
1463935185382190353,684,1463935185290075799,,0.0,4.92000007629
1463935185382596133,685,1463935185308101347,,0.0,4.80000019073
1463935185385064143,686,1463935185328234438,,0.0,4.80000019073
1463935185385698880,687,1463935185351528088,,0.0,4.80000019073
1463935185386122888,688,1463935185371913105,,0.0,4.92000007629
1463935185462431312,689,1463935185392332706,,0.0,4.92000007629
1463935185463155580,690,1463935185412008924,,0.0,4.92000007629
1463935185464695521,691,1463935185432852741,,0.0,4.80000019073
1463935185465473435,692,1463935185462020897,,0.0,4.80000019073
1463935185656568034,693,1463935185486842197,,0.0,4.92000007629
1463935185657273656,694,1463935185508157002,,0.0,4.80000019073
1463935185657370218,695,1463935185533424082,,0.779937922955,4.92000007629
1463935185657598499,696,1463935185552044210,,0.0,4.80000019073
1463935185657880945,697,1463935185572459644,,0.0,4.80000019073
1463935185658189173,698,1463935185592037529,,0.0,4.92000007629
1463935185658742608,699,1463935185612537129,,0.0,4.92000007629
1463935185660022863,700,1463935185633804746,,0.0,4.80000019073
1463935185660158175,701,1463935185653759140,,0.0,4.80000019073
1463935185724867586,702,1463935185678887887,,0.0,4.80000019073
1463935185725667426,703,1463935185699106863,,0.0,4.80000019073
1463935185732254742,704,1463935185724107225,,0.0,4.92000007629
1463935185986260687,705,1463935185750001854,,0.0,4.67999982834
1463935185986596207,706,1463935185777835953,,0.0,4.92000007629
1463935185987196360,707,1463935185799630287,,0.0,4.80000019073
1463935185987834274,708,1463935185827908552,,0.0,4.80000019073
1463935185988409480,709,1463935185857561185,,0.0,4.92000007629
1463935185989238070,710,1463935185893211710,,0.0,4.80000019073
1463935185989865463,711,1463935185919085401,,0.0,4.92000007629
1463935185991122541,712,1463935185935164760,,0.0,4.80000019073
1463935185991623529,713,1463935185953975877,,0.0,4.80000019073
1463935185991675143,714,1463935185979005718,,0.0,4.80000019073
1463935186068947365,715,1463935186004617275,,0.779937922955,4.92000007629
1463935186070344859,716,1463935186059628655,,0.0,4.67999982834
1463935186112647282,717,1463935186104090444,,0.0,4.92000007629
1463935186159336197,718,1463935186155178923,,0.0,4.92000007629
1463935186212920499,719,1463935186209548847,,0.779937922955,4.55999994278
1463935186258867699,720,1463935186255235162,,0.0,4.92000007629
1463935186355786659,721,1463935186306173799,,0.0,4.92000007629
1463935186371504561,722,1463935186354033386,,0.0,4.80000019073
1463935186412533865,723,1463935186406663681,,0.0,4.92000007629
1463935186482473982,724,1463935186474654693,,0.937228500843,4.80000019073
1463935186534619332,725,1463935186520895329,,0.0,4.92000007629
1463935186564834464,726,1463935186558985322,,0.0,4.80000019073
1463935186658551823,727,1463935186602858311,,0.99041301012,4.80000019073
1463935186661329207,728,1463935186644390946,,0.95431047678,4.80000019073
1463935186722334624,729,1463935186690916112,,0.989165604115,4.92000007629
1463935186798120810,730,1463935186735546182,,1.00950837135,4.92000007629
1463935186799175076,731,1463935186781015414,,0.0,4.80000019073
1463935186886644702,732,1463935186832656287,,0.0,6.36000013351
1463935186887388657,733,1463935186879894835,,0.0,4.80000019073
1463935186925769952,734,1463935186921920541,,0.0,4.19999980927
1463935186976364840,735,1463935186974724378,,0.0,5.03999996185
1463935187019376947,736,1463935187008270120,,0.0,4.80000019073
1463935187053249511,737,1463935187039899516,,1.07148361206,4.92000007629
1463935187071143809,738,1463935187067396690,,0.0,4.92000007629
1463935187109239584,739,1463935187087488375,,1.04999661446,4.92000007629
1463935187133246356,740,1463935187109514843,,0.0,3.59999990463
1463935187133419428,741,1463935187129429081,,1.04999661446,4.80000019073
1463935187154748348,742,1463935187150439720,,0.0,2.88000011444
1463935187187114043,743,1463935187171112757,,1.07441520691,4.80000019073
1463935187212605444,744,1463935187190724340,,1.07441520691,5.76000022888
1463935187215233922,745,1463935187208642753,,0.0,5.76000022888
1463935187230860470,746,1463935187227063976,,1.07148361206,4.92000007629
1463935187325386368,747,1463935187244397339,,0.0,4.80000019073
1463935187328468647,748,1463935187266185267,,1.09692382812,4.80000019073
1463935187329084477,749,1463935187290892245,,0.0,4.92000007629
1463935187330637387,750,1463935187314454592,,1.11879980564,4.92000007629
1463935187463595256,751,1463935187339259538,,0.0,2.27999997139
1463935187463926713,752,1463935187355570666,,0.0,4.92000007629
1463935187464214108,753,1463935187375589279,,0.0,2.88000011444
1463935187464546242,754,1463935187394263886,,0.0,4.92000007629
1463935187464829001,755,1463935187398609232,,1.09539401531,6.0
1463935187465330666,756,1463935187420938876,,0.0,6.0
1463935187493174297,757,1463935187468663724,,0.0,4.80000019073
1463935187526771549,758,1463935187522835576,,0.0,4.07999992371
1463935187552006545,759,1463935187547880104,,0.0,5.03999996185
1463935187578104715,760,1463935187570869798,,0.0,5.03999996185
1463935187600277641,761,1463935187590778150,,0.0,4.92000007629
1463935187620882084,762,1463935187610374681,,1.14322781563,4.80000019073
1463935187652254346,763,1463935187634851139,,0.0,4.80000019073
1463935187657465573,764,1463935187652040440,,1.1448943615,4.80000019073
1463935187673708421,765,1463935187664915489,,0.0,4.92000007629
1463935187706133803,766,1463935187700535650,,1.14656567574,3.96000003815
1463935187722208890,767,1463935187712734816,,0.0,4.80000019073
1463935187735931123,768,1463935187732686189,,0.0,4.80000019073
1463935187830980404,769,1463935187757774780,,0.0,4.80000019073
1463935187831233060,770,1463935187767908070,,0.0,4.92000007629
1463935187831471236,771,1463935187783133057,,1.16874623299,4.92000007629
1463935187831708526,772,1463935187796151439,,0.0,4.80000019073
1463935187837572668,773,1463935187816073593,,0.0,4.80000019073
1463935187844550919,774,1463935187836816213,,1.16527819633,4.80000019073
1463935187876073180,775,1463935187868373318,,1.19543004036,4.92000007629
1463935187902212704,776,1463935187894957631,,0.0,4.80000019073
1463935187976071138,777,1463935187917263473,,1.16874623299,4.92000007629
1463935187976329627,778,1463935187938208592,,1.19725227356,4.92000007629
1463935187976747802,779,1463935187956920179,,1.19725227356,4.92000007629
1463935188043458767,780,1463935187969183720,,1.19725227356,4.92000007629
1463935188044694439,781,1463935187992770442,,1.16874623299,4.92000007629
1463935188045170166,782,1463935188008069022,,1.17048811913,4.92000007629
1463935188086864623,783,1463935188065131695,,1.2271835804,4.07999992371
1463935188090345285,784,1463935188084415727,,1.2271835804,4.80000019073
1463935188119139225,785,1463935188111223581,,0.0,4.80000019073
1463935188144518126,786,1463935188131897712,,1.1990801096,4.92000007629
1463935188149682688,787,1463935188145536195,,1.1990801096,4.92000007629
1463935188221047487,788,1463935188185352535,,1.20091366768,4.80000019073
1463935188329171035,789,1463935188231289787,,1.22910404205,4.07999992371
1463935188329211035,790,1463935188281438791,,1.2271835804,3.96000003815
1463935188499084423,791,1463935188326419120,,1.2271835804,4.80000019073
1463935188499777597,792,1463935188371118720,,0.0,4.92000007629
1463935188499871920,793,1463935188413632653,,0.0,5.28000020981
1463935188501665610,794,1463935188459085167,,1.25864982605,4.92000007629
1463935188515799143,795,1463935188502919615,,1.25663602352,4.67999982834
1463935188564388363,796,1463935188548721086,,1.25864982605,3.59999990463
1463935188591892203,797,1463935188564258467,,0.0,5.51999998093
1463935188592173192,798,1463935188583685051,,0.0,4.80000019073
1463935188631014640,799,1463935188620291405,,1.26067018509,4.92000007629
1463935188668957655,800,1463935188658903323,,1.25864982605,4.80000019073
1463935188703305165,801,1463935188699325859,,1.28753685951,3.72000002861
1463935188720385092,802,1463935188706657650,,1.28753685951,4.80000019073
1463935188720439518,803,1463935188713700224,,1.28753685951,4.80000019073
1463935188761241636,804,1463935188737359967,,1.2939003706,4.80000019073
1463935188762038299,805,1463935188753888750,,1.29177224636,4.92000007629
1463935188823931420,806,1463935188804043640,,1.25663602352,4.80000019073
1463935188859516163,807,1463935188849252301,,1.28965103626,4.32000017166
1463935188934931935,808,1463935188885235793,,1.2939003706,4.92000007629
1463935188935105788,809,1463935188926669314,,1.29817771912,4.92000007629
1463935188977291181,810,1463935188969794025,,1.2939003706,4.80000019073
1463935189055134285,811,1463935189017702310,,0.0,4.92000007629
1463935189055278972,812,1463935189038247691,,0.0,4.92000007629
1463935189114243564,813,1463935189076120133,,1.32444775105,4.92000007629
1463935189130209016,814,1463935189128166525,,1.32444775105,4.92000007629
1463935189193130779,815,1463935189174926273,,1.29177224636,4.80000019073
1463935189193570100,816,1463935189186264662,,1.29177224636,4.80000019073
1463935189202268448,817,1463935189193561350,,0.0,4.80000019073
1463935189218355775,818,1463935189206314368,,0.0,4.80000019073
1463935189234839663,819,1463935189225056892,,1.32444775105,4.19999980927
1463935189248359761,820,1463935189245108004,,0.0,4.19999980927
1463935189271573881,821,1463935189266088019,,1.32221806049,4.80000019073
1463935189295327685,822,1463935189285883299,,1.32444775105,7.07999992371
1463935189360383084,823,1463935189309732832,,1.32444775105,5.63999986649
1463935189360866884,824,1463935189326421667,,0.0,4.92000007629
1463935189361242456,825,1463935189349904379,,1.31999576092,5.15999984741
1463935189384483346,826,1463935189369822471,,1.35647237301,4.92000007629
1463935189419801997,827,1463935189386309588,,1.35881924629,4.80000019073
1463935189419992361,828,1463935189405845442,,1.35647237301,4.80000019073
1463935189476243683,829,1463935189426280303,,1.35881924629,5.15999984741
1463935189476582952,830,1463935189446621726,,1.31999576092,4.80000019073
1463935189476805972,831,1463935189465282584,,1.31999576092,4.80000019073
1463935189603354233,832,1463935189489667480,,1.35413360596,4.92000007629
1463935189603632722,833,1463935189505403714,,1.35647237301,4.92000007629
1463935189603916887,834,1463935189533332605,,1.35180294514,4.92000007629
1463935189604437510,835,1463935189556467298,,1.35413360596,4.80000019073
1463935189605530734,836,1463935189583459631,,1.35881924629,4.92000007629
1463935189641842923,837,1463935189614935642,,0.0,4.80000019073
1463935189644293381,838,1463935189638744967,,1.35647237301,4.80000019073
1463935189770501487,839,1463935189664178504,,1.35647237301,4.80000019073
1463935189770776069,840,1463935189686828407,,0.0,4.80000019073
1463935189771293255,841,1463935189711779811,,1.35647237301,4.80000019073
1463935189771345286,842,1463935189734592214,,1.39502215385,4.80000019073
1463935189772122262,843,1463935189763501517,,1.35647237301,4.92000007629
1463935189806731957,844,1463935189790624682,,0.0,7.32000017166
1463935189837422087,845,1463935189833666842,,1.39008402824,4.92000007629
1463935189870239707,846,1463935189855082844,,1.36353731155,4.80000019073
1463935189893443774,847,1463935189882245749,,1.35413360596,4.80000019073
1463935189913512907,848,1463935189903413575,,1.39750444889,4.80000019073
1463935189930018826,849,1463935189917266745,,1.39750444889,4.80000019073
1463935190058247601,850,1463935189935611511,,1.39750444889,4.92000007629
1463935190058600620,851,1463935189955111896,,1.35647237301,4.92000007629
1463935190058865098,852,1463935189975645298,,1.39008402824,4.92000007629
1463935190059136087,853,1463935189995802503,,1.38762807846,4.92000007629
1463935190059645407,854,1463935190015639450,,1.39750444889,3.24000000954
1463935190059699834,855,1463935190036190143,,0.0,4.67999982834
1463935190178153130,856,1463935190060081135,,1.39502215385,4.80000019073
1463935190178607086,857,1463935190080548808,,1.39750444889,5.03999996185
1463935190186759083,858,1463935190100886585,,0.0,3.59999990463
1463935190187074810,859,1463935190123211958,,0.0,4.92000007629
1463935190187747568,860,1463935190143869578,,1.39750444889,3.83999991417
1463935190187809807,861,1463935190164083659,,1.39750444889,4.80000019073
1463935190187845120,862,1463935190176222982,,1.39750444889,4.80000019073
1463935190860997033,863,1463935190207062381,,1.39750444889,4.80000019073
1463935190861256303,864,1463935190230337959,,1.39502215385,4.80000019073
1463935190861522760,865,1463935190249477981,,1.39254879951,4.80000019073
1463935190861800624,866,1463935190268669826,,1.43582725525,4.67999982834
1463935190862065987,867,1463935190286430531,,1.42282152176,4.67999982834
1463935190862358173,868,1463935190306647893,,1.42540383339,4.80000019073
1463935190862623485,869,1463935190332949812,,1.39254879951,6.96000003815
1463935190862888327,870,1463935190358899701,,1.43320715427,4.80000019073
1463935190863167024,871,1463935190383418138,,1.43320715427,4.92000007629
1463935190863419002,872,1463935190405642938,,1.39502215385,4.92000007629
1463935190863658741,873,1463935190424043224,,1.42799544334,6.71999979019
1463935190863907490,874,1463935190444676313,,1.43059659004,4.92000007629
1463935190864179884,875,1463935190465230496,,1.43582725525,4.80000019073
1463935190864457227,876,1463935190484684007,,1.39999556541,4.92000007629
1463935190866836696,877,1463935190503736009,,1.39999556541,4.92000007629
1463935190867520130,878,1463935190518368446,,1.39999556541,4.92000007629
1463935190867859608,879,1463935190537226126,,1.43059659004,4.80000019073
1463935190868107524,880,1463935190567089488,,1.43320715427,4.80000019073
1463935190868366012,881,1463935190599404454,,1.43582725525,5.15999984741
1463935190868617105,882,1463935190627249856,,0.0,4.19999980927
1463935190868866218,883,1463935190653142297,,1.39008402824,4.92000007629
1463935190869132155,884,1463935190690765522,,0.0,4.80000019073
1463935190869386268,885,1463935190730645403,,1.43320715427,4.80000019073
1463935190870631315,886,1463935190762170372,,1.44109630585,4.92000007629
1463935190871107928,887,1463935190804174464,,1.42799544334,4.07999992371
1463935190871533655,888,1463935190843904502,,1.42799544334,4.80000019073
1463935190924255565,889,1463935190884850265,,1.43059659004,4.92000007629
1463935190998219311,890,1463935190928613098,,1.47354125977,4.92000007629
1463935190998648528,891,1463935190969285060,,1.44374537468,4.92000007629
1463935191017620530,892,1463935191012975081,,1.43582725525,4.67999982834
1463935191065715325,893,1463935191055076776,,1.48188209534,4.80000019073
1463935191083356968,894,1463935191074527370,,1.48188209534,5.40000009537
1463935191094574576,895,1463935191090619229,,1.43059659004,4.92000007629
1463935191128084902,896,1463935191119602855,,1.43320715427,4.92000007629
1463935191158694563,897,1463935191150688972,,1.47078180313,4.07999992371
1463935191189399900,898,1463935191186348038,,1.43582725525,4.92000007629
1463935191204086869,899,1463935191196650859,,1.43582725525,4.80000019073
1463935191228889106,900,1463935191215722496,,1.4680327177,4.92000007629
1463935191243474252,901,1463935191236540688,,1.4680327177,4.92000007629
1463935191289843950,902,1463935191271500747,,1.43059659004,4.92000007629
1463935191332870224,903,1463935191314976082,,1.47078180313,4.92000007629
1463935191387651396,904,1463935191357703660,,1.47631108761,4.92000007629
1463935191411794001,905,1463935191369374443,,1.48188209534,4.80000019073
1463935191412186448,906,1463935191386465099,,1.48188209534,4.80000019073
1463935191508831555,907,1463935191402196751,,1.48188209534,4.92000007629
1463935191509058169,908,1463935191427421278,,1.43059659004,4.92000007629
1463935191509266866,909,1463935191447145621,,1.48188209534,4.80000019073
1463935191509450563,910,1463935191453522156,,1.48188209534,4.92000007629
1463935191510615402,911,1463935191476961379,,1.47354125977,4.92000007629
1463935191516497252,912,1463935191498950191,,1.48188209534,5.28000020981
1463935191549184976,913,1463935191526690906,,1.48468339443,4.92000007629
1463935191549535548,914,1463935191536673572,,1.48468339443,4.92000007629
1463935191558239573,915,1463935191553127564,,1.44109630585,3.24000000954
1463935191580233958,916,1463935191573433571,,1.48468339443,4.92000007629
1463935191636869602,917,1463935191606173327,,1.48468339443,4.92000007629
1463935191655634209,918,1463935191641271614,,1.44109630585,4.55999994278
1463935191686420588,919,1463935191683417996,,1.47631108761,4.92000007629
1463935191722972098,920,1463935191713555836,,1.47631108761,6.59999990463
1463935191754832535,921,1463935191727277132,,1.47631108761,4.92000007629
1463935191782706374,922,1463935191771239756,,1.47631108761,4.92000007629
1463935191834666100,923,1463935191787765154,,1.47909128666,3.3599998951
1463935191844933504,924,1463935191804650186,,0.0,5.03999996185
1463935191921882706,925,1463935191821452875,,1.47909128666,4.92000007629
1463935191921954268,926,1463935191843394031,,1.44109630585,4.92000007629
1463935191921998799,927,1463935191865079459,,1.44109630585,4.80000019073
1463935191923479157,928,1463935191914470238,,1.47631108761,4.92000007629
1463935191998967793,929,1463935191959502545,,1.48188209534,4.92000007629
1463935192027838607,930,1463935191999210969,,1.47909128666,4.67999982834
1463935192056753483,931,1463935192046028946,,1.48188209534,4.92000007629
1463935192106506969,932,1463935192088345484,,1.48188209534,4.80000019073
1463935192146689453,933,1463935192137354181,,1.47909128666,4.80000019073
1463935192278864461,934,1463935192186388971,,1.47354125977,4.80000019073
1463935192278920034,935,1463935192227199526,,1.47631108761,3.11999988556
1463935192279385500,936,1463935192267924716,,1.47631108761,4.80000019073
1463935192334193808,937,1463935192309472195,,1.47354125977,4.92000007629
1463935192391116273,938,1463935192353720547,,1.47631108761,4.80000019073
1463935192437067847,939,1463935192397316611,,1.47354125977,4.92000007629
1463935192480717400,940,1463935192441985534,,1.47631108761,4.19999980927
1463935192491575739,941,1463935192485012173,,1.47354125977,4.92000007629
1463935192531149424,942,1463935192527842667,,1.48188209534,4.92000007629
1463935192692619619,943,1463935192559420345,,1.51328992844,3.11999988556
1463935192692871441,944,1463935192589608393,,0.0,3.83999991417
1463935192693130867,945,1463935192622321274,,1.48188209534,4.92000007629
1463935192693396699,946,1463935192631313787,,1.48188209534,4.92000007629
1463935192695447680,947,1463935192657463832,,1.52504372597,4.92000007629
1463935192697283089,948,1463935192685885117,,1.52504372597,4.92000007629
1463935192795174337,949,1463935192710592667,,1.47354125977,4.92000007629
1463935192798248334,950,1463935192744947989,,1.51914405823,4.80000019073
1463935192798781040,951,1463935192770437880,,1.47909128666,5.15999984741
1463935193022106387,952,1463935192801617851,,1.47909128666,3.83999991417
1463935193022156596,953,1463935192834600262,,1.51328992844,4.80000019073
1463935193022194720,954,1463935192860028226,,1.47354125977,-5.15999984741
1463935193022233939,955,1463935192893425011,,1.47354125977,4.80000019073
1463935193022270137,956,1463935192921755046,,0.0,3.96000003815
1463935193022308157,957,1463935192953366213,,1.43320715427,4.80000019073
1463935193022345501,958,1463935192980643127,,1.43320715427,4.92000007629
1463935193022379876,959,1463935193007050671,,1.39750444889,4.92000007629
1463935193101941984,960,1463935193039997301,,1.43582725525,6.36000013351
1463935193101976619,961,1463935193065627451,,1.39008402824,4.80000019073
1463935193102011150,962,1463935193091300258,,1.39008402824,5.03999996185
1463935193142120458,963,1463935193113690110,,1.39999556541,4.92000007629
1463935193252163373,964,1463935193142528893,,1.39750444889,4.92000007629
1463935193252203112,965,1463935193174671152,,1.35413360596,4.92000007629
1463935193252242591,966,1463935193204520920,,1.36117422581,4.92000007629
1463935193252279726,967,1463935193236925000,,1.36353731155,4.92000007629
1463935193382567711,968,1463935193262318798,,1.35647237301,4.80000019073
1463935193382810783,969,1463935193291790859,,1.35647237301,4.92000007629
1463935193382857397,970,1463935193325403580,,1.36117422581,4.55999994278
1463935193384685827,971,1463935193354665851,,1.28753685951,4.92000007629
1463935193405082667,972,1463935193387329722,,0.0,4.67999982834
1463935193526914698,973,1463935193415712205,,1.29603552818,5.76000022888
1463935193526964594,974,1463935193446461552,,1.2939003706,4.80000019073
1463935193527440842,975,1463935193475471585,,1.29603552818,4.67999982834
1463935193527812871,976,1463935193514145690,,1.25663602352,3.96000003815
1463935193539437874,977,1463935193532566340,,0.0,4.80000019073
1463935193564900890,978,1463935193557115298,,1.22526907921,4.80000019073
1463935193593480143,979,1463935193591741660,,0.0,4.80000019073
1463935193669219819,980,1463935193616390409,,1.22910404205,4.92000007629
1463935193669257475,981,1463935193636784905,,1.2271835804,4.80000019073
1463935193669417422,982,1463935193658933925,,1.19725227356,4.92000007629
1463935193874847429,983,1463935193683509966,,0.0,4.80000019073
1463935193874884825,984,1463935193707161375,,1.19725227356,4.80000019073
1463935193874924095,985,1463935193729667737,,0.0,4.80000019073
1463935193874963939,986,1463935193752211703,,1.16874623299,4.92000007629
1463935193875011856,987,1463935193774156245,,0.0,4.92000007629
1463935193875050866,988,1463935193795300009,,1.16874623299,4.92000007629
1463935193875088366,989,1463935193818997408,,0.0,4.80000019073
1463935193875126126,990,1463935193842622254,,1.13990926743,4.92000007629
1463935193875166178,991,1463935193864546067,,0.0,4.92000007629
1463935194333545364,992,1463935193886302432,,1.1448943615,4.80000019073
1463935194333833696,993,1463935193907669164,,0.0,4.92000007629
1463935194334120361,994,1463935193928301003,,1.09999644756,4.80000019073
1463935194334444214,995,1463935193944664058,,0.0,4.80000019073
1463935194334758223,996,1463935193964988190,,1.09845805168,4.92000007629
1463935194335046764,997,1463935193984448992,,0.0,4.80000019073
1463935194335320773,998,1463935194007366602,,1.09539401531,4.92000007629
1463935194335576709,999,1463935194027216517,,0.0,4.92000007629
1463935194335830094,1000,1463935194046706851,,1.0773627758,4.80000019073
1463935194336112801,1001,1463935194067321762,,1.0773627758,4.92000007629
1463935194336410300,1002,1463935194088647453,,0.0,4.92000007629
1463935194336701080,1003,1463935194111604959,,1.05422484875,4.44000005722
1463935194336978995,1004,1463935194133127992,,0.0,4.80000019073
1463935194337275765,1005,1463935194150834791,,1.04719662666,4.80000019073
1463935194337579253,1006,1463935194174024952,,0.0,-5.63999986649
1463935194337891335,1007,1463935194197424279,,1.0280071497,4.80000019073
1463935194338184823,1008,1463935194218529501,,0.0,4.92000007629
1463935194338466593,1009,1463935194239433110,,1.0293545723,3.24000000954
1463935194338735342,1010,1463935194260435312,,0.0,4.92000007629
1463935194339025705,1011,1463935194280874704,,0.0,4.80000019073
1463935194339459922,1012,1463935194303442055,,0.0,4.92000007629
1463935194339820702,1013,1463935194331506362,,0.0,4.92000007629
1463935194417582505,1014,1463935194365798976,,0.0,4.80000019073
1463935194418028492,1015,1463935194374090347,,0.0,5.15999984741
1463935194418414584,1016,1463935194396996655,,0.972026586533,4.92000007629
1463935194439202360,1017,1463935194427556420,,0.0,4.92000007629
1463935194439566629,1018,1463935194433632592,,0.972026586533,4.92000007629
1463935194497541798,1019,1463935194445490354,,0.972026586533,4.80000019073
1463935194498061900,1020,1463935194465554852,,0.0,4.80000019073
1463935194498479815,1021,1463935194485451641,,0.0,4.80000019073
1463935194518530146,1022,1463935194505001454,,0.0,4.92000007629
1463935194536924442,1023,1463935194525858031,,0.0,4.92000007629
1463935194602052133,1024,1463935194558702370,,0.936111450195,4.92000007629
1463935194623778915,1025,1463935194599562143,,0.918593585491,4.92000007629
1463935194683100328,1026,1463935194639809836,,0.0,4.92000007629
1463935194683685586,1027,1463935194672865424,,0.0,4.92000007629
1463935194732906781,1028,1463935194702319933,,0.884456634521,4.92000007629
1463935194733401258,1029,1463935194721985682,,0.884456634521,3.83999991417
1463935194770265684,1030,1463935194752580864,,0.0,4.92000007629
1463935194808136251,1031,1463935194788371909,,0.0,4.92000007629
1463935194885745711,1032,1463935194822448690,,0.855552852154,4.80000019073
1463935194886469510,1033,1463935194857427759,,0.0,4.80000019073
1463935194886878519,1034,1463935194878106681,,0.0,4.92000007629
1463935195032778051,1035,1463935194891403500,,0.0,4.80000019073
1463935195033070602,1036,1463935194914884805,,0.0,4.92000007629
1463935195033382841,1037,1463935194937650385,,0.0,4.92000007629
1463935195033711745,1038,1463935194956848949,,0.0,4.80000019073
1463935195034000286,1039,1463935194975438974,,0.0,4.92000007629
1463935195034528929,1040,1463935194997273099,,0.812200129032,4.92000007629
1463935195034965646,1041,1463935195011363039,,0.812200129032,4.92000007629
1463935195054381136,1042,1463935195034752418,,0.0,4.92000007629
1463935195054739885,1043,1463935195043482068,,0.0,4.92000007629
1463935195166930186,1044,1463935195063742815,,0.0,5.28000020981
1463935195166975863,1045,1463935195084184603,,0.0,5.28000020981
1463935195167238154,1046,1463935195114359057,,0.0,4.80000019073
1463935195167409820,1047,1463935195139027441,,0.0,4.80000019073
1463935195203138261,1048,1463935195165095038,,0.0,4.80000019073
1463935195210047137,1049,1463935195198537134,,0.0,4.80000019073
1463935195269639070,1050,1463935195224798689,,0.0,5.51999998093
1463935195275358264,1051,1463935195252106176,,0.0,4.92000007629
1463935195329110274,1052,1463935195279632725,,0.0,5.28000020981
1463935195330774798,1053,1463935195305756884,,0.0,4.80000019073
1463935195395984728,1054,1463935195335267279,,0.0,4.80000019073
1463935195397968105,1055,1463935195356197450,,0.0,4.80000019073
1463935195398439821,1056,1463935195389842619,,0.0,4.80000019073
1463935195450887201,1057,1463935195415529123,,0.0,4.80000019073
1463935195450933816,1058,1463935195435737162,,0.0,4.92000007629
1463935195479668172,1059,1463935195461874602,,0.779937922955,4.92000007629
1463935195500700530,1060,1463935195486744600,,0.0,4.80000019073
1463935195519629876,1061,1463935195515928902,,0.0,4.80000019073
1463935195561079126,1062,1463935195543485347,,0.0,4.92000007629
1463935195585867458,1063,1463935195571878507,,0.0,4.92000007629
1463935195621642148,1064,1463935195604439878,,0.0,4.80000019073
1463935195651344938,1065,1463935195634117668,,0.0,4.80000019073
1463935195723049840,1066,1463935195666707633,,0.0,4.92000007629
1463935195726088525,1067,1463935195695757925,,0.0,4.80000019073
1463935195726558679,1068,1463935195724212335,,0.0,4.92000007629
1463935195869368693,1069,1463935195755834335,,0.0,4.80000019073
1463935195871381810,1070,1463935195783213853,,0.780713200569,4.80000019073
1463935195871784933,1071,1463935195809228326,,0.0,4.92000007629
1463935195872127536,1072,1463935195839451269,,0.0,4.80000019073
1463935195873947788,1073,1463935195866821829,,0.779937922955,4.80000019073
1463935196128093108,1074,1463935195893533955,,0.0,4.92000007629
1463935196128507117,1075,1463935195923845336,,0.0,4.80000019073
1463935196128843001,1076,1463935195950415482,,0.0,4.67999982834
1463935196130546691,1077,1463935195974803503,,0.779937922955,4.80000019073
1463935196130903461,1078,1463935196003665619,,0.0,4.80000019073
1463935196131248251,1079,1463935196032372840,,0.0,4.92000007629
1463935196131618093,1080,1463935196064251402,,0.0,4.80000019073
1463935196131935227,1081,1463935196087155262,,0.0,4.80000019073
1463935196132500068,1082,1463935196113099370,,0.0,4.92000007629
1463935196196617294,1083,1463935196139357279,,0.779937922955,4.92000007629
1463935196197098959,1084,1463935196169602306,,0.0,4.92000007629
1463935196199855145,1085,1463935196196520524,,0.0,4.80000019073
1463935196726842319,1086,1463935196224564831,,0.0,4.80000019073
1463935196727167682,1087,1463935196254076840,,0.0,4.92000007629
1463935196728894550,1088,1463935196277008201,,0.0,4.92000007629
1463935196729241528,1089,1463935196304057668,,0.0,4.92000007629
1463935196731041832,1090,1463935196329813079,,0.0,4.92000007629
1463935196731319800,1091,1463935196363592570,,0.0,4.92000007629
1463935196731605267,1092,1463935196389007878,,0.0,4.80000019073
1463935196732006412,1093,1463935196413702825,,0.0,4.80000019073
1463935196732065318,1094,1463935196437393713,,0.0,4.80000019073
1463935196732354014,1095,1463935196472480594,,0.0,4.92000007629
1463935196733848695,1096,1463935196500062820,,0.0,4.80000019073
1463935196735553271,1097,1463935196524074228,,0.0,4.80000019073
1463935196735897801,1098,1463935196556614766,,0.0,4.80000019073
1463935196738620810,1099,1463935196579140034,,0.0,4.92000007629
1463935196738700654,1100,1463935196604029823,,0.0,4.92000007629
1463935196740594031,1101,1463935196636542653,,0.0,4.92000007629
1463935196740987259,1102,1463935196664827115,,0.0,4.92000007629
1463935196741268872,1103,1463935196693546784,,0.0,4.80000019073
1463935196741968765,1104,1463935196723954571,,0.0,4.92000007629
1463935196833442124,1105,1463935196753614809,,0.0,4.92000007629
1463935196836225341,1106,1463935196783909627,,0.0,4.80000019073
1463935196836802526,1107,1463935196813279450,,0.0,4.80000019073
1463935197059760531,1108,1463935196839873971,,0.0,4.92000007629
1463935197060424435,1109,1463935196873088569,,0.0,5.28000020981
1463935197060777193,1110,1463935196896408834,,0.0,4.80000019073
1463935197061070421,1111,1463935196927360941,,0.0,4.92000007629
1463935197061330212,1112,1463935196937134962,,0.0,4.80000019073
1463935197061612450,1113,1463935196968089048,,0.0,4.92000007629
1463935197062263854,1114,1463935197006815185,,0.0,4.92000007629
1463935197062740050,1115,1463935197043665079,,0.0,4.92000007629
1463935197103945603,1116,1463935197075204059,,0.0,4.92000007629
1463935197175072746,1117,1463935197104837474,,0.0,4.92000007629
1463935197175694671,1118,1463935197137967853,,0.0,4.80000019073
1463935197180835222,1119,1463935197170765265,,0.0,4.80000019073
1463935197192708036,1120,1463935197182308966,,0.0,4.80000019073
1463935197233280675,1121,1463935197216431215,,0.0,4.80000019073
1463935197266381262,1122,1463935197245211092,,0.0,4.80000019073
1463935197322349252,1123,1463935197265831942,,0.0,4.92000007629
1463935197333203008,1124,1463935197275904295,,0.0,4.80000019073
1463935197333486913,1125,1463935197285901387,,0.0,4.80000019073
1463935197334056754,1126,1463935197312027890,,0.0,4.92000007629
1463935197335352165,1127,1463935197327070222,,0.0,4.92000007629
1463935197401213134,1128,1463935197343938535,,0.0,4.80000019073
1463935197404249215,1129,1463935197371239824,,0.0,4.92000007629
1463935197477454787,1130,1463935197408775029,,0.0,4.80000019073
1463935197478066711,1131,1463935197428358278,,0.0,4.92000007629
1463935197478199263,1132,1463935197454603010,,0.0,4.92000007629
1463935197535761413,1133,1463935197478239836,,0.0,4.80000019073
1463935197535797090,1134,1463935197499616932,,0.0,4.80000019073
1463935197535833235,1135,1463935197517066336,,0.0,4.80000019073
1463935197617931791,1136,1463935197535410581,,0.0,4.80000019073
1463935197618371789,1137,1463935197564637487,,0.0,4.92000007629
1463935197618959807,1138,1463935197597139744,,0.0,4.92000007629
1463935198199889875,1139,1463935197622306095,,0.0,4.80000019073
1463935198203761630,1140,1463935197646282555,,0.0,4.92000007629
1463935198205357404,1141,1463935197663398159,,0.0,4.92000007629
1463935198205459227,1142,1463935197680421367,,0.0,4.80000019073
1463935198207967862,1143,1463935197698961340,,0.0,4.80000019073
1463935198209331033,1144,1463935197720338019,,0.0,4.80000019073
1463935198210564726,1145,1463935197739107054,,0.0,4.92000007629
1463935198210619569,1146,1463935197758699678,,0.0,4.92000007629
1463935198210901391,1147,1463935197779827348,,0.0,4.92000007629
1463935198211203785,1148,1463935197798999714,,0.0,4.92000007629
1463935198211588940,1149,1463935197819376242,,0.0,4.80000019073
1463935198211640450,1150,1463935197839838811,,0.0,4.92000007629
1463935198211952324,1151,1463935197858932010,,0.0,4.80000019073
1463935198213120965,1152,1463935197876949225,,0.0,4.92000007629
1463935198213182891,1153,1463935197899605378,,0.0,4.92000007629
1463935198213230704,1154,1463935197919719302,,0.0,4.92000007629
1463935198213272527,1155,1463935197940036455,,0.0,4.80000019073
1463935198213321641,1156,1463935197958624292,,0.0,4.80000019073
1463935198213380651,1157,1463935197979016393,,0.0,4.80000019073
1463935198216523502,1158,1463935198000978122,,0.0,4.92000007629
1463935198216586679,1159,1463935198021265379,,0.0,4.80000019073
1463935198261336279,1160,1463935198043491325,,0.0,4.92000007629
1463935198261417269,1161,1463935198061438540,,0.0,4.80000019073
1463935198261456591,1162,1463935198081478507,,0.0,4.92000007629
1463935198261491018,1163,1463935198100732903,,0.0,4.92000007629
1463935198264044132,1164,1463935198120456569,,0.0,4.80000019073
1463935198264209184,1165,1463935198138830814,,0.0,4.80000019073
1463935198266453393,1166,1463935198159660724,,0.0,4.80000019073
1463935198268995257,1167,1463935198185846602,,0.0,4.80000019073
1463935198273904871,1168,1463935198213283985,,0.0,4.80000019073
1463935198274936794,1169,1463935198237488673,,0.0,4.92000007629
1463935198274986586,1170,1463935198260389877,,0.0,4.80000019073
1463935198682722603,1171,1463935198282201815,,0.0,4.92000007629
1463935198682817394,1172,1463935198304401772,,0.0,4.80000019073
1463935198682857915,1173,1463935198328408545,,0.0,4.92000007629
1463935198684147024,1174,1463935198349771005,,0.0,4.80000019073
1463935198684200513,1175,1463935198370877946,,0.0,4.92000007629
1463935198684237232,1176,1463935198393988681,,0.0,4.92000007629
1463935198686465035,1177,1463935198416272961,,0.0,4.80000019073
1463935198686905345,1178,1463935198438224325,,0.0,4.80000019073
1463935198686953105,1179,1463935198464279630,,0.0,4.80000019073
1463935198690673767,1180,1463935198494901479,,0.0,4.92000007629
1463935198690731475,1181,1463935198523145837,,0.0,4.19999980927
1463935198690775016,1182,1463935198544215382,,0.0,4.92000007629
1463935198692562509,1183,1463935198573451976,,0.0,4.80000019073
1463935198692627665,1184,1463935198606054181,,0.0,4.92000007629
1463935198692668498,1185,1463935198637274412,,0.0,4.80000019073
1463935198696432492,1186,1463935198664822679,,0.0,5.28000020981
1463935198696498690,1187,1463935198690417466,,0.0,4.80000019073
1463935201136734663,1188,1463935198713538929,,0.0,4.92000007629
1463935201138400854,1189,1463935198735184358,,0.0,4.80000019073
1463935201138466635,1190,1463935198758446081,,0.0,4.92000007629
1463935201138517937,1191,1463935198776582879,,0.0,4.92000007629
1463935201138555228,1192,1463935198800743140,,0.0,4.92000007629
1463935201139266683,1193,1463935198824053144,,0.0,4.80000019073
1463935201139390850,1194,1463935198844774358,,0.0,4.92000007629
1463935201139563661,1195,1463935198865465051,,0.0,4.80000019073
1463935201141064905,1196,1463935198885594027,,0.0,4.92000007629
1463935201142368128,1197,1463935198907213258,,0.0,4.80000019073
1463935201143708956,1198,1463935198927540566,,0.0,4.92000007629
1463935201143765050,1199,1463935198946446475,,0.0,4.92000007629
1463935201143938018,1200,1463935198965523112,,0.0,4.92000007629
1463935201145368116,1201,1463935198984902717,,0.0,4.92000007629
1463935201145674416,1202,1463935199005890440,,0.0,4.92000007629
1463935201145722750,1203,1463935199024580777,,0.0,4.80000019073
1463935201147958938,1204,1463935199044518556,,0.0,4.92000007629
1463935201148096333,1205,1463935199065290134,,0.0,4.80000019073
1463935201148331384,1206,1463935199085477808,,0.0,4.80000019073
1463935201148646018,1207,1463935199105541264,,0.0,4.80000019073
1463935201148913413,1208,1463935199126828412,,0.0,4.80000019073
1463935201149214349,1209,1463935199151859295,,0.0,4.92000007629
1463935201149261276,1210,1463935199171869209,,0.0,4.92000007629
1463935201149298724,1211,1463935199183194421,,0.0,4.92000007629
1463935201152137618,1212,1463935199205964584,,0.0,4.80000019073
1463935201152192357,1213,1463935199227671835,,0.0,4.92000007629
1463935201152228659,1214,1463935199243855777,,0.0,4.80000019073
1463935201152450429,1215,1463935199267938434,,0.0,4.92000007629
1463935201152613970,1216,1463935199288587148,,0.0,4.92000007629
1463935201152654803,1217,1463935199311685955,,0.0,4.92000007629
1463935201153057979,1218,1463935199335043928,,0.0,4.92000007629
1463935201153285842,1219,1463935199356418785,,0.0,5.40000009537
1463935201153323446,1220,1463935199378689679,,0.0,4.92000007629
1463935201153520477,1221,1463935199401323749,,0.0,4.80000019073
1463935201153559539,1222,1463935199425093023,,0.0,4.92000007629
1463935201154093807,1223,1463935199447686988,,0.0,4.80000019073
1463935201154142036,1224,1463935199476650875,,0.0,4.92000007629
1463935201154294848,1225,1463935199496635477,,0.0,4.80000019073
1463935201154341098,1226,1463935199521332142,,0.0,4.92000007629
1463935201156957649,1227,1463935199541804711,,0.0,4.80000019073
1463935201159155505,1228,1463935199563111026,,0.0,4.92000007629
1463935201159451805,1229,1463935199585144109,,0.0,4.80000019073
1463935201159498003,1230,1463935199606690215,,0.0,4.92000007629
1463935201161171173,1231,1463935199628791735,,0.0,4.80000019073
1463935201161227319,1232,1463935199653758816,,0.0,4.80000019073
1463935201161621067,1233,1463935199683241502,,0.0,4.92000007629
1463935201161741327,1234,1463935199709106027,,0.0,4.80000019073
1463935201162086534,1235,1463935199731752805,,0.0,4.80000019073
1463935201162131690,1236,1463935199751957354,,0.0,4.80000019073
1463935201165944903,1237,1463935199771912738,,0.0,4.80000019073
1463935201166336099,1238,1463935199788384907,,0.0,4.80000019073
1463935201166577869,1239,1463935199812353867,,0.0,4.80000019073
1463935201166627764,1240,1463935199834051899,,0.0,4.80000019073
1463935201166845836,1241,1463935199854108428,,0.0,4.80000019073
1463935201166887294,1242,1463935199881918101,,0.0,4.92000007629
1463935201173440444,1243,1463935199905428677,,0.0,4.80000019073
1463935201173791067,1244,1463935199927732957,,0.0,4.92000007629
1463935201174905594,1245,1463935199949719217,,0.0,4.92000007629
1463935201174947781,1246,1463935199974715569,,0.0,4.92000007629
1463935201178185892,1247,1463935200001318163,,0.0,4.80000019073
1463935201178511568,1248,1463935200026473576,,0.0,4.80000019073
1463935201178808077,1249,1463935200051043940,,0.0,4.92000007629
1463935201179565626,1250,1463935200073638375,,0.0,4.80000019073
1463935201179753385,1251,1463935200096159424,,0.0,4.80000019073
1463935201179852239,1252,1463935200121976397,,0.0,4.92000007629
1463935201182474415,1253,1463935200137125083,,0.0,4.92000007629
1463935201182796497,1254,1463935200159251655,,0.0,4.92000007629
1463935201183497223,1255,1463935200188202104,,0.0,4.80000019073
1463935201183550140,1256,1463935200209928990,,0.0,4.80000019073
1463935201183704983,1257,1463935200233461285,,0.0,4.92000007629
1463935201183750243,1258,1463935200257844098,,0.0,4.80000019073
1463935201184018575,1259,1463935200288688966,,0.0,4.80000019073
1463935201184432688,1260,1463935200296957055,,0.0,4.80000019073
1463935201184480813,1261,1463935200309983718,,0.0,4.80000019073
1463935201184641854,1262,1463935200365713741,,0.0,4.92000007629
1463935201184788103,1263,1463935200374891201,,0.0,4.92000007629
1463935201185049821,1264,1463935200393477268,,0.0,4.92000007629
1463935201185311070,1265,1463935200401158225,,0.0,4.80000019073
1463935201186035911,1266,1463935200426376658,,0.0,4.92000007629
1463935201188273297,1267,1463935200441012012,,0.0,4.80000019073
1463935201188342671,1268,1463935200464500350,,0.0,4.92000007629
1463935201191139430,1269,1463935200482276419,,0.0,4.92000007629
1463935201193706503,1270,1463935200503006539,,0.0,4.80000019073
1463935201195178840,1271,1463935200522246248,,0.0,4.92000007629
1463935201196277013,1272,1463935200540984085,,0.0,4.80000019073
1463935201196333575,1273,1463935200562388056,,0.0,4.80000019073
1463935201196678938,1274,1463935200580916831,,0.0,4.92000007629
1463935201196966176,1275,1463935200600684351,,0.0,4.92000007629
1463935201197229404,1276,1463935200621274992,,0.0,4.92000007629
1463935201197585549,1277,1463935200640730742,,0.0,4.80000019073
1463935201197633101,1278,1463935200661255237,,0.0,4.92000007629
1463935201197869089,1279,1463935200681230048,,0.0,4.80000019073
1463935201198140130,1280,1463935200701189806,,0.0,4.92000007629
1463935201198437785,1281,1463935200721070138,,0.0,4.92000007629
1463935201198479659,1282,1463935200743582021,,0.0,4.80000019073
1463935201198519711,1283,1463935200761549392,,0.0,4.80000019073
1463935201198794658,1284,1463935200781344359,,0.0,4.80000019073
1463935201198837679,1285,1463935200802199062,,0.0,4.80000019073
1463935201200531838,1286,1463935200821639864,,0.0,4.80000019073
1463935201201056940,1287,1463935200841475196,,0.0,4.92000007629
1463935201202951411,1288,1463935200861163966,,0.0,4.92000007629
1463935201203010109,1289,1463935200881032996,,0.0,4.80000019073
1463935201206469834,1290,1463935200901082598,,0.0,4.80000019073
1463935201206901082,1291,1463935200924064531,,0.0,4.92000007629
1463935201206957227,1292,1463935200942217734,,0.0,4.80000019073
1463935201212933921,1293,1463935200963321706,,0.0,4.80000019073
1463935201215396202,1294,1463935200987311656,,0.0,4.80000019073
1463935201215455420,1295,1463935201000926181,,0.0,4.92000007629
1463935201215721304,1296,1463935201021027449,,0.0,4.80000019073
1463935201219688996,1297,1463935201041900433,,0.0,4.92000007629
1463935201220587846,1298,1463935201091204753,,0.0,4.80000019073
1463935201220910084,1299,1463935201135963468,,0.0,4.80000019073
1463935201221119979,1300,1463935201178508547,,0.0,4.92000007629
1463935201584325354,1301,1463935201226094437,,0.0,4.92000007629
1463935201584646498,1302,1463935201267997696,,0.0,4.92000007629
1463935201584933372,1303,1463935201307302736,,0.0,4.92000007629
1463935201585191600,1304,1463935201333887101,,0.0,4.92000007629
1463935201585339985,1305,1463935201363080049,,0.0,4.92000007629
1463935201585384099,1306,1463935201390559724,,0.0,4.92000007629
1463935201585710660,1307,1463935201421713653,,0.0,4.80000019073
1463935201585755972,1308,1463935201448588069,,0.0,4.80000019073
1463935201586050346,1309,1463935201479471375,,0.0,4.80000019073
1463935201586865603,1310,1463935201515469867,,0.0,4.80000019073
1463935201587244091,1311,1463935201548743683,,0.0,4.80000019073
1463935201587626537,1312,1463935201577465383,,0.0,4.92000007629
