%time,field.header.seq,field.header.stamp,field.header.frame_id,field.temperature,field.variance
1463935176451178328,295,1463935176313839645,,1498.0,1438.0
1463935176451697076,296,1463935176336292465,,1498.0,1438.0
1463935176451870982,297,1463935176345982841,,1497.0,1437.0
1463935176457303042,298,1463935176383746950,,1499.0,1439.0
1463935176457829446,299,1463935176451800201,,1498.0,1435.0
1463935176497570786,300,1463935176492555964,,1498.0,1435.0
1463935176522111567,301,1463935176497288027,,1498.0,1434.0
1463935176537650563,302,1463935176515570293,,1498.0,1437.0
1463935176554234398,303,1463935176552805654,,1498.0,1437.0
1463935176591142522,304,1463935176578831689,,1498.0,1438.0
1463935176614989816,305,1463935176607186203,,1498.0,1437.0
1463935176628783298,306,1463935176625550708,,1497.0,1436.0
1463935176645357654,307,1463935176642089491,,1498.0,1435.0
1463935176695377805,308,1463935176669150990,,1494.0,1434.0
1463935176776805113,309,1463935176697487744,,1495.0,1434.0
1463935176777444746,310,1463935176722467794,,1498.0,1435.0
1463935176777530162,311,1463935176748154767,,1498.0,1437.0
1463935176811657933,312,1463935176776379855,,1498.0,1437.0
1463935176812286941,313,1463935176799322882,,1498.0,1437.0
1463935176833227164,314,1463935176826900732,,1498.0,1437.0
1463935176862809641,315,1463935176858714034,,1499.0,1437.0
1463935176876297500,316,1463935176873953292,,1498.0,1440.0
1463935176890065202,317,1463935176886634383,,1498.0,1437.0
1463935176966898832,318,1463935176909309964,,1494.0,1439.0
1463935176967384090,319,1463935176937310885,,1494.0,1439.0
1463935176983544698,320,1463935176976763113,,1498.0,1442.0
1463935177039425761,321,1463935176999088017,,1498.0,1441.0
1463935177039895395,322,1463935177019263973,,1498.0,1439.0
1463935177058798283,323,1463935177037664311,,1498.0,1440.0
1463935177101115081,324,1463935177069865162,,1498.0,1439.0
1463935177101572110,325,1463935177085006296,,1498.0,1443.0
1463935177123719255,326,1463935177116787045,,1498.0,1440.0
1463935177170653013,327,1463935177162581901,,1498.0,1444.0
1463935177184623995,328,1463935177178691728,,1498.0,1446.0
1463935177203231571,329,1463935177193615258,,1498.0,1441.0
1463935177247584871,330,1463935177226334650,,1498.0,1442.0
1463935177247767371,331,1463935177240205215,,1498.0,1441.0
1463935177266025157,332,1463935177251962665,,1498.0,1442.0
1463935177287306368,333,1463935177272496484,,1498.0,1441.0
1463935177299199911,334,1463935177291934838,,1498.0,1441.0
1463935177326555419,335,1463935177317006345,,1499.0,1441.0
1463935177337197770,336,1463935177331756855,,1498.0,1441.0
1463935177358036535,337,1463935177351954686,,1498.0,1440.0
1463935177412161355,338,1463935177392960031,,1498.0,1440.0
1463935177440037226,339,1463935177416767950,,1498.0,1442.0
1463935177447391048,340,1463935177441451699,,1498.0,1443.0
1463935177504989135,341,1463935177465078369,,1498.0,1444.0
1463935177505027260,342,1463935177485419584,,1498.0,1445.0
1463935177518368349,343,1463935177511458952,,1498.0,1444.0
1463935177544216832,344,1463935177533347035,,1498.0,1444.0
1463935177557887607,345,1463935177554848454,,1498.0,1442.0
1463935177587610084,346,1463935177575283939,,1498.0,1442.0
1463935177606101880,347,1463935177597731291,,1498.0,1442.0
1463935177627220957,348,1463935177618455734,,1498.0,1442.0
1463935177642822088,349,1463935177639932829,,1498.0,1442.0
1463935177661541852,350,1463935177655889167,,1498.0,1442.0
1463935177685140917,351,1463935177678932454,,1498.0,1443.0
1463935177704785677,352,1463935177700469081,,1498.0,1423.0
1463935177742463120,353,1463935177721818886,,1498.0,1458.0
1463935177795162739,354,1463935177742728171,,1498.0,1444.0
1463935177798063143,355,1463935177762425795,,1498.0,1445.0
1463935177801897918,356,1463935177783291175,,1498.0,1445.0
1463935177809773197,357,1463935177801533701,,1498.0,1444.0
1463935177888144060,358,1463935177820072893,,1498.0,1444.0
1463935177888367965,359,1463935177828990823,,1498.0,1443.0
1463935177888599162,360,1463935177855313367,,1498.0,1444.0
1463935177888645464,361,1463935177868770132,,1499.0,1441.0
1463935177888859630,362,1463935177881051746,,1498.0,1442.0
1463935177927070091,363,1463935177906393201,,1498.0,1442.0
1463935177927686912,364,1463935177914398114,,1498.0,1443.0
1463935177962411763,365,1463935177935207869,,1498.0,1443.0
1463935177962509888,366,1463935177958706414,,1498.0,1442.0
1463935177979816168,367,1463935177974077495,,1498.0,1442.0
1463935178005461579,368,1463935177994996572,,1499.0,1441.0
1463935178019879122,369,1463935178015317891,,1498.0,1440.0
1463935178050665761,370,1463935178039960755,,1500.0,1441.0
1463935178082745363,371,1463935178068263498,,1498.0,1438.0
1463935178087579822,372,1463935178085434206,,1498.0,1436.0
1463935178147035922,373,1463935178114308041,,1498.0,1438.0
1463935178147076651,374,1463935178133981030,,1498.0,1441.0
1463935178328569937,375,1463935178154996669,,1498.0,1442.0
1463935178328965196,376,1463935178175288509,,1498.0,1444.0
1463935178332160391,377,1463935178194939467,,1498.0,1445.0
1463935178333818040,378,1463935178215562764,,1498.0,1445.0
1463935178333880279,379,1463935178235571429,,1498.0,1445.0
1463935178335921052,380,1463935178254108381,,1498.0,1446.0
1463935178336752454,381,1463935178274044910,,1498.0,1446.0
1463935178337265004,382,1463935178293660972,,1498.0,1445.0
1463935178337701982,383,1463935178315533795,,1497.0,1444.0
1463935178900944834,384,1463935178337233234,,1497.0,1444.0
1463935178901291395,385,1463935178358096374,,1498.0,1444.0
1463935178901983684,386,1463935178376198432,,1497.0,1443.0
1463935178902319568,387,1463935178397904380,,1498.0,1442.0
1463935178902639827,388,1463935178417929034,,1498.0,1444.0
1463935178904549506,389,1463935178440891801,,1498.0,1446.0
1463935178904859661,390,1463935178462944675,,1498.0,1447.0
1463935178905136118,391,1463935178482657664,,1498.0,1444.0
1463935178907547722,392,1463935178507324329,,1498.0,1454.0
1463935178907972408,393,1463935178527990856,,1498.0,1447.0
1463935178910527449,394,1463935178549811075,,1498.0,1450.0
1463935178910945833,395,1463935178569656511,,1498.0,1453.0
1463935178912590565,396,1463935178592545059,,1498.0,1451.0
1463935178912866970,397,1463935178612495546,,1498.0,1448.0
1463935178913147073,398,1463935178631937390,,1498.0,1445.0
1463935178913433010,399,1463935178650770799,,1498.0,1445.0
1463935178913800300,400,1463935178668440515,,1498.0,1447.0
1463935178914103944,401,1463935178689361520,,1498.0,1445.0
1463935178914388058,402,1463935178711991319,,1498.0,1445.0
1463935178916040551,403,1463935178729138225,,1497.0,1444.0
1463935178916420393,404,1463935178752104272,,1497.0,1444.0
1463935178918024084,405,1463935178772174030,,1497.0,1446.0
1463935178918350905,406,1463935178794482789,,1498.0,1444.0
1463935178918624862,407,1463935178811723497,,1499.0,1442.0
1463935178920052096,408,1463935178833578143,,1498.0,1441.0
1463935178920754176,409,1463935178855647736,,1498.0,1442.0
1463935178921394851,410,1463935178883969959,,1498.0,1442.0
1463935178924418015,411,1463935178911566611,,1498.0,1440.0
1463935179060984254,412,1463935178938713162,,1498.0,1440.0
1463935179061275763,413,1463935178967310175,,1499.0,1440.0
1463935179061592897,414,1463935178996578331,,1498.0,1440.0
1463935179067123759,415,1463935179025047480,,1498.0,1442.0
1463935179067635059,416,1463935179053824284,,1498.0,1443.0
1463935179626210535,417,1463935179078465325,,1498.0,1443.0
1463935179626250535,418,1463935179103406885,,1498.0,1447.0
1463935179626483919,419,1463935179129397972,,1498.0,1445.0
1463935179626527409,420,1463935179156413169,,1498.0,1444.0
1463935179626754752,421,1463935179179666246,,1498.0,1443.0
1463935179626816158,422,1463935179206982067,,1498.0,1443.0
1463935179626867251,423,1463935179234082993,,1498.0,1445.0
1463935179626916053,424,1463935179259842935,,1498.0,1448.0
1463935179626965740,425,1463935179287343599,,1498.0,1445.0
1463935179627011209,426,1463935179314104786,,1498.0,1447.0
1463935179627045063,427,1463935179343412630,,1498.0,1447.0
1463935179627313916,428,1463935179375006297,,1499.0,1448.0
1463935179627356103,429,1463935179403794872,,1498.0,1448.0
1463935179627570477,430,1463935179429361846,,1498.0,1448.0
1463935179627616935,431,1463935179458701564,,1497.0,1442.0
1463935179627653914,432,1463935179486046134,,1498.0,1444.0
1463935179627875788,433,1463935179515850070,,1498.0,1447.0
1463935179627933965,434,1463935179527287573,,1498.0,1451.0
1463935179627980944,435,1463935179547502955,,1498.0,1447.0
1463935179628208495,436,1463935179608147852,,1498.0,1449.0
1463935179690619583,437,1463935179674830744,,1498.0,1459.0
1463935179724909540,438,1463935179701077142,,1497.0,1471.0
1463935179725299226,439,1463935179721629919,,1497.0,1458.0
1463935179762883597,440,1463935179741647333,,1499.0,1460.0
1463935179770575543,441,1463935179766432748,,1498.0,1459.0
1463935179791586234,442,1463935179788595830,,1498.0,1455.0
1463935179811831096,443,1463935179808398298,,1498.0,1452.0
1463935179854131332,444,1463935179827720299,,1498.0,1452.0
1463935179854551538,445,1463935179848621980,,1498.0,1450.0
1463935179871604121,446,1463935179869201892,,1498.0,1448.0
1463935179896001205,447,1463935179893611423,,1498.0,1446.0
1463935179918070485,448,1463935179914859718,,1498.0,1446.0
1463935179972054994,449,1463935179936587958,,1498.0,1445.0
1463935179972487336,450,1463935179958012242,,1498.0,1424.0
1463935180021776136,451,1463935179978387884,,1497.0,1460.0
1463935180022246029,452,1463935179999478627,,1499.0,1443.0
1463935180022616497,453,1463935180021121295,,1498.0,1441.0
1463935180057680826,454,1463935180039802309,,1498.0,1445.0
1463935180067743387,455,1463935180060521439,,1498.0,1440.0
1463935180095179311,456,1463935180082287439,,1498.0,1440.0
1463935180115981097,457,1463935180103162559,,1498.0,1438.0
1463935180124860174,458,1463935180122902162,,1498.0,1438.0
1463935180161981838,459,1463935180143762958,,1498.0,1438.0
1463935180170758624,460,1463935180164789535,,1498.0,1420.0
1463935180220607056,461,1463935180184417576,,1498.0,1453.0
1463935180221021690,462,1463935180206518419,,1498.0,1438.0
1463935180246134916,463,1463935180243526229,,1499.0,1439.0
1463935180275032345,464,1463935180265937019,,1498.0,1443.0
1463935180302500873,465,1463935180294671375,,1498.0,1440.0
1463935180370606051,466,1463935180316419355,,1498.0,1442.0
1463935180383480631,467,1463935180342475025,,1498.0,1443.0
1463935180385623851,468,1463935180369684440,,1498.0,1444.0
1463935180421350365,469,1463935180409722810,,1498.0,1449.0
1463935180432759847,470,1463935180421649478,,1499.0,1448.0
1463935180676214223,471,1463935180442118193,,1498.0,1448.0
1463935180676499274,472,1463935180470602758,,1498.0,1449.0
1463935180676770523,473,1463935180492031521,,1498.0,1450.0
1463935180677072032,474,1463935180512740912,,1500.0,1450.0
1463935180677328593,475,1463935180540962562,,1498.0,1450.0
1463935180677579113,476,1463935180561997420,,1498.0,1452.0
1463935180677843487,477,1463935180583253162,,1498.0,1451.0
1463935180678149996,478,1463935180604068021,,1498.0,1451.0
1463935180680324101,479,1463935180623719552,,1499.0,1451.0
1463935180680791235,480,1463935180645046336,,1498.0,1451.0
1463935180681187639,481,1463935180676041151,,1498.0,1451.0
1463935180775576455,482,1463935180722324391,,1498.0,1451.0
1463935180776099681,483,1463935180761305995,,1498.0,1447.0
1463935180834878597,484,1463935180800434838,,1498.0,1443.0
1463935180845903341,485,1463935180830791166,,1499.0,1443.0
1463935180865125082,486,1463935180853200446,,1497.0,1445.0
1463935180865164144,487,1463935180860899267,,1497.0,1445.0
1463935180885357652,488,1463935180882322248,,1499.0,1446.0
1463935180908010628,489,1463935180901320240,,1498.0,1447.0
1463935180961518212,490,1463935180918123137,,1498.0,1448.0
1463935180962007793,491,1463935180939183828,,1498.0,1449.0
1463935180962053053,492,1463935180947815041,,1498.0,1447.0
1463935180969860520,493,1463935180967237666,,1498.0,1449.0
1463935180996902435,494,1463935180994233541,,1497.0,1449.0
1463935181033098843,495,1463935181022514618,,1498.0,1448.0
1463935181078513753,496,1463935181074191167,,1498.0,1448.0
1463935181115732865,497,1463935181105986813,,1498.0,1442.0
1463935181177356820,498,1463935181169183886,,1498.0,1443.0
1463935181245288769,499,1463935181236784326,,1498.0,1434.0
1463935181291265760,500,1463935181279296228,,1498.0,1437.0
1463935181314119100,501,1463935181294863141,,1498.0,1442.0
1463935181335953746,502,1463935181322596772,,1498.0,1442.0
1463935181353711274,503,1463935181338077956,,1498.0,1441.0
1463935181367075749,504,1463935181357984277,,1498.0,1441.0
1463935181414042058,505,1463935181402498410,,1497.0,1440.0
1463935181455759901,506,1463935181427747781,,1499.0,1439.0
1463935181455814015,507,1463935181449744249,,1498.0,1441.0
1463935181630207124,508,1463935181478777302,,1498.0,1442.0
1463935181630253217,509,1463935181506463642,,1499.0,1445.0
1463935181630296290,510,1463935181529855886,,1498.0,1445.0
1463935181632257740,511,1463935181551922875,,1498.0,1445.0
1463935181632379302,512,1463935181574258613,,1498.0,1445.0
1463935181632919664,513,1463935181596722735,,1498.0,1445.0
1463935181633065653,514,1463935181619410138,,1498.0,1445.0
1463935182158467365,515,1463935181646525648,,1498.0,1445.0
1463935182158819655,516,1463935181668903156,,1498.0,1445.0
1463935182159120331,517,1463935181689927806,,1498.0,1446.0
1463935182161771257,518,1463935181713048644,,1498.0,1447.0
1463935182163385938,519,1463935181737703851,,1498.0,1447.0
1463935182163758540,520,1463935181764200301,,1499.0,1448.0
1463935182165357075,521,1463935181788291135,,1498.0,1446.0
1463935182165710928,522,1463935181809907657,,1499.0,1444.0
1463935182168030449,523,1463935181833626618,,1498.0,1443.0
1463935182168385656,524,1463935181856351417,,1498.0,1442.0
1463935182168693363,525,1463935181877279557,,1498.0,1441.0
1463935182168992476,526,1463935181901198205,,1494.0,1441.0
1463935182171693090,527,1463935181921846814,,1494.0,1440.0
1463935182172020172,528,1463935181944301510,,1494.0,1439.0
1463935182172311212,529,1463935181964946109,,1494.0,1440.0
1463935182172634857,530,1463935181987487106,,1494.0,1440.0
1463935182174949065,531,1463935182008247955,,1494.0,1440.0
1463935182175297345,532,1463935182029295313,,1493.0,1440.0
1463935182175604740,533,1463935182052001362,,1494.0,1441.0
1463935182177711814,534,1463935182072798617,,1494.0,1440.0
1463935182178103375,535,1463935182094133161,,1494.0,1440.0
1463935182182131691,536,1463935182115944995,,1494.0,1440.0
1463935182198657766,537,1463935182137124644,,1494.0,1440.0
1463935182199863282,538,1463935182158581740,,1493.0,1441.0
1463935182200531560,539,1463935182180001231,,1494.0,1442.0
1463935182414822467,540,1463935182201121766,,1494.0,1443.0
1463935182414877831,541,1463935182224297240,,1494.0,1444.0
1463935182414931737,542,1463935182247121413,,1494.0,1444.0
1463935182414984706,543,1463935182268699342,,1493.0,1444.0
1463935182419498020,544,1463935182290500915,,1494.0,1445.0
1463935182419567447,545,1463935182313899461,,1493.0,1445.0
1463935182419609634,546,1463935182335308015,,1494.0,1446.0
1463935182419648592,547,1463935182356680372,,1494.0,1446.0
1463935182419685467,548,1463935182378680694,,1494.0,1446.0
1463935182419720623,549,1463935182402481374,,1494.0,1446.0
1463935183686847549,550,1463935182433738636,,1494.0,1446.0
1463935183686891924,551,1463935182454756723,,1494.0,1445.0
1463935183686931507,552,1463935182493897546,,1494.0,1443.0
1463935183687000882,553,1463935182524484811,,1494.0,1443.0
1463935183687113798,554,1463935182559737212,,1494.0,1441.0
1463935183687151038,555,1463935182579144421,,1493.0,1441.0
1463935183687185100,556,1463935182599216522,,1494.0,1440.0
1463935183687388901,557,1463935182621391167,,1494.0,1438.0
1463935183687430151,558,1463935182640853376,,1493.0,1436.0
1463935183687465047,559,1463935182661539433,,1494.0,1436.0
1463935183687565150,560,1463935182685380269,,1494.0,1436.0
1463935183687655306,561,1463935182705701223,,1494.0,1436.0
1463935183687760723,562,1463935182727364152,,1494.0,1436.0
1463935183687797962,563,1463935182750434834,,1494.0,1437.0
1463935183687846972,564,1463935182771901982,,1494.0,1437.0
1463935183687880774,565,1463935182793232568,,1493.0,1437.0
1463935183687991034,566,1463935182818625011,,1494.0,1437.0
1463935183688101398,567,1463935182840847208,,1493.0,1436.0
1463935183688139054,568,1463935182862428209,,1494.0,1436.0
1463935183688191919,569,1463935182883758587,,1494.0,1436.0
1463935183688230096,570,1463935182904789747,,1493.0,1436.0
1463935183688332960,571,1463935182925983042,,1494.0,1435.0
1463935183688451345,572,1463935182949520545,,1494.0,1435.0
1463935183688590719,573,1463935182970827746,,1493.0,1435.0
1463935183688627646,574,1463935182992668486,,1494.0,1435.0
1463935183688798739,575,1463935183014132821,,1494.0,1436.0
1463935183688850353,576,1463935183035391168,,1494.0,1435.0
1463935183688885718,577,1463935183056485036,,1493.0,1436.0
1463935183688979207,578,1463935183076447815,,1494.0,1435.0
1463935183689066550,579,1463935183095647317,,1493.0,1436.0
1463935183689124883,580,1463935183116912694,,1493.0,1436.0
1463935183689160092,581,1463935183139179474,,1494.0,1437.0
1463935183689249518,582,1463935183160904485,,1493.0,1437.0
1463935183689351809,583,1463935183180921483,,1494.0,1437.0
1463935183689389049,584,1463935183214362538,,1493.0,1437.0
1463935183689509205,585,1463935183229255079,,1493.0,1439.0
1463935183689546132,586,1463935183245561519,,1494.0,1439.0
1463935183689669256,587,1463935183261756815,,1494.0,1437.0
1463935183689721652,588,1463935183277177790,,1493.0,1439.0
1463935183689765662,589,1463935183308980050,,1494.0,1437.0
1463935183712354784,590,1463935183334369108,,1493.0,1441.0
1463935183712395148,591,1463935183355309331,,1493.0,1438.0
1463935183712426867,592,1463935183375849973,,1494.0,1438.0
1463935183712463846,593,1463935183395982387,,1493.0,1438.0
1463935183712758741,594,1463935183414278923,,1494.0,1437.0
1463935183712863115,595,1463935183444975302,,1494.0,1437.0
1463935183712966292,596,1463935183465349069,,1494.0,1437.0
1463935183713233062,597,1463935183486896581,,1494.0,1437.0
1463935183713548633,598,1463935183506656080,,1494.0,1436.0
1463935183713850194,599,1463935183526864015,,1495.0,1417.0
1463935183713896757,600,1463935183546413723,,1493.0,1453.0
1463935183713938006,601,1463935183566238534,,1494.0,1436.0
1463935183714070558,602,1463935183589701402,,1495.0,1436.0
1463935183714106027,603,1463935183600677241,,1493.0,1436.0
1463935183714146860,604,1463935183621870952,,1494.0,1435.0
1463935183714246443,605,1463935183633457673,,1494.0,1436.0
1463935183714298422,606,1463935183657251426,,1493.0,1434.0
1463935183726982326,607,1463935183678878313,,1494.0,1435.0
1463935184291762099,608,1463935183708819955,,1494.0,1434.0
1463935184291806578,609,1463935183741779346,,1494.0,1434.0
1463935184291845588,610,1463935183767072883,,1494.0,1435.0
1463935184291883192,611,1463935183789145862,,1494.0,1435.0
1463935184291918296,612,1463935183815078147,,1494.0,1437.0
1463935184291953087,613,1463935183837726644,,1493.0,1436.0
1463935184291995795,614,1463935183858395462,,1494.0,1436.0
1463935184295601874,615,1463935183881440624,,1494.0,1436.0
1463935184295652446,616,1463935183903266624,,1493.0,1437.0
1463935184295690780,617,1463935183924736845,,1494.0,1437.0
1463935184295728436,618,1463935183947161124,,1494.0,1437.0
1463935184295770311,619,1463935183969298321,,1494.0,1437.0
1463935184295806040,620,1463935183992790512,,1494.0,1437.0
1463935184295841144,621,1463935184017245356,,1494.0,1437.0
1463935184295875987,622,1463935184038443859,,1494.0,1437.0
1463935184295914997,623,1463935184059274186,,1494.0,1438.0
1463935184295952601,624,1463935184080357794,,1494.0,1438.0
1463935184295988799,625,1463935184099260265,,1494.0,1438.0
1463935184296026559,626,1463935184116938158,,1494.0,1438.0
1463935184296061820,627,1463935184135840578,,1494.0,1439.0
1463935184296096559,628,1463935184154511539,,1494.0,1439.0
1463935184296183590,629,1463935184175047337,,1494.0,1439.0
1463935184296229111,630,1463935184189135610,,1494.0,1438.0
1463935184296266558,631,1463935184207625583,,1494.0,1439.0
1463935184296439683,632,1463935184226155660,,1494.0,1440.0
1463935184296915983,633,1463935184250267276,,1494.0,1439.0
1463935184297802177,634,1463935184268567354,,1493.0,1439.0
1463935184427154020,635,1463935184288041177,,1493.0,1440.0
1463935184427504331,636,1463935184314502210,,1494.0,1440.0
1463935184430836712,637,1463935184339974601,,1494.0,1440.0
1463935184431181450,638,1463935184360298576,,1494.0,1441.0
1463935184431947749,639,1463935184382100098,,1494.0,1442.0
1463935184433710971,640,1463935184403267716,,1494.0,1442.0
1463935184436772885,641,1463935184422341488,,1493.0,1443.0
1463935185078294621,642,1463935184443816292,,1494.0,1424.0
1463935185080245550,643,1463935184462621108,,1493.0,1460.0
1463935185080310758,644,1463935184483300759,,1493.0,1444.0
1463935185080698986,645,1463935184502399323,,1494.0,1445.0
1463935185081232057,646,1463935184524838706,,1494.0,1445.0
1463935185081284348,647,1463935184543278471,,1493.0,1444.0
1463935185081319817,648,1463935184560013295,,1494.0,1443.0
1463935185081857679,649,1463935184579421285,,1494.0,1445.0
1463935185081906272,650,1463935184599025524,,1494.0,1444.0
1463935185082253615,651,1463935184618748878,,1494.0,1445.0
1463935185082630332,652,1463935184642573828,,1494.0,1446.0
1463935185082671686,653,1463935184661689632,,1493.0,1446.0
1463935185083655275,654,1463935184682992718,,1494.0,1445.0
1463935185083715640,655,1463935184703913566,,1494.0,1444.0
1463935185084113607,656,1463935184724429311,,1494.0,1444.0
1463935185084420376,657,1463935184745822293,,1494.0,1443.0
1463935185086653908,658,1463935184766380121,,1494.0,1441.0
1463935185086704221,659,1463935184784711345,,1493.0,1439.0
1463935185087149635,660,1463935184807322186,,1494.0,1438.0
1463935185087444947,661,1463935184827699703,,1494.0,1437.0
1463935185087716091,662,1463935184849237632,,1495.0,1436.0
1463935185088008746,663,1463935184869662284,,1493.0,1436.0
1463935185088296037,664,1463935184892460468,,1493.0,1436.0
1463935185088584265,665,1463935184912938818,,1494.0,1435.0
1463935185088897388,666,1463935184931585092,,1493.0,1438.0
1463935185089173221,667,1463935184952835053,,1493.0,1435.0
1463935185089462594,668,1463935184973003613,,1494.0,1434.0
1463935185089728374,669,1463935184991701241,,1493.0,1434.0
1463935185089998113,670,1463935185012479538,,1494.0,1434.0
1463935185091078837,671,1463935185028920093,,1493.0,1435.0
1463935185091140400,672,1463935185048485686,,1493.0,1436.0
1463935185091188524,673,1463935185068557215,,1494.0,1435.0
1463935185386428929,674,1463935185091237743,,1495.0,1436.0
1463935185386704188,675,1463935185112469163,,1495.0,1435.0
1463935185386967156,676,1463935185144361735,,1518.0,1436.0
1463935185387336112,677,1463935185159013130,,1517.0,1437.0
1463935185387823454,678,1463935185166487317,,1517.0,1436.0
1463935185388259754,679,1463935185186607335,,1580.0,1437.0
1463935185388565899,680,1463935185210727128,,1580.0,1438.0
1463935185388879283,681,1463935185231307040,,1580.0,1440.0
1463935185390353547,682,1463935185250644561,,1580.0,1441.0
1463935185390961670,683,1463935185269216982,,1580.0,1441.0
1463935185391516511,684,1463935185290005279,,1580.0,1440.0
1463935185391994374,685,1463935185308051035,,1580.0,1438.0
1463935185392603798,686,1463935185328180584,,1580.0,1439.0
1463935185395047538,687,1463935185351471526,,1580.0,1437.0
1463935185395960294,688,1463935185371859512,,1580.0,1435.0
1463935185396398886,689,1463935185392280623,,1580.0,1432.0
1463935185661238431,690,1463935185411953663,,1580.0,1427.0
1463935185661535253,691,1463935185432794772,,1580.0,1426.0
1463935185661823741,692,1463935185461957512,,1580.0,1424.0
1463935185662639987,693,1463935185486789073,,1580.0,1423.0
1463935185662706550,694,1463935185508103148,,1580.0,1422.0
1463935185662745195,695,1463935185533367884,,1580.0,1417.0
1463935185662778893,696,1463935185551994992,,1580.0,1417.0
1463935185663512380,697,1463935185572405738,,1580.0,1419.0
1463935185663938472,698,1463935185591981123,,1580.0,1422.0
1463935185664273105,699,1463935185612481764,,1580.0,1422.0
1463935185665117477,700,1463935185633752819,,1580.0,1422.0
1463935185665975025,701,1463935185653705182,,1580.0,1422.0
1463935185726085550,702,1463935185678829762,,1580.0,1420.0
1463935185727117628,703,1463935185699048269,,1580.0,1419.0
1463935185727655751,704,1463935185724047277,,1580.0,1420.0
1463935185992124464,705,1463935185749945656,,1580.0,1407.0
1463935185992980294,706,1463935185777783349,,1580.0,1413.0
1463935185994122424,707,1463935185799566485,,1580.0,1414.0
1463935185994179455,708,1463935185827858031,,1580.0,1414.0
1463935185995105493,709,1463935185857506446,,1580.0,1413.0
1463935185995768980,710,1463935185893158429,,1580.0,1411.0
1463935185996941423,711,1463935185919034985,,1580.0,1410.0
1463935185996991110,712,1463935185935107833,,1580.0,1411.0
1463935185998216365,713,1463935185953930096,,1580.0,1414.0
1463935185998689228,714,1463935185978952593,,1580.0,1417.0
1463935186070979648,715,1463935186004560557,,1580.0,1436.0
1463935186072114591,716,1463935186059565061,,1580.0,1436.0
1463935186113488893,717,1463935186104040496,,1580.0,1455.0
1463935186160882545,718,1463935186155114080,,1580.0,1480.0
1463935186213580601,719,1463935186209496660,,1580.0,1542.0
1463935186259348009,720,1463935186255173965,,1580.0,1525.0
1463935186356305824,721,1463935186306120726,,1580.0,1564.0
1463935186371931642,722,1463935186353972240,,1580.0,1522.0
1463935186411731368,723,1463935186406606494,,1580.0,1501.0
1463935186481114040,724,1463935186474598495,,1580.0,1437.0
1463935186534820946,725,1463935186520785798,,1580.0,1264.0
1463935186563938686,726,1463935186558923499,,1580.0,1343.0
1463935186663793572,727,1463935186602804197,,1580.0,1337.0
1463935186665477315,728,1463935186644337301,,1580.0,1349.0
1463935186724970810,729,1463935186690862987,,1580.0,1363.0
1463935186799234868,730,1463935186735489203,,1580.0,1413.0
1463935186800791632,731,1463935186780960831,,1580.0,1469.0
1463935186888023446,732,1463935186832597642,,1580.0,1526.0
1463935186890367395,733,1463935186879835356,,1580.0,1587.0
1463935186926281720,734,1463935186921862989,,1580.0,1558.0
1463935186976773223,735,1463935186974666826,,1580.0,1522.0
1463935187016231284,736,1463935187008213662,,1580.0,1509.0
1463935187055591792,737,1463935187039846391,,1580.0,1425.0
1463935187073259009,738,1463935187067335024,,1580.0,1377.0
1463935187109856040,739,1463935187087429365,,1580.0,1394.0
1463935187133419481,740,1463935187109465364,,1580.0,1414.0
1463935187133883854,741,1463935187129378300,,1580.0,1364.0
1463935187155292929,742,1463935187150378471,,1580.0,1411.0
1463935187188286433,743,1463935187171056143,,1580.0,1351.0
1463935187215176006,744,1463935187190670069,,1580.0,1367.0
1463935187216883967,745,1463935187208581555,,1580.0,1389.0
1463935187232221141,746,1463935187227012883,,1580.0,1421.0
1463935187331306239,747,1463935187244339319,,1580.0,1401.0
1463935187332862847,748,1463935187266131205,,1580.0,1410.0
1463935187333137793,749,1463935187290825943,,1580.0,1413.0
1463935187335697678,750,1463935187314395530,,1580.0,1432.0
1463935187465639466,751,1463935187339201570,,1580.0,1471.0
1463935187465918059,752,1463935187355510458,,1580.0,1414.0
1463935187466182381,753,1463935187375533393,,1580.0,1494.0
1463935187466430557,754,1463935187394212272,,1580.0,1430.0
1463935187466483630,755,1463935187398564389,,1580.0,1425.0
1463935187466704826,756,1463935187420880647,,1580.0,1431.0
1463935187493604555,757,1463935187468610391,,1580.0,1496.0
1463935187526815090,758,1463935187522786514,,1580.0,1502.0
1463935187552006389,759,1463935187547828282,,1580.0,1462.0
1463935187579506115,760,1463935187570816829,,1580.0,1451.0
1463935187602846172,761,1463935187590712786,,1580.0,1469.0
1463935187620928803,762,1463935187610310515,,1580.0,1455.0
1463935187652389501,763,1463935187634795410,,1580.0,1456.0
1463935187657932238,764,1463935187651982211,,1580.0,1439.0
1463935187675610652,765,1463935187664855021,,1580.0,1432.0
1463935187706266406,766,1463935187700480754,,1580.0,1456.0
1463935187722246703,767,1463935187712669869,,1580.0,1412.0
1463935187736042946,768,1463935187732633585,,1580.0,1427.0
1463935187838024541,769,1463935187757714780,,1580.0,1430.0
1463935187838355321,770,1463935187767854060,,1580.0,1410.0
1463935187838621882,771,1463935187783080453,,1580.0,1411.0
1463935187838873652,772,1463935187796093731,,1580.0,1430.0
1463935187839371879,773,1463935187816020885,,1580.0,1420.0
1463935187840876352,774,1463935187836764807,,1580.0,1424.0
1463935187876466981,775,1463935187868316026,,1580.0,1437.0
1463935187904527017,776,1463935187894903100,,1580.0,1440.0
1463935187977130769,777,1463935187917202900,,1580.0,1448.0
1463935187977420560,778,1463935187938151978,,1580.0,1443.0
1463935187977912485,779,1463935187956867470,,1580.0,1435.0
1463935187978284723,780,1463935187969123981,,1580.0,1435.0
1463935188045486154,781,1463935187992714244,,1580.0,1445.0
1463935188047618228,782,1463935188008008293,,1580.0,1437.0
1463935188084835048,783,1463935188065079195,,1580.0,1460.0
1463935188090824814,784,1463935188084363071,,1580.0,1479.0
1463935188119225162,785,1463935188111164832,,1580.0,1448.0
1463935188145008437,786,1463935188131840264,,1580.0,1451.0
1463935188149835500,787,1463935188145481247,,1580.0,1461.0
1463935188221715088,788,1463935188185298577,,1580.0,1451.0
1463935188329249420,789,1463935188231234683,,1580.0,1463.0
1463935188329288430,790,1463935188281380718,,1580.0,1494.0
1463935188503551487,791,1463935188326365995,,1580.0,1440.0
1463935188504842471,792,1463935188371050595,,1580.0,1454.0
1463935188504923929,793,1463935188413578747,,1580.0,1427.0
1463935188504963096,794,1463935188459030167,,1580.0,1457.0
1463935188509861096,795,1463935188502866907,,1580.0,1433.0
1463935188564563414,796,1463935188548662440,,1580.0,1438.0
1463935188578871009,797,1463935188564207322,,1580.0,1405.0
1463935188592822616,798,1463935188583631510,,1580.0,1439.0
1463935188632116719,799,1463935188620003802,,1580.0,1441.0
1463935188669535309,800,1463935188658847490,,1580.0,1452.0
1463935188702079753,801,1463935188699276796,,1580.0,1429.0
1463935188720478424,802,1463935188706614213,,1580.0,1417.0
1463935188720932745,803,1463935188713651735,,1580.0,1436.0
1463935188762547567,804,1463935188737306738,,1580.0,1436.0
1463935188762885535,805,1463935188753834948,,1580.0,1432.0
1463935188823928503,806,1463935188803982651,,1580.0,1441.0
1463935188863628542,807,1463935188849194697,,1580.0,1440.0
1463935188935145059,808,1463935188885185429,,1580.0,1439.0
1463935188935585421,809,1463935188926157024,,1580.0,1453.0
1463935188977449357,810,1463935188969731525,,1580.0,1453.0
1463935189027124405,811,1463935189017640435,,1580.0,1460.0
1463935189114576948,812,1463935189038190087,,1580.0,1449.0
1463935189115028092,813,1463935189076065290,,1580.0,1449.0
1463935189130436151,814,1463935189128113088,,1580.0,1457.0
1463935189194628585,815,1463935189174863982,,1580.0,1457.0
1463935189194707334,816,1463935189186214089,,1580.0,1452.0
1463935189202654488,817,1463935189193504735,,1580.0,1455.0
1463935189218754784,818,1463935189206262910,,1580.0,1452.0
1463935189235210390,819,1463935189225007153,,1580.0,1457.0
1463935189248488146,820,1463935189245047328,,1580.0,1452.0
1463935189271931171,821,1463935189266031352,,1580.0,1451.0
1463935189295529403,822,1463935189285828299,,1580.0,1399.0
1463935189361533965,823,1463935189309671947,,1580.0,1482.0
1463935189375779060,824,1463935189326372501,,1580.0,1469.0
1463935189376415412,825,1463935189349851359,,1580.0,1448.0
1463935189376761087,826,1463935189369769034,,1580.0,1455.0
1463935189420539963,827,1463935189386257088,,1580.0,1456.0
1463935189420826107,828,1463935189405793672,,1580.0,1453.0
1463935189477164512,829,1463935189426230303,,1580.0,1425.0
1463935189477440501,830,1463935189446563237,,1580.0,1472.0
1463935189477651854,831,1463935189465232272,,1580.0,1439.0
1463935189605578442,832,1463935189489614459,,1580.0,1455.0
1463935189605621203,833,1463935189505343194,,1580.0,1438.0
1463935189605658077,834,1463935189533279012,,1580.0,1448.0
1463935189605695317,835,1463935189556417871,,1580.0,1449.0
1463935189605730160,836,1463935189583406714,,1580.0,1450.0
1463935189642556774,837,1463935189614883142,,1580.0,1449.0
1463935189642609482,838,1463935189638692728,,1580.0,1456.0
1463935189772491635,839,1463935189664119650,,1580.0,1446.0
1463935189773060018,840,1463935189686772470,,1580.0,1452.0
1463935189773417777,841,1463935189711724811,,1580.0,1455.0
1463935189775681517,842,1463935189734540547,,1580.0,1461.0
1463935189776235942,843,1463935189763444017,,1580.0,1453.0
1463935189806883780,844,1463935189790568172,,1580.0,1404.0
1463935189837335577,845,1463935189833611530,,1580.0,1506.0
1463935189872630165,846,1463935189855021282,,1580.0,1461.0
1463935189893872262,847,1463935189882183041,,1580.0,1459.0
1463935189913970926,848,1463935189903358107,,1580.0,1452.0
1463935189930462158,849,1463935189917212370,,1580.0,1456.0
1463935190060028479,850,1463935189935554427,,1580.0,1458.0
1463935190060646549,851,1463935189955061844,,1580.0,1457.0
1463935190070968588,852,1463935189975581548,,1580.0,1444.0
1463935190071303535,853,1463935189995746878,,1580.0,1450.0
1463935190071584940,854,1463935190015579867,,1580.0,1464.0
1463935190072153531,855,1463935190036130404,,1580.0,1452.0
1463935190072496134,856,1463935190060024104,,1580.0,1450.0
1463935190871839331,857,1463935190080485214,,1580.0,1428.0
1463935190872110736,858,1463935190100822992,,1580.0,1485.0
1463935190872357037,859,1463935190123145500,,1580.0,1429.0
1463935190872616827,860,1463935190143810204,,1580.0,1477.0
1463935190872914326,861,1463935190164002826,,1580.0,1421.0
1463935190873195835,862,1463935190176155847,,1580.0,1449.0
1463935190874739995,863,1463935190207001861,,1580.0,1449.0
1463935190875067338,864,1463935190230278584,,1580.0,1435.0
1463935190875336347,865,1463935190249420429,,1580.0,1430.0
1463935190875628377,866,1463935190268613160,,1580.0,1446.0
1463935190875907022,867,1463935190286369334,,1580.0,1445.0
1463935190876206291,868,1463935190306584977,,1580.0,1444.0
1463935190876480873,869,1463935190332898406,,1580.0,1389.0
1463935190877924513,870,1463935190358849336,,1580.0,1464.0
1463935190878217793,871,1463935190383356211,,1580.0,1436.0
1463935190878461073,872,1463935190405581532,,1580.0,1441.0
1463935190878702322,873,1463935190423992860,,1580.0,1398.0
1463935190878968102,874,1463935190444617563,,1580.0,1475.0
1463935190879378830,875,1463935190465174038,,1580.0,1450.0
1463935190879674245,876,1463935190484622757,,1580.0,1451.0
1463935190880657158,877,1463935190503676009,,1580.0,1438.0
1463935190880961844,878,1463935190518319175,,1580.0,1442.0
1463935190881223613,879,1463935190537168939,,1580.0,1442.0
1463935190881479602,880,1463935190567035165,,1580.0,1445.0
1463935190881769028,881,1463935190599349454,,1580.0,1438.0
1463935190882037777,882,1463935190627193397,,1580.0,1464.0
1463935190882295171,883,1463935190653082922,,1580.0,1459.0
1463935190882752357,884,1463935190690700313,,1580.0,1443.0
1463935190883051939,885,1463935190730589153,,1580.0,1444.0
1463935190883334802,886,1463935190762119123,,1580.0,1450.0
1463935190883596728,887,1463935190804111756,,1580.0,1440.0
1463935190884797765,888,1463935190843849971,,1580.0,1440.0
1463935190924704313,889,1463935190884794588,,1580.0,1447.0
1463935190998957016,890,1463935190928552213,,1580.0,1439.0
1463935190999407379,891,1463935190969227352,,1580.0,1457.0
1463935191018077403,892,1463935191012922842,,1580.0,1459.0
1463935191067320318,893,1463935191055027037,,1580.0,1447.0
1463935191083304052,894,1463935191074463985,,1580.0,1429.0
1463935191095501343,895,1463935191090566468,,1580.0,1464.0
1463935191130697859,896,1463935191119537074,,1580.0,1444.0
1463935191158749979,897,1463935191150634597,,1580.0,1453.0
1463935191189881200,898,1463935191186297778,,1580.0,1455.0
1463935191204833063,899,1463935191196598098,,1580.0,1454.0
1463935191228445775,900,1463935191215659371,,1580.0,1456.0
1463935191243665762,901,1463935191236433918,,1580.0,1455.0
1463935191289984522,902,1463935191271446320,,1580.0,1452.0
1463935191333201785,903,1463935191314920718,,1580.0,1451.0
1463935191364264205,904,1463935191357651785,,1580.0,1452.0
1463935191388285769,905,1463935191369320173,,1580.0,1457.0
1463935191413296495,906,1463935191386416141,,1580.0,1448.0
1463935191516587824,907,1463935191402143418,,1580.0,1452.0
1463935191516631522,908,1463935191427358362,,1580.0,1476.0
1463935191516667824,909,1463935191447082757,,1580.0,1428.0
1463935191516704126,910,1463935191453471011,,1580.0,1451.0
1463935191517416831,911,1463935191476905494,,1580.0,1456.0
1463935191517932923,912,1463935191498897639,,1580.0,1432.0
1463935191546572852,913,1463935191526635802,,1580.0,1472.0
1463935191546898267,914,1463935191536623416,,1580.0,1448.0
1463935191557711607,915,1463935191553074491,,1580.0,1477.0
1463935191574685180,916,1463935191573385290,,1580.0,1436.0
1463935191637473453,917,1463935191606119681,,1580.0,1470.0
1463935191657993522,918,1463935191641206614,,1580.0,1463.0
1463935191686965533,919,1463935191683365497,,1580.0,1464.0
1463935191722881994,920,1463935191713502763,,1580.0,1433.0
1463935191754881701,921,1463935191727221767,,1580.0,1477.0
1463935191783048716,922,1463935191771181944,,1580.0,1463.0
1463935191811593698,923,1463935191787590155,,1580.0,1471.0
1463935191835995781,924,1463935191804543156,,1580.0,1418.0
1463935191923544990,925,1463935191821244959,,1580.0,1473.0
1463935191923588115,926,1463935191843333875,,1580.0,1454.0
1463935191927988930,927,1463935191864919147,,1580.0,1456.0
1463935191929432882,928,1463935191914307738,,1580.0,1452.0
1463935191981912918,929,1463935191959447649,,1580.0,1443.0
1463935192027916628,930,1463935191999152115,,1580.0,1445.0
1463935192061591327,931,1463935192045920561,,1580.0,1447.0
1463935192108670137,932,1463935192088190693,,1580.0,1448.0
1463935192148480227,933,1463935192137301108,,1580.0,1450.0
1463935192281370544,934,1463935192186303242,,1580.0,1435.0
1463935192281709240,935,1463935192227148015,,1580.0,1459.0
1463935192283813398,936,1463935192267868310,,1580.0,1435.0
1463935192334668024,937,1463935192309416830,,1580.0,1440.0
1463935192391456480,938,1463935192353666485,,1580.0,1459.0
1463935192437490137,939,1463935192397261559,,1580.0,1443.0
1463935192482507497,940,1463935192441923347,,1580.0,1444.0
1463935192492129435,941,1463935192484958840,,1580.0,1460.0
1463935192530588281,942,1463935192527786470,,1580.0,1459.0
1463935192697632879,943,1463935192559365397,,1580.0,1471.0
1463935192700227399,944,1463935192589550060,,1580.0,1458.0
1463935192700613752,945,1463935192622264555,,1580.0,1436.0
1463935192717487221,946,1463935192631260454,,1580.0,1452.0
1463935192720817415,947,1463935192657407218,,1580.0,1455.0
1463935192721177830,948,1463935192685827669,,1580.0,1456.0
1463935192721630068,949,1463935192710536990,,1580.0,1447.0
1463935193022451073,950,1463935192744872469,,1494.0,1459.0
1463935193022492375,951,1463935192770378037,,1454.0,1421.0
1463935193022533990,952,1463935192801554518,,1338.0,1483.0
1463935193022568521,953,1463935192834547971,,1338.0,1436.0
1463935193022602479,954,1463935192859968383,,1255.0,1621.0
1463935193022636906,955,1463935192893371625,,1385.0,1317.0
1463935193022674562,956,1463935192921699890,,1493.0,1475.0
1463935193022720864,957,1463935192953312879,,1494.0,1421.0
1463935193022757843,958,1463935192980040734,,1494.0,1446.0
1463935193022947373,959,1463935193007001035,,1494.0,1442.0
1463935193102051046,960,1463935193039940686,,1500.0,1435.0
1463935193102094275,961,1463935193065572712,,1493.0,1462.0
1463935193102129274,962,1463935193091215988,,1495.0,1408.0
1463935193142685403,963,1463935193113636934,,1494.0,1445.0
1463935193252320716,964,1463935193142364832,,1494.0,1426.0
1463935193252357851,965,1463935193174583236,,1495.0,1441.0
1463935193252396028,966,1463935193204413421,,1483.0,1424.0
1463935193252439569,967,1463935193236866146,,1482.0,1443.0
1463935193385065929,968,1463935193262266246,,1484.0,1438.0
1463935193385345459,969,1463935193291656954,,1338.0,1443.0
1463935193387097014,970,1463935193325238164,,1338.0,1436.0
1463935193387657897,971,1463935193354616737,,1339.0,1426.0
1463935193408447340,972,1463935193387265972,,1338.0,1441.0
1463935193528103026,973,1463935193415658872,,1346.0,1422.0
1463935193528356983,974,1463935193446413688,,1338.0,1449.0
1463935193528880471,975,1463935193475414762,,1336.0,1445.0
1463935193529378437,976,1463935193513947358,,1348.0,1462.0
1463935193539491259,977,1463935193532509414,,1338.0,1432.0
1463935193563433708,978,1463935193557046288,,1338.0,1440.0
1463935193593673527,979,1463935193591060465,,1350.0,1440.0
1463935193669548203,980,1463935193616341399,,1354.0,1449.0
1463935193670992936,981,1463935193636728083,,1354.0,1435.0
1463935193673307874,982,1463935193658873613,,1354.0,1441.0
1463935193875206386,983,1463935193683447414,,1367.0,1450.0
1463935193875243625,984,1463935193707094136,,1370.0,1451.0
1463935193875283000,985,1463935193729613154,,1370.0,1451.0
1463935193875326802,986,1463935193752147797,,1371.0,1434.0
1463935193875367010,987,1463935193774098849,,1371.0,1446.0
1463935193875409302,988,1463935193795243342,,1371.0,1454.0
1463935193875447166,989,1463935193818945585,,1370.0,1429.0
1463935193875485499,990,1463935193842506890,,1371.0,1455.0
1463935193875528780,991,1463935193864489296,,1370.0,1437.0
1463935194340506063,992,1463935193886243005,,1370.0,1437.0
1463935194340868874,993,1463935193907619737,,1370.0,1449.0
1463935194341201737,994,1463935193928241836,,1354.0,1443.0
1463935194341524965,995,1463935193944611350,,1353.0,1444.0
1463935194341822256,996,1463935193964938294,,1354.0,1448.0
1463935194342172306,997,1463935193984391440,,1353.0,1442.0
1463935194342477149,998,1463935194007315665,,1368.0,1446.0
1463935194342741575,999,1463935194027166257,,1371.0,1442.0
1463935194343013500,1000,1463935194046649143,,1370.0,1445.0
1463935194343264854,1001,1463935194067266086,,1371.0,1457.0
1463935194343534123,1002,1463935194088409433,,1371.0,1488.0
1463935194343850476,1003,1463935194111546782,,1367.0,1462.0
1463935194344140006,1004,1463935194133069086,,1370.0,1462.0
1463935194344410161,1005,1463935194150782343,,1370.0,1430.0
1463935194344689483,1006,1463935194173966307,,1283.0,1626.0
1463935194344968753,1007,1463935194197369852,,1355.0,1317.0
1463935194345239064,1008,1463935194218476429,,1356.0,1447.0
1463935194345510521,1009,1463935194239380714,,1340.0,1450.0
1463935194345795103,1010,1463935194260376458,,1354.0,1419.0
1463935194346049685,1011,1463935194280816423,,1354.0,1439.0
1463935194346531871,1012,1463935194303380962,,1354.0,1431.0
1463935194347007129,1013,1463935194331447196,,1354.0,1436.0
1463935194418743281,1014,1463935194365739393,,1353.0,1435.0
1463935194419306560,1015,1463935194374039149,,1354.0,1411.0
1463935194419771870,1016,1463935194396940666,,1348.0,1456.0
1463935194439988971,1017,1463935194427496629,,1354.0,1438.0
1463935194440538552,1018,1463935194433572801,,1354.0,1439.0
1463935194498762210,1019,1463935194445441917,,1353.0,1422.0
1463935194499176270,1020,1463935194465505060,,1353.0,1436.0
1463935194499529498,1021,1463935194485407579,,1353.0,1442.0
1463935194518932748,1022,1463935194504955516,,1354.0,1434.0
1463935194537423451,1023,1463935194525806886,,1354.0,1440.0
1463935194606373364,1024,1463935194558646276,,1338.0,1442.0
1463935194606874404,1025,1463935194599506154,,1338.0,1428.0
1463935194684022095,1026,1463935194639735669,,1338.0,1437.0
1463935194684460947,1027,1463935194672804330,,1327.0,1431.0
1463935194733857454,1028,1463935194702265819,,1322.0,1430.0
1463935194734254172,1029,1463935194721931880,,1316.0,1449.0
1463935194770841359,1030,1463935194752524979,,1322.0,1424.0
1463935194808580520,1031,1463935194788310867,,1322.0,1428.0
1463935194887219976,1032,1463935194822389576,,1322.0,1431.0
1463935194887555391,1033,1463935194857363072,,1321.0,1431.0
1463935194887913515,1034,1463935194878055067,,1322.0,1429.0
1463935195037441157,1035,1463935194891348500,,1324.0,1424.0
1463935195037814228,1036,1463935194914817931,,1323.0,1429.0
1463935195038129539,1037,1463935194937588667,,1323.0,1434.0
1463935195038440215,1038,1463935194956771710,,1322.0,1433.0
1463935195040821663,1039,1463935194975383193,,1323.0,1427.0
1463935195041419629,1040,1463935194997218672,,1323.0,1427.0
1463935195041749315,1041,1463935195011303143,,1322.0,1418.0
1463935195042255667,1042,1463935195034694814,,1323.0,1428.0
1463935195064205730,1043,1463935195043431391,,1323.0,1428.0
1463935195167457632,1044,1463935195063687867,,1326.0,1405.0
1463935195167515080,1045,1463935195084134394,,1326.0,1415.0
1463935195167754037,1046,1463935195114303745,,1322.0,1430.0
1463935195168223462,1047,1463935195138964733,,1322.0,1416.0
1463935195210689426,1048,1463935195165031861,,1322.0,1413.0
1463935195279915224,1049,1463935195198476926,,1322.0,1409.0
1463935195281935476,1050,1463935195224747439,,1319.0,1384.0
1463935195287958158,1051,1463935195252048833,,1322.0,1418.0
1463935195288029200,1052,1463935195279573350,,1332.0,1362.0
1463935195398279041,1053,1463935195305692562,,1322.0,1412.0
1463935195398484457,1054,1463935195335215717,,1322.0,1395.0
1463935195399440025,1055,1463935195356145263,,1322.0,1394.0
1463935195399493671,1056,1463935195389789233,,1322.0,1364.0
1463935195450973451,1057,1463935195415469905,,1322.0,1386.0
1463935195451011940,1058,1463935195435674193,,1322.0,1382.0
1463935195479889004,1059,1463935195461815644,,1322.0,1369.0
1463935195500914019,1060,1463935195486685225,,1322.0,1376.0
1463935195523250798,1061,1463935195515875674,,1322.0,1367.0
1463935195561360635,1062,1463935195543421858,,1323.0,1367.0
1463935195586097040,1063,1463935195571720226,,1322.0,1361.0
1463935195622256937,1064,1463935195604383628,,1322.0,1329.0
1463935195651867905,1065,1463935195634064752,,1322.0,1350.0
1463935195728104402,1066,1463935195666648050,,1309.0,1305.0
1463935195728838669,1067,1463935195695702665,,1309.0,1317.0
1463935195728897575,1068,1463935195724159002,,1310.0,1302.0
1463935195874296277,1069,1463935195755767044,,1309.0,1250.0
1463935195875717573,1070,1463935195783162864,,1245.0,1282.0
1463935195876020071,1071,1463935195809159628,,1243.0,1326.0
1463935195876279601,1072,1463935195839399707,,1229.0,1346.0
1463935195877833397,1073,1463935195866754382,,1226.0,1326.0
1463935196136218021,1074,1463935195893481195,,1226.0,1316.0
1463935196137816608,1075,1463935195923796638,,1226.0,1250.0
1463935196138145669,1076,1463935195950341629,,1209.0,1269.0
1463935196138468012,1077,1463935195974747566,,1209.0,1289.0
1463935196138785823,1078,1463935196003612807,,1209.0,1291.0
1463935196139109519,1079,1463935196030033371,,1210.0,1293.0
1463935196139434101,1080,1463935196064183433,,1165.0,1255.0
1463935196139753058,1081,1463935196087102085,,1164.0,1256.0
1463935196143001742,1082,1463935196113028277,,1146.0,1271.0
1463935196143582000,1083,1463935196139298581,,1136.0,1274.0
1463935196742030275,1084,1463935196169549858,,1131.0,1253.0
1463935196742069650,1085,1463935196196471826,,1130.0,1259.0
1463935196742416315,1086,1463935196224510560,,1141.0,1267.0
1463935196742732355,1087,1463935196254022361,,1146.0,1250.0
1463935196745621301,1088,1463935196276957836,,1147.0,1250.0
1463935196745975206,1089,1463935196304004439,,1258.0,1250.0
1463935196747558220,1090,1463935196329752819,,1258.0,1250.0
1463935196749210140,1091,1463935196363535018,,1321.0,1250.0
1463935196751204350,1092,1463935196388952514,,1489.0,1254.0
1463935196751641223,1093,1463935196413641210,,1489.0,1250.0
1463935196751695182,1094,1463935196437336994,,1493.0,1254.0
1463935196751929816,1095,1463935196472326063,,1494.0,1252.0
1463935196752217627,1096,1463935196499843290,,1494.0,1250.0
1463935196752505491,1097,1463935196524014853,,1493.0,1250.0
1463935196752801948,1098,1463935196556557162,,1494.0,1262.0
1463935196754357722,1099,1463935196579085867,,1493.0,1259.0
1463935196754744908,1100,1463935196603967532,,1494.0,1250.0
1463935196755054178,1101,1463935196636477080,,1494.0,1250.0
1463935196755320166,1102,1463935196664774564,,1494.0,1250.0
1463935196755588655,1103,1463935196693482670,,1493.0,1250.0
1463935196756342089,1104,1463935196723893738,,1494.0,1254.0
1463935196756393286,1105,1463935196753559340,,1494.0,1250.0
1463935197065524309,1106,1463935196783853117,,1493.0,1254.0
1463935197066917740,1107,1463935196813219294,,1493.0,1252.0
1463935197068316745,1108,1463935196839810169,,1494.0,1253.0
1463935197070897306,1109,1463935196873035704,,1495.0,1250.0
1463935197071271315,1110,1463935196896355032,,1493.0,1270.0
1463935197071580220,1111,1463935196927306254,,1494.0,1253.0
1463935197071906156,1112,1463935196937087306,,1493.0,1258.0
1463935197072243238,1113,1463935196968038111,,1494.0,1253.0
1463935197072549643,1114,1463935197006764195,,1494.0,1258.0
1463935197073008495,1115,1463935197043608048,,1494.0,1256.0
1463935197104363726,1116,1463935197075141090,,1494.0,1260.0
1463935197180923138,1117,1463935197104785807,,1494.0,1260.0
1463935197180961992,1118,1463935197137914051,,1493.0,1258.0
1463935197180997669,1119,1463935197170646776,,1494.0,1261.0
1463935197192746733,1120,1463935197182242091,,1494.0,1260.0
1463935197235245354,1121,1463935197216370955,,1494.0,1260.0
1463935197267196728,1122,1463935197245153176,,1493.0,1260.0
1463935197292176829,1123,1463935197265753505,,1494.0,1263.0
1463935197292219589,1124,1463935197275852264,,1493.0,1259.0
1463935197293857707,1125,1463935197285835710,,1493.0,1261.0
1463935197345857693,1126,1463935197311970859,,1494.0,1262.0
1463935197346460607,1127,1463935197327015326,,1494.0,1262.0
1463935197347079980,1128,1463935197343880098,,1493.0,1263.0
1463935197407109359,1129,1463935197371187012,,1494.0,1261.0
1463935197478273794,1130,1463935197408585759,,1493.0,1265.0
1463935197478527230,1131,1463935197428298174,,1494.0,1263.0
1463935197478662178,1132,1463935197454546864,,1494.0,1264.0
1463935197535873339,1133,1463935197478187180,,1494.0,1266.0
1463935197537423385,1134,1463935197499561620,,1494.0,1265.0
1463935197537646040,1135,1463935197517004201,,1493.0,1265.0
1463935197623636350,1136,1463935197535348237,,1493.0,1264.0
1463935197624015150,1137,1463935197564582279,,1495.0,1265.0
1463935197624483481,1138,1463935197597077348,,1494.0,1267.0
1463935198275201637,1139,1463935197622250470,,1493.0,1266.0
1463935198279935939,1140,1463935197646221774,,1494.0,1268.0
1463935198282511345,1141,1463935197663341649,,1494.0,1265.0
1463935198282599886,1142,1463935197680362097,,1493.0,1267.0
1463935198282639053,1143,1463935197698902382,,1493.0,1267.0
1463935198282752282,1144,1463935197720284999,,1493.0,1267.0
1463935198285243260,1145,1463935197739049814,,1494.0,1268.0
1463935198286809608,1146,1463935197758644001,,1494.0,1268.0
1463935198289560898,1147,1463935197779768286,,1494.0,1268.0
1463935198289884699,1148,1463935197798940756,,1494.0,1268.0
1463935198289944699,1149,1463935197819324627,,1493.0,1269.0
1463935198289986626,1150,1463935197839785894,,1494.0,1269.0
1463935198290459801,1151,1463935197858878990,,1493.0,1269.0
1463935198296257432,1152,1463935197876891204,,1494.0,1269.0
1463935198296487952,1153,1463935197899551784,,1494.0,1269.0
1463935198298778307,1154,1463935197919654876,,1494.0,1270.0
1463935198302176365,1155,1463935197939981976,,1493.0,1270.0
1463935198303648911,1156,1463935197958563043,,1493.0,1269.0
1463935198305468591,1157,1463935197978955403,,1494.0,1270.0
1463935198305524372,1158,1463935198000924320,,1494.0,1270.0
1463935198306282910,1159,1463935198021213608,,1493.0,1270.0
1463935198306343483,1160,1463935198043436690,,1494.0,1270.0
1463935198306415514,1161,1463935198061382447,,1493.0,1271.0
1463935198308639879,1162,1463935198081427153,,1494.0,1271.0
1463935198308715191,1163,1463935198100677331,,1494.0,1271.0
1463935198310666746,1164,1463935198120396778,,1494.0,1271.0
1463935198314183658,1165,1463935198138782116,,1494.0,1271.0
1463935198315838598,1166,1463935198159602027,,1494.0,1272.0
1463935198317328957,1167,1463935198185796550,,1494.0,1272.0
1463935198317393956,1168,1463935198213230652,,1493.0,1272.0
1463935198318690045,1169,1463935198237439819,,1494.0,1272.0
1463935198318753117,1170,1463935198260052379,,1493.0,1273.0
1463935198318798794,1171,1463935198282143742,,1494.0,1273.0
1463935198322244821,1172,1463935198304341616,,1493.0,1273.0
1463935198699419250,1173,1463935198328344639,,1494.0,1273.0
1463935198699475656,1174,1463935198349716735,,1493.0,1273.0
1463935198699679562,1175,1463935198370817947,,1494.0,1273.0
1463935198699723676,1176,1463935198393934983,,1494.0,1273.0
1463935198699765082,1177,1463935198416216555,,1494.0,1273.0
1463935198701381898,1178,1463935198438172034,,1494.0,1273.0
1463935198701443564,1179,1463935198464225047,,1493.0,1274.0
1463935198703974595,1180,1463935198494846635,,1494.0,1274.0
1463935198704891414,1181,1463935198523089639,,1488.0,1274.0
1463935198706662657,1182,1463935198544159341,,1494.0,1274.0
1463935198708427024,1183,1463935198573404737,,1494.0,1274.0
1463935198708499888,1184,1463935198606000587,,1498.0,1274.0
1463935198709891497,1185,1463935198636060042,,1493.0,1275.0
1463935198711932061,1186,1463935198664772002,,1494.0,1255.0
1463935198712684923,1187,1463935198690051738,,1493.0,1292.0
1463935201221373832,1188,1463935198713480961,,1494.0,1275.0
1463935201221416488,1189,1463935198735132327,,1493.0,1275.0
1463935201221675602,1190,1463935198758386863,,1494.0,1275.0
1463935201221934663,1191,1463935198776532202,,1494.0,1275.0
1463935201222172006,1192,1463935198800690380,,1494.0,1275.0
1463935201222217006,1193,1463935198823993770,,1493.0,1275.0
1463935201227796461,1194,1463935198844720243,,1494.0,1275.0
1463935201228179064,1195,1463935198865408488,,1493.0,1275.0
1463935201228411146,1196,1463935198885536996,,1494.0,1276.0
1463935201228454635,1197,1463935198907158049,,1493.0,1276.0
1463935201228746405,1198,1463935198927485931,,1494.0,1276.0
1463935201230953843,1199,1463935198946389028,,1494.0,1276.0
1463935201231953475,1200,1463935198965468113,,1494.0,1276.0
1463935201232328733,1201,1463935198984853030,,1494.0,1276.0
1463935201232613107,1202,1463935199005826846,,1494.0,1276.0
1463935201236377310,1203,1463935199024526714,,1493.0,1276.0
1463935201236446893,1204,1463935199044461577,,1494.0,1276.0
1463935201236742777,1205,1463935199065226488,,1493.0,1276.0
1463935201237228452,1206,1463935199085429266,,1494.0,1276.0
1463935201237270848,1207,1463935199104348561,,1493.0,1276.0
1463935201237513190,1208,1463935199126769558,,1493.0,1276.0
1463935201238920372,1209,1463935199151798931,,1494.0,1277.0
1463935201238975736,1210,1463935199171815095,,1495.0,1277.0
1463935201239218391,1211,1463935199183138432,,1495.0,1277.0
1463935201243484311,1212,1463935199205903283,,1493.0,1276.0
1463935201243878424,1213,1463935199227618971,,1494.0,1277.0
1463935201243920715,1214,1463935199243801037,,1493.0,1277.0
1463935201244170818,1215,1463935199267881247,,1494.0,1277.0
1463935201245773728,1216,1463935199288530586,,1494.0,1277.0
1463935201245931019,1217,1463935199311632466,,1494.0,1277.0
1463935201253246040,1218,1463935199334993720,,1494.0,1277.0
1463935201253557236,1219,1463935199356357431,,1494.0,1257.0
1463935201255281187,1220,1463935199378626867,,1494.0,1294.0
1463935201255337177,1221,1463935199401259218,,1493.0,1277.0
1463935201255661498,1222,1463935199425041356,,1494.0,1277.0
1463935201255943789,1223,1463935199447630374,,1494.0,1278.0
1463935201256221652,1224,1463935199476590771,,1494.0,1277.0
1463935201256565557,1225,1463935199496577196,,1493.0,1277.0
1463935201256607796,1226,1463935199521278184,,1494.0,1277.0
1463935201256642848,1227,1463935199541747055,,1493.0,1277.0
1463935201256680348,1228,1463935199563060245,,1494.0,1277.0
1463935201257194460,1229,1463935199584106041,,1493.0,1278.0
1463935201257250762,1230,1463935199606634174,,1494.0,1278.0
1463935201257288939,1231,1463935199628732412,,1493.0,1278.0
1463935201257598938,1232,1463935199653704962,,1493.0,1278.0
1463935201257953051,1233,1463935199683189836,,1494.0,1278.0
1463935201258226175,1234,1463935199709055402,,1493.0,1278.0
1463935201258412476,1235,1463935199731695201,,1493.0,1278.0
1463935201258459403,1236,1463935199751896313,,1494.0,1278.0
1463935201260926840,1237,1463935199771855082,,1494.0,1278.0
1463935201261004236,1238,1463935199788330220,,1494.0,1278.0
1463935201261293245,1239,1463935199812298971,,1493.0,1278.0
1463935201261620119,1240,1463935199833988358,,1493.0,1278.0
1463935201263608652,1241,1463935199854048012,,1494.0,1278.0
1463935201264156722,1242,1463935199881847059,,1494.0,1278.0
1463935201264205628,1243,1463935199905378209,,1493.0,1278.0
1463935201264242972,1244,1463935199927673270,,1494.0,1278.0
1463935201264595002,1245,1463935199949664946,,1494.0,1278.0
1463935201264645366,1246,1463935199974662600,,1494.0,1278.0
1463935201264874063,1247,1463935200001260299,,1494.0,1278.0
1463935201264919115,1248,1463935200026382848,,1494.0,1278.0
1463935201266329109,1249,1463935200050061080,,1494.0,1278.0
1463935201266637910,1250,1463935200073585615,,1494.0,1278.0
1463935201266894627,1251,1463935200096101248,,1493.0,1278.0
1463935201267141137,1252,1463935200121921502,,1494.0,1278.0
1463935201268410142,1253,1463935200137061333,,1494.0,1278.0
1463935201268935556,1254,1463935200159192436,,1494.0,1278.0
1463935201269906073,1255,1463935200188143406,,1494.0,1278.0
1463935201269958781,1256,1463935200209878626,,1493.0,1279.0
1463935201271544920,1257,1463935200233401546,,1494.0,1278.0
1463935201272153459,1258,1463935200257781650,,1494.0,1279.0
1463935201272606999,1259,1463935200288638185,,1493.0,1278.0
1463935201273861577,1260,1463935200296905441,,1493.0,1278.0
1463935201274159857,1261,1463935200309928927,,1493.0,1278.0
1463935201274440376,1262,1463935200365658741,,1494.0,1279.0
1463935201274720948,1263,1463935200374850056,,1494.0,1279.0
1463935201275068082,1264,1463935200393414299,,1494.0,1279.0
1463935201275116884,1265,1463935200401105256,,1493.0,1279.0
1463935201275514486,1266,1463935200426319836,,1494.0,1279.0
1463935201276421826,1267,1463935200440961179,,1493.0,1279.0
1463935201276460993,1268,1463935200464440766,,1494.0,1279.0
1463935201276770731,1269,1463935200482225534,,1494.0,1279.0
1463935201276810158,1270,1463935200502948935,,1493.0,1279.0
1463935201277894997,1271,1463935200522190155,,1494.0,1279.0
1463935201278183225,1272,1463935200540930387,,1493.0,1279.0
1463935201278466713,1273,1463935200562336754,,1493.0,1279.0
1463935201278829368,1274,1463935200580864279,,1494.0,1279.0
1463935201278879732,1275,1463935200600637892,,1494.0,1279.0
1463935201279161606,1276,1463935200621224419,,1494.0,1279.0
1463935201279420928,1277,1463935200640686159,,1493.0,1279.0
1463935201279467542,1278,1463935200661207738,,1494.0,1279.0
1463935201280759568,1279,1463935200681172704,,1493.0,1279.0
1463935201281086233,1280,1463935200701135119,,1494.0,1279.0
1463935201281434513,1281,1463935200721019044,,1494.0,1279.0
1463935201281716439,1282,1463935200743527594,,1494.0,1279.0
1463935201282010552,1283,1463935200761496736,,1494.0,1279.0
1463935201282056229,1284,1463935200781292485,,1494.0,1279.0
1463935201282278103,1285,1463935200802146198,,1494.0,1279.0
1463935201282545602,1286,1463935200821585177,,1493.0,1279.0
1463935201282908517,1287,1463935200841415301,,1494.0,1279.0
1463935201282948777,1288,1463935200861110998,,1494.0,1279.0
1463935201282983309,1289,1463935200880982736,,1493.0,1279.0
1463935201283222370,1290,1463935200901031556,,1493.0,1279.0
1463935201284502573,1291,1463935200924013593,,1494.0,1279.0
1463935201284855644,1292,1463935200942165703,,1493.0,1279.0
1463935201285292882,1293,1463935200963274936,,1493.0,1279.0
1463935201285353038,1294,1463935200987248375,,1493.0,1279.0
1463935201285391632,1295,1463935201000875140,,1494.0,1279.0
1463935201285665641,1296,1463935201020977345,,1493.0,1279.0
1463935201295188829,1297,1463935201041398300,,1494.0,1279.0
1463935201295271589,1298,1463935201090987254,,1493.0,1279.0
1463935201295315027,1299,1463935201135904562,,1493.0,1279.0
1463935201295516536,1300,1463935201178453183,,1494.0,1279.0
1463935201295836014,1301,1463935201226038812,,1494.0,1279.0
1463935201296239241,1302,1463935201267944414,,1494.0,1279.0
1463935201587942526,1303,1463935201307243934,,1494.0,1279.0
1463935201588379867,1304,1463935201333832049,,1494.0,1279.0
1463935201588433409,1305,1463935201363014529,,1494.0,1279.0
1463935201588467888,1306,1463935201390041497,,1494.0,1279.0
1463935201588646168,1307,1463935201420005119,,1493.0,1279.0
1463935201588927782,1308,1463935201448523070,,1493.0,1279.0
1463935201589873767,1309,1463935201479420281,,1493.0,1279.0
1463935201589928507,1310,1463935201515415700,,1493.0,1279.0
1463935201590305328,1311,1463935201548691443,,1494.0,1279.0
1463935201590715170,1312,1463935201577403300,,1494.0,1279.0
