%time,field.header.seq,field.header.stamp,field.header.frame_id,field.magnetic_field.x,field.magnetic_field.y,field.magnetic_field.z,field.magnetic_field_covariance0,field.magnetic_field_covariance1,field.magnetic_field_covariance2,field.magnetic_field_covariance3,field.magnetic_field_covariance4,field.magnetic_field_covariance5,field.magnetic_field_covariance6,field.magnetic_field_covariance7,field.magnetic_field_covariance8
1446040279373948223,644,1446040279209707021,robocape_mag,30.6,5.1,-1.35,10.0,0.0,0.0,0.0,10.0,0.0,0.0,0.0,10.0
1446040279395288389,645,1446040279257726907,robocape_mag,13.5,22.2,-13.65,10.0,0.0,0.0,0.0,10.0,0.0,0.0,0.0,10.0
1446040279395384514,646,1446040279320368051,robocape_mag,13.5,22.2,-13.65,10.0,0.0,0.0,0.0,10.0,0.0,0.0,0.0,10.0
1446040279395416139,647,1446040279378731966,robocape_mag,13.5,22.2,-13.65,10.0,0.0,0.0,0.0,10.0,0.0,0.0,0.0,10.0
1446040279417180264,648,1446040279412039041,robocape_mag,7.5,39.6,-22.65,10.0,0.0,0.0,0.0,10.0,0.0,0.0,0.0,10.0
1446040279453951389,649,1446040279443165063,robocape_mag,7.5,39.6,-22.65,10.0,0.0,0.0,0.0,10.0,0.0,0.0,0.0,10.0
1446040279497381556,650,1446040279492366075,robocape_mag,7.5,39.6,-22.65,10.0,0.0,0.0,0.0,10.0,0.0,0.0,0.0,10.0
1446040279527150681,651,1446040279522234916,robocape_mag,7.5,39.6,-22.65,10.0,0.0,0.0,0.0,10.0,0.0,0.0,0.0,10.0
1446040279560558014,652,1446040279555604934,robocape_mag,7.5,39.6,-72.75,10.0,0.0,0.0,0.0,10.0,0.0,0.0,0.0,10.0
1446040279602977973,653,1446040279597315073,robocape_mag,-15.0,13.5,4.05,10.0,0.0,0.0,0.0,10.0,0.0,0.0,0.0,10.0
1446040279637797181,654,1446040279632746934,robocape_mag,-15.0,13.5,4.05,10.0,0.0,0.0,0.0,10.0,0.0,0.0,0.0,10.0
1446040279674224806,655,1446040279669040918,robocape_mag,-15.0,13.5,4.05,10.0,0.0,0.0,0.0,10.0,0.0,0.0,0.0,10.0
1446040279705679265,656,1446040279700426101,robocape_mag,-15.0,13.5,4.05,10.0,0.0,0.0,0.0,10.0,0.0,0.0,0.0,10.0
1446040279736383390,657,1446040279731527090,robocape_mag,-5.7,14.4,1.35,10.0,0.0,0.0,0.0,10.0,0.0,0.0,0.0,10.0
1446040279769690640,658,1446040279764765977,robocape_mag,-5.7,14.4,1.35,10.0,0.0,0.0,0.0,10.0,0.0,0.0,0.0,10.0
1446040279812879598,659,1446040279807806968,robocape_mag,-5.7,14.4,1.35,10.0,0.0,0.0,0.0,10.0,0.0,0.0,0.0,10.0
1446040279848304640,660,1446040279841631889,robocape_mag,-5.7,14.4,1.35,10.0,0.0,0.0,0.0,10.0,0.0,0.0,0.0,10.0
1446040279881256223,661,1446040279876050949,robocape_mag,-5.7,14.4,6.15,10.0,0.0,0.0,0.0,10.0,0.0,0.0,0.0,10.0
1446040279917934806,662,1446040279912733078,robocape_mag,1.5,12.0,6.15,10.0,0.0,0.0,0.0,10.0,0.0,0.0,0.0,10.0
1446040279951505015,663,1446040279946624040,robocape_mag,1.5,12.0,6.15,10.0,0.0,0.0,0.0,10.0,0.0,0.0,0.0,10.0
1446040279982696806,664,1446040279977780103,robocape_mag,1.5,12.0,6.15,10.0,0.0,0.0,0.0,10.0,0.0,0.0,0.0,10.0
1446040280016410723,665,1446040280011555910,robocape_mag,1.5,12.0,6.15,10.0,0.0,0.0,0.0,10.0,0.0,0.0,0.0,10.0
1446040280052835515,666,1446040280047928094,robocape_mag,14.4,18.9,-0.75,10.0,0.0,0.0,0.0,10.0,0.0,0.0,0.0,10.0
1446040280087377848,667,1446040280081892013,robocape_mag,14.4,18.9,-0.75,10.0,0.0,0.0,0.0,10.0,0.0,0.0,0.0,10.0
1446040280121972973,668,1446040280117031097,robocape_mag,14.4,18.9,-0.75,10.0,0.0,0.0,0.0,10.0,0.0,0.0,0.0,10.0
1446040280153410806,669,1446040280148349046,robocape_mag,14.4,18.9,-0.75,10.0,0.0,0.0,0.0,10.0,0.0,0.0,0.0,10.0
1446040280191076181,670,1446040280183567047,robocape_mag,14.4,18.9,-0.75,10.0,0.0,0.0,0.0,10.0,0.0,0.0,0.0,10.0
1446040280222970473,671,1446040280217978000,robocape_mag,29.1,22.8,2.55,10.0,0.0,0.0,0.0,10.0,0.0,0.0,0.0,10.0
1446040280252855431,672,1446040280247792005,robocape_mag,29.1,22.8,2.55,10.0,0.0,0.0,0.0,10.0,0.0,0.0,0.0,10.0
1446040280285206598,673,1446040280280309915,robocape_mag,29.1,22.8,2.55,10.0,0.0,0.0,0.0,10.0,0.0,0.0,0.0,10.0
1446040280324155306,674,1446040280317925930,robocape_mag,29.1,22.8,2.55,10.0,0.0,0.0,0.0,10.0,0.0,0.0,0.0,10.0
1446040280357211765,675,1446040280352119922,robocape_mag,29.1,22.8,2.55,10.0,0.0,0.0,0.0,10.0,0.0,0.0,0.0,10.0
1446040280399225723,676,1446040280391205072,robocape_mag,17.7,7.8,-11.85,10.0,0.0,0.0,0.0,10.0,0.0,0.0,0.0,10.0
1446040280435663390,677,1446040280430592060,robocape_mag,17.7,7.8,-11.85,10.0,0.0,0.0,0.0,10.0,0.0,0.0,0.0,10.0
1446040280469109932,678,1446040280464271068,robocape_mag,17.7,7.8,-11.85,10.0,0.0,0.0,0.0,10.0,0.0,0.0,0.0,10.0
1446040280504549265,679,1446040280496440887,robocape_mag,17.7,7.8,-11.85,10.0,0.0,0.0,0.0,10.0,0.0,0.0,0.0,10.0
1446040280540331557,680,1446040280532155990,robocape_mag,23.7,18.6,-8.25,10.0,0.0,0.0,0.0,10.0,0.0,0.0,0.0,10.0
1446040280570606140,681,1446040280565438032,robocape_mag,23.7,18.6,-8.25,10.0,0.0,0.0,0.0,10.0,0.0,0.0,0.0,10.0
1446040280604568807,682,1446040280599790096,robocape_mag,23.7,18.6,-8.25,10.0,0.0,0.0,0.0,10.0,0.0,0.0,0.0,10.0
1446040280637271348,683,1446040280631846904,robocape_mag,23.7,18.6,-8.25,10.0,0.0,0.0,0.0,10.0,0.0,0.0,0.0,10.0
1446040280672579015,684,1446040280667573928,robocape_mag,23.7,18.6,-8.25,10.0,0.0,0.0,0.0,10.0,0.0,0.0,0.0,10.0
1446040280712713807,685,1446040280706038951,robocape_mag,15.3,12.0,-10.65,10.0,0.0,0.0,0.0,10.0,0.0,0.0,0.0,10.0
1446040280745763557,686,1446040280740832090,robocape_mag,15.3,12.0,-10.65,10.0,0.0,0.0,0.0,10.0,0.0,0.0,0.0,10.0
1446040280783942307,687,1446040280777846097,robocape_mag,15.3,12.0,-10.65,10.0,0.0,0.0,0.0,10.0,0.0,0.0,0.0,10.0
1446040280817249557,688,1446040280811768054,robocape_mag,15.3,12.0,-10.65,10.0,0.0,0.0,0.0,10.0,0.0,0.0,0.0,10.0
1446040280850092098,689,1446040280844635009,robocape_mag,3.6,9.3,-5.55,10.0,0.0,0.0,0.0,10.0,0.0,0.0,0.0,10.0
1446040280883798015,690,1446040280878475904,robocape_mag,3.6,9.3,-5.55,10.0,0.0,0.0,0.0,10.0,0.0,0.0,0.0,10.0
1446040280919974265,691,1446040280912754058,robocape_mag,3.6,9.3,-5.55,10.0,0.0,0.0,0.0,10.0,0.0,0.0,0.0,10.0
1446040280952232182,692,1446040280947340965,robocape_mag,3.6,9.3,-5.55,10.0,0.0,0.0,0.0,10.0,0.0,0.0,0.0,10.0
1446040280986538640,693,1446040280981687068,robocape_mag,3.6,9.3,-5.55,10.0,0.0,0.0,0.0,10.0,0.0,0.0,0.0,10.0
1446040281024075807,694,1446040281014991998,robocape_mag,7.2,21.3,-1.95,10.0,0.0,0.0,0.0,10.0,0.0,0.0,0.0,10.0
1446040281054821973,695,1446040281049891948,robocape_mag,7.2,21.3,-1.95,10.0,0.0,0.0,0.0,10.0,0.0,0.0,0.0,10.0
1446040281089767265,696,1446040281084506988,robocape_mag,7.2,21.3,-1.95,10.0,0.0,0.0,0.0,10.0,0.0,0.0,0.0,10.0
1446040281119080974,697,1446040281113846063,robocape_mag,7.2,21.3,-1.95,10.0,0.0,0.0,0.0,10.0,0.0,0.0,0.0,10.0
1446040281153064390,698,1446040281148183107,robocape_mag,7.2,21.3,-1.95,10.0,0.0,0.0,0.0,10.0,0.0,0.0,0.0,10.0
1446040281186206057,699,1446040281181377887,robocape_mag,3.3,5.4,2.55,10.0,0.0,0.0,0.0,10.0,0.0,0.0,0.0,10.0
1446040281224967599,700,1446040281215250015,robocape_mag,3.3,5.4,2.55,10.0,0.0,0.0,0.0,10.0,0.0,0.0,0.0,10.0
1446040281252501015,701,1446040281247483015,robocape_mag,3.3,5.4,2.55,10.0,0.0,0.0,0.0,10.0,0.0,0.0,0.0,10.0
1446040281283802432,702,1446040281279043912,robocape_mag,3.3,5.4,2.55,10.0,0.0,0.0,0.0,10.0,0.0,0.0,0.0,10.0
1446040281317429099,703,1446040281312602996,robocape_mag,3.3,5.4,2.55,10.0,0.0,0.0,0.0,10.0,0.0,0.0,0.0,10.0
1446040281351750224,704,1446040281346873044,robocape_mag,-4.5,18.0,-11.85,10.0,0.0,0.0,0.0,10.0,0.0,0.0,0.0,10.0
1446040281387441057,705,1446040281377315044,robocape_mag,-4.5,18.0,-11.85,10.0,0.0,0.0,0.0,10.0,0.0,0.0,0.0,10.0
1446040281417454807,706,1446040281412555932,robocape_mag,-4.5,18.0,-11.85,10.0,0.0,0.0,0.0,10.0,0.0,0.0,0.0,10.0
1446040281451568015,707,1446040281446719884,robocape_mag,-4.5,18.0,-11.85,10.0,0.0,0.0,0.0,10.0,0.0,0.0,0.0,10.0
1446040281486245807,708,1446040281481306076,robocape_mag,6.6,8.1,10.05,10.0,0.0,0.0,0.0,10.0,0.0,0.0,0.0,10.0
1446040281522775015,709,1446040281515563011,robocape_mag,6.6,8.1,10.05,10.0,0.0,0.0,0.0,10.0,0.0,0.0,0.0,10.0
1446040281555097182,710,1446040281550230026,robocape_mag,6.6,8.1,10.05,10.0,0.0,0.0,0.0,10.0,0.0,0.0,0.0,10.0
1446040281590661182,711,1446040281583518981,robocape_mag,6.6,8.1,10.05,10.0,0.0,0.0,0.0,10.0,0.0,0.0,0.0,10.0
1446040281622646849,712,1446040281617259979,robocape_mag,6.6,8.1,10.05,10.0,0.0,0.0,0.0,10.0,0.0,0.0,0.0,10.0
1446040281658684349,713,1446040281649939060,robocape_mag,-0.9,-12.0,11.55,10.0,0.0,0.0,0.0,10.0,0.0,0.0,0.0,10.0
1446040281692544390,714,1446040281684884071,robocape_mag,-0.9,-12.0,11.55,10.0,0.0,0.0,0.0,10.0,0.0,0.0,0.0,10.0
1446040281728122974,715,1446040281723203897,robocape_mag,-0.9,-12.0,11.55,10.0,0.0,0.0,0.0,10.0,0.0,0.0,0.0,10.0
1446040281761432932,716,1446040281756540060,robocape_mag,-0.9,-12.0,11.55,10.0,0.0,0.0,0.0,10.0,0.0,0.0,0.0,10.0
1446040281791863057,717,1446040281786648035,robocape_mag,-0.9,-12.0,11.55,10.0,0.0,0.0,0.0,10.0,0.0,0.0,0.0,10.0
1446040281824656182,718,1446040281819546937,robocape_mag,0.0,-5.7,-7.35,10.0,0.0,0.0,0.0,10.0,0.0,0.0,0.0,10.0
1446040281858215474,719,1446040281853267908,robocape_mag,0.0,-5.7,-7.35,10.0,0.0,0.0,0.0,10.0,0.0,0.0,0.0,10.0
1446040281888999349,720,1446040281884166955,robocape_mag,0.0,-5.7,-7.35,10.0,0.0,0.0,0.0,10.0,0.0,0.0,0.0,10.0
1446040281917863016,721,1446040281912719011,robocape_mag,0.0,-5.7,-7.35,10.0,0.0,0.0,0.0,10.0,0.0,0.0,0.0,10.0
1446040281951059224,722,1446040281945868015,robocape_mag,0.0,-5.7,-7.35,10.0,0.0,0.0,0.0,10.0,0.0,0.0,0.0,10.0
1446040281987073974,723,1446040281978552103,robocape_mag,5.7,-4.8,-4.65,10.0,0.0,0.0,0.0,10.0,0.0,0.0,0.0,10.0
1446040282017413141,724,1446040282012298107,robocape_mag,5.7,-4.8,-4.65,10.0,0.0,0.0,0.0,10.0,0.0,0.0,0.0,10.0
1446040282052465182,725,1446040282047329902,robocape_mag,5.7,-4.8,-4.65,10.0,0.0,0.0,0.0,10.0,0.0,0.0,0.0,10.0
1446040282082232766,726,1446040282076602935,robocape_mag,5.7,-4.8,-4.65,10.0,0.0,0.0,0.0,10.0,0.0,0.0,0.0,10.0
1446040282118075307,727,1446040282112986087,robocape_mag,5.7,-4.8,-4.65,10.0,0.0,0.0,0.0,10.0,0.0,0.0,0.0,10.0
1446040282151974849,728,1446040282147089004,robocape_mag,8.1,-1.2,-8.85,10.0,0.0,0.0,0.0,10.0,0.0,0.0,0.0,10.0
1446040282184160307,729,1446040282179312944,robocape_mag,8.1,-1.2,-8.85,10.0,0.0,0.0,0.0,10.0,0.0,0.0,0.0,10.0
1446040282221801599,730,1446040282216598033,robocape_mag,8.1,-1.2,-8.85,10.0,0.0,0.0,0.0,10.0,0.0,0.0,0.0,10.0
1446040282257672224,731,1446040282252521991,robocape_mag,8.1,-1.2,-8.85,10.0,0.0,0.0,0.0,10.0,0.0,0.0,0.0,10.0
1446040282290961932,732,1446040282286164999,robocape_mag,18.3,14.4,-18.45,10.0,0.0,0.0,0.0,10.0,0.0,0.0,0.0,10.0
1446040282324438307,733,1446040282318784952,robocape_mag,18.3,14.4,-18.45,10.0,0.0,0.0,0.0,10.0,0.0,0.0,0.0,10.0
1446040282364572307,734,1446040282353743076,robocape_mag,18.3,14.4,-18.45,10.0,0.0,0.0,0.0,10.0,0.0,0.0,0.0,10.0
1446040282401496974,735,1446040282396641016,robocape_mag,18.3,14.4,-18.45,10.0,0.0,0.0,0.0,10.0,0.0,0.0,0.0,10.0
1446040282432128266,736,1446040282427205085,robocape_mag,18.3,14.4,-18.45,10.0,0.0,0.0,0.0,10.0,0.0,0.0,0.0,10.0
1446040282465003141,737,1446040282460000038,robocape_mag,-13.2,18.9,-19.35,10.0,0.0,0.0,0.0,10.0,0.0,0.0,0.0,10.0
1446040282494463183,738,1446040282489236116,robocape_mag,-13.2,18.9,-19.35,10.0,0.0,0.0,0.0,10.0,0.0,0.0,0.0,10.0
1446040282529576224,739,1446040282524691104,robocape_mag,-13.2,18.9,-19.35,10.0,0.0,0.0,0.0,10.0,0.0,0.0,0.0,10.0
1446040282559752224,740,1446040282554855108,robocape_mag,-13.2,18.9,-19.35,10.0,0.0,0.0,0.0,10.0,0.0,0.0,0.0,10.0
1446040282590027099,741,1446040282585042953,robocape_mag,-13.2,18.9,-19.35,10.0,0.0,0.0,0.0,10.0,0.0,0.0,0.0,10.0
1446040282618726516,742,1446040282613948106,robocape_mag,-15.9,33.0,-11.85,10.0,0.0,0.0,0.0,10.0,0.0,0.0,0.0,10.0
1446040282650480016,743,1446040282644897937,robocape_mag,-15.9,33.0,-11.85,10.0,0.0,0.0,0.0,10.0,0.0,0.0,0.0,10.0
1446040282687932558,744,1446040282682928085,robocape_mag,-15.9,33.0,-11.85,10.0,0.0,0.0,0.0,10.0,0.0,0.0,0.0,10.0
1446040282724985724,745,1446040282717645883,robocape_mag,-15.9,33.0,-11.85,10.0,0.0,0.0,0.0,10.0,0.0,0.0,0.0,10.0
1446040282753081808,746,1446040282748245000,robocape_mag,-15.9,33.0,-11.85,10.0,0.0,0.0,0.0,10.0,0.0,0.0,0.0,10.0
1446040282783864724,747,1446040282779012918,robocape_mag,-12.0,22.5,-3.15,10.0,0.0,0.0,0.0,10.0,0.0,0.0,0.0,10.0
1446040282824726099,748,1446040282814007997,robocape_mag,-12.0,22.5,-3.15,10.0,0.0,0.0,0.0,10.0,0.0,0.0,0.0,10.0
1446040282851861808,749,1446040282846909999,robocape_mag,-12.0,22.5,-3.15,10.0,0.0,0.0,0.0,10.0,0.0,0.0,0.0,10.0
1446040282883714308,750,1446040282878612995,robocape_mag,-12.0,22.5,-3.15,10.0,0.0,0.0,0.0,10.0,0.0,0.0,0.0,10.0
1446040282917986058,751,1446040282911655902,robocape_mag,-12.0,22.5,-3.15,10.0,0.0,0.0,0.0,10.0,0.0,0.0,0.0,10.0
1446040282950181766,752,1446040282944850921,robocape_mag,-33.6,-0.3,-13.95,10.0,0.0,0.0,0.0,10.0,0.0,0.0,0.0,10.0
1446040282980079766,753,1446040282975151062,robocape_mag,-33.6,-0.3,-13.95,10.0,0.0,0.0,0.0,10.0,0.0,0.0,0.0,10.0
1446040283013447683,754,1446040283008636951,robocape_mag,-33.6,-0.3,-13.95,10.0,0.0,0.0,0.0,10.0,0.0,0.0,0.0,10.0
1446040283046822849,755,1446040283042017936,robocape_mag,-33.6,-0.3,-13.95,10.0,0.0,0.0,0.0,10.0,0.0,0.0,0.0,10.0
1446040283080480891,756,1446040283075298070,robocape_mag,-33.6,-0.3,-13.95,10.0,0.0,0.0,0.0,10.0,0.0,0.0,0.0,10.0
1446040283113490349,757,1446040283108691930,robocape_mag,-25.5,-6.0,-8.85,10.0,0.0,0.0,0.0,10.0,0.0,0.0,0.0,10.0
1446040283152797391,758,1446040283147484064,robocape_mag,-25.5,-6.0,-8.85,10.0,0.0,0.0,0.0,10.0,0.0,0.0,0.0,10.0
1446040283183971725,759,1446040283178879976,robocape_mag,-25.5,-6.0,-8.85,10.0,0.0,0.0,0.0,10.0,0.0,0.0,0.0,10.0
1446040283218068183,760,1446040283213068962,robocape_mag,-25.5,-6.0,-8.85,10.0,0.0,0.0,0.0,10.0,0.0,0.0,0.0,10.0
1446040283248964725,761,1446040283243726968,robocape_mag,-9.0,-12.9,-3.15,10.0,0.0,0.0,0.0,10.0,0.0,0.0,0.0,10.0
1446040283283974266,762,1446040283278772115,robocape_mag,-9.0,-12.9,-3.15,10.0,0.0,0.0,0.0,10.0,0.0,0.0,0.0,10.0
1446040283313708100,763,1446040283308504104,robocape_mag,-9.0,-12.9,-3.15,10.0,0.0,0.0,0.0,10.0,0.0,0.0,0.0,10.0
1446040283352652641,764,1446040283346971035,robocape_mag,-9.0,-12.9,-3.15,10.0,0.0,0.0,0.0,10.0,0.0,0.0,0.0,10.0
1446040283391612100,765,1446040283386744022,robocape_mag,-9.0,-12.9,-3.15,10.0,0.0,0.0,0.0,10.0,0.0,0.0,0.0,10.0
1446040283423930266,766,1446040283419025897,robocape_mag,-15.9,7.2,-14.85,10.0,0.0,0.0,0.0,10.0,0.0,0.0,0.0,10.0
1446040283462710225,767,1446040283457389116,robocape_mag,-15.9,7.2,-14.85,10.0,0.0,0.0,0.0,10.0,0.0,0.0,0.0,10.0
1446040283497206891,768,1446040283492096900,robocape_mag,-15.9,7.2,-14.85,10.0,0.0,0.0,0.0,10.0,0.0,0.0,0.0,10.0
1446040283531454225,769,1446040283525835990,robocape_mag,-15.9,7.2,-14.85,10.0,0.0,0.0,0.0,10.0,0.0,0.0,0.0,10.0
1446040283564555683,770,1446040283559619903,robocape_mag,-32.7,6.6,-31.65,10.0,0.0,0.0,0.0,10.0,0.0,0.0,0.0,10.0
1446040283602459100,771,1446040283597367048,robocape_mag,-32.7,6.6,-31.65,10.0,0.0,0.0,0.0,10.0,0.0,0.0,0.0,10.0
1446040283637286766,772,1446040283628026008,robocape_mag,-32.7,6.6,-31.65,10.0,0.0,0.0,0.0,10.0,0.0,0.0,0.0,10.0
1446040283672503850,773,1446040283663666009,robocape_mag,-32.7,6.6,-31.65,10.0,0.0,0.0,0.0,10.0,0.0,0.0,0.0,10.0
1446040283698197725,774,1446040283693131923,robocape_mag,-32.7,6.6,-31.65,10.0,0.0,0.0,0.0,10.0,0.0,0.0,0.0,10.0
1446040283729361016,775,1446040283724318027,robocape_mag,-28.5,19.2,-19.65,10.0,0.0,0.0,0.0,10.0,0.0,0.0,0.0,10.0
1446040283768371850,776,1446040283761388063,robocape_mag,-28.5,19.2,-19.65,10.0,0.0,0.0,0.0,10.0,0.0,0.0,0.0,10.0
1446040283803134516,777,1446040283797995090,robocape_mag,-28.5,19.2,-19.65,10.0,0.0,0.0,0.0,10.0,0.0,0.0,0.0,10.0
1446040283841264183,778,1446040283835999965,robocape_mag,-28.5,19.2,-19.65,10.0,0.0,0.0,0.0,10.0,0.0,0.0,0.0,10.0
1446040283881574850,779,1446040283871484994,robocape_mag,-28.5,19.2,-19.65,10.0,0.0,0.0,0.0,10.0,0.0,0.0,0.0,10.0
1446040283908783933,780,1446040283903860092,robocape_mag,-20.1,-1.8,-10.65,10.0,0.0,0.0,0.0,10.0,0.0,0.0,0.0,10.0
1446040283943553725,781,1446040283938638925,robocape_mag,-20.1,-1.8,-10.65,10.0,0.0,0.0,0.0,10.0,0.0,0.0,0.0,10.0
1446040283977506892,782,1446040283972657918,robocape_mag,-20.1,-1.8,-10.65,10.0,0.0,0.0,0.0,10.0,0.0,0.0,0.0,10.0
1446040284008380225,783,1446040284003247976,robocape_mag,-20.1,-1.8,-10.65,10.0,0.0,0.0,0.0,10.0,0.0,0.0,0.0,10.0
1446040284043235683,784,1446040284038372039,robocape_mag,-26.7,31.8,-13.05,10.0,0.0,0.0,0.0,10.0,0.0,0.0,0.0,10.0
1446040284078102683,785,1446040284073271036,robocape_mag,-26.7,31.8,-13.05,10.0,0.0,0.0,0.0,10.0,0.0,0.0,0.0,10.0
1446040284109451683,786,1446040284104629039,robocape_mag,-26.7,31.8,-13.05,10.0,0.0,0.0,0.0,10.0,0.0,0.0,0.0,10.0
1446040284141105850,787,1446040284136138916,robocape_mag,-26.7,31.8,-13.05,10.0,0.0,0.0,0.0,10.0,0.0,0.0,0.0,10.0
1446040284175418642,788,1446040284170556068,robocape_mag,-26.7,31.8,-13.05,10.0,0.0,0.0,0.0,10.0,0.0,0.0,0.0,10.0
1446040284205589183,789,1446040284200468063,robocape_mag,-30.3,7.8,-1.65,10.0,0.0,0.0,0.0,10.0,0.0,0.0,0.0,10.0
1446040284237008225,790,1446040284231726884,robocape_mag,-30.3,7.8,-1.65,10.0,0.0,0.0,0.0,10.0,0.0,0.0,0.0,10.0
1446040284269719392,791,1446040284264549970,robocape_mag,-30.3,7.8,-1.65,10.0,0.0,0.0,0.0,10.0,0.0,0.0,0.0,10.0
1446040284305408058,792,1446040284298590898,robocape_mag,-30.3,7.8,-1.65,10.0,0.0,0.0,0.0,10.0,0.0,0.0,0.0,10.0
1446040284340374683,793,1446040284335499048,robocape_mag,-30.3,7.8,-1.65,10.0,0.0,0.0,0.0,10.0,0.0,0.0,0.0,10.0
1446040284383323225,794,1446040284369941949,robocape_mag,-27.6,6.9,10.65,10.0,0.0,0.0,0.0,10.0,0.0,0.0,0.0,10.0
1446040284419789225,795,1446040284414783000,robocape_mag,-27.6,6.9,10.65,10.0,0.0,0.0,0.0,10.0,0.0,0.0,0.0,10.0
1446040284458845517,796,1446040284453484058,robocape_mag,-27.6,6.9,10.65,10.0,0.0,0.0,0.0,10.0,0.0,0.0,0.0,10.0
1446040284492675142,797,1446040284487765073,robocape_mag,-27.6,6.9,10.65,10.0,0.0,0.0,0.0,10.0,0.0,0.0,0.0,10.0
1446040284523332683,798,1446040284518484115,robocape_mag,-18.9,12.0,-7.05,10.0,0.0,0.0,0.0,10.0,0.0,0.0,0.0,10.0
1446040284555317892,799,1446040284549686908,robocape_mag,-18.9,12.0,-7.05,10.0,0.0,0.0,0.0,10.0,0.0,0.0,0.0,10.0
1446040284592676059,800,1446040284584794998,robocape_mag,-18.9,12.0,-7.05,10.0,0.0,0.0,0.0,10.0,0.0,0.0,0.0,10.0
1446040284625071850,801,1446040284620137929,robocape_mag,-18.9,12.0,-7.05,10.0,0.0,0.0,0.0,10.0,0.0,0.0,0.0,10.0
1446040284659022059,802,1446040284653927087,robocape_mag,-18.9,12.0,-7.05,10.0,0.0,0.0,0.0,10.0,0.0,0.0,0.0,10.0
1446040284691041559,803,1446040284685811042,robocape_mag,-18.3,-5.4,8.55,10.0,0.0,0.0,0.0,10.0,0.0,0.0,0.0,10.0
1446040284725678434,804,1446040284720665931,robocape_mag,-18.3,-5.4,8.55,10.0,0.0,0.0,0.0,10.0,0.0,0.0,0.0,10.0
1446040284759986100,805,1446040284751270055,robocape_mag,-18.3,-5.4,8.55,10.0,0.0,0.0,0.0,10.0,0.0,0.0,0.0,10.0
1446040284787445559,806,1446040284782641887,robocape_mag,-18.3,-5.4,8.55,10.0,0.0,0.0,0.0,10.0,0.0,0.0,0.0,10.0
1446040284818706059,807,1446040284813815116,robocape_mag,-18.3,-5.4,8.55,10.0,0.0,0.0,0.0,10.0,0.0,0.0,0.0,10.0
1446040284847879475,808,1446040284843005895,robocape_mag,-21.6,17.7,14.85,10.0,0.0,0.0,0.0,10.0,0.0,0.0,0.0,10.0
1446040284880128850,809,1446040284875000953,robocape_mag,-21.6,17.7,14.85,10.0,0.0,0.0,0.0,10.0,0.0,0.0,0.0,10.0
1446040284914413850,810,1446040284909270048,robocape_mag,-21.6,17.7,14.85,10.0,0.0,0.0,0.0,10.0,0.0,0.0,0.0,10.0
1446040284948961475,811,1446040284944072008,robocape_mag,-21.6,17.7,14.85,10.0,0.0,0.0,0.0,10.0,0.0,0.0,0.0,10.0
1446040284978263934,812,1446040284973098993,robocape_mag,-21.6,17.7,14.85,10.0,0.0,0.0,0.0,10.0,0.0,0.0,0.0,10.0
1446040285009614434,813,1446040285004067897,robocape_mag,-20.1,9.0,25.35,10.0,0.0,0.0,0.0,10.0,0.0,0.0,0.0,10.0
1446040285043462225,814,1446040285038583993,robocape_mag,-20.1,9.0,25.35,10.0,0.0,0.0,0.0,10.0,0.0,0.0,0.0,10.0
1446040285073196559,815,1446040285068377017,robocape_mag,-20.1,9.0,25.35,10.0,0.0,0.0,0.0,10.0,0.0,0.0,0.0,10.0
1446040285103003559,816,1446040285098097085,robocape_mag,-20.1,9.0,25.35,10.0,0.0,0.0,0.0,10.0,0.0,0.0,0.0,10.0
1446040285133439600,817,1446040285128379106,robocape_mag,-20.1,9.0,25.35,10.0,0.0,0.0,0.0,10.0,0.0,0.0,0.0,10.0
1446040285166014642,818,1446040285160753965,robocape_mag,-18.0,9.9,3.45,10.0,0.0,0.0,0.0,10.0,0.0,0.0,0.0,10.0
1446040285199622809,819,1446040285194516897,robocape_mag,-18.0,9.9,3.45,10.0,0.0,0.0,0.0,10.0,0.0,0.0,0.0,10.0
1446040285236411100,820,1446040285230427980,robocape_mag,-18.0,9.9,3.45,10.0,0.0,0.0,0.0,10.0,0.0,0.0,0.0,10.0
1446040285276016809,821,1446040285267013072,robocape_mag,-18.0,9.9,3.45,10.0,0.0,0.0,0.0,10.0,0.0,0.0,0.0,10.0
1446040285303430476,822,1446040285298268079,robocape_mag,-18.0,9.9,3.45,10.0,0.0,0.0,0.0,10.0,0.0,0.0,0.0,10.0
1446040285343844101,823,1446040285335186004,robocape_mag,-18.3,2.4,-1.65,10.0,0.0,0.0,0.0,10.0,0.0,0.0,0.0,10.0
1446040285381004851,824,1446040285371371984,robocape_mag,-18.3,2.4,-1.65,10.0,0.0,0.0,0.0,10.0,0.0,0.0,0.0,10.0
1446040285415348767,825,1446040285410186052,robocape_mag,-18.3,2.4,-1.65,10.0,0.0,0.0,0.0,10.0,0.0,0.0,0.0,10.0
1446040285445567934,826,1446040285440078020,robocape_mag,-18.3,2.4,-1.65,10.0,0.0,0.0,0.0,10.0,0.0,0.0,0.0,10.0
1446040285480631059,827,1446040285475593090,robocape_mag,-18.3,2.4,-1.65,10.0,0.0,0.0,0.0,10.0,0.0,0.0,0.0,10.0
1446040285512394809,828,1446040285506999015,robocape_mag,-18.3,3.0,-2.25,10.0,0.0,0.0,0.0,10.0,0.0,0.0,0.0,10.0
1446040285543630267,829,1446040285538259983,robocape_mag,-18.3,3.0,-2.25,10.0,0.0,0.0,0.0,10.0,0.0,0.0,0.0,10.0
1446040285579581184,830,1446040285574671983,robocape_mag,-18.3,3.0,-2.25,10.0,0.0,0.0,0.0,10.0,0.0,0.0,0.0,10.0
1446040285619803142,831,1446040285614718914,robocape_mag,-18.3,3.0,-2.25,10.0,0.0,0.0,0.0,10.0,0.0,0.0,0.0,10.0
1446040285654506809,832,1446040285649445056,robocape_mag,-18.0,2.7,-2.55,10.0,0.0,0.0,0.0,10.0,0.0,0.0,0.0,10.0
1446040285687572517,833,1446040285682683944,robocape_mag,-18.0,2.7,-2.55,10.0,0.0,0.0,0.0,10.0,0.0,0.0,0.0,10.0
1446040285718857184,834,1446040285711810111,robocape_mag,-18.0,2.7,-2.55,10.0,0.0,0.0,0.0,10.0,0.0,0.0,0.0,10.0
1446040285754355976,835,1446040285749536037,robocape_mag,-18.0,2.7,-2.55,10.0,0.0,0.0,0.0,10.0,0.0,0.0,0.0,10.0
1446040285792052267,836,1446040285785506963,robocape_mag,-18.0,2.7,-2.55,10.0,0.0,0.0,0.0,10.0,0.0,0.0,0.0,10.0
1446040285824784476,837,1446040285819565057,robocape_mag,-18.0,3.3,-3.15,10.0,0.0,0.0,0.0,10.0,0.0,0.0,0.0,10.0
1446040285859144142,838,1446040285853837966,robocape_mag,-18.0,3.3,-3.15,10.0,0.0,0.0,0.0,10.0,0.0,0.0,0.0,10.0
1446040285895559267,839,1446040285890659093,robocape_mag,-18.0,3.3,-3.15,10.0,0.0,0.0,0.0,10.0,0.0,0.0,0.0,10.0
1446040285926862767,840,1446040285921809911,robocape_mag,-18.0,3.3,-3.15,10.0,0.0,0.0,0.0,10.0,0.0,0.0,0.0,10.0
1446040285958700309,841,1446040285952236890,robocape_mag,-18.0,3.3,-3.15,10.0,0.0,0.0,0.0,10.0,0.0,0.0,0.0,10.0
1446040285989587851,842,1446040285984780073,robocape_mag,-18.0,2.7,-1.35,10.0,0.0,0.0,0.0,10.0,0.0,0.0,0.0,10.0
1446040286019856018,843,1446040286015031099,robocape_mag,-18.0,2.7,-1.35,10.0,0.0,0.0,0.0,10.0,0.0,0.0,0.0,10.0
1446040286058190184,844,1446040286050076007,robocape_mag,-18.0,2.7,-1.35,10.0,0.0,0.0,0.0,10.0,0.0,0.0,0.0,10.0
1446040286092918518,845,1446040286086214065,robocape_mag,-18.0,2.7,-1.35,10.0,0.0,0.0,0.0,10.0,0.0,0.0,0.0,10.0
1446040286129214018,846,1446040286124244928,robocape_mag,-17.4,2.1,-3.15,10.0,0.0,0.0,0.0,10.0,0.0,0.0,0.0,10.0
1446040286163925309,847,1446040286158447980,robocape_mag,-17.4,2.1,-3.15,10.0,0.0,0.0,0.0,10.0,0.0,0.0,0.0,10.0
1446040286193101059,848,1446040286187598943,robocape_mag,-17.4,2.1,-3.15,10.0,0.0,0.0,0.0,10.0,0.0,0.0,0.0,10.0
1446040286232530809,849,1446040286224381923,robocape_mag,-17.4,2.1,-3.15,10.0,0.0,0.0,0.0,10.0,0.0,0.0,0.0,10.0
1446040286266079601,850,1446040286260961055,robocape_mag,-17.4,2.1,-3.15,10.0,0.0,0.0,0.0,10.0,0.0,0.0,0.0,10.0
1446040286301281559,851,1446040286296432971,robocape_mag,-17.4,3.9,-3.15,10.0,0.0,0.0,0.0,10.0,0.0,0.0,0.0,10.0
1446040286331984643,852,1446040286327174901,robocape_mag,-17.4,3.9,-3.15,10.0,0.0,0.0,0.0,10.0,0.0,0.0,0.0,10.0
1446040286361480184,853,1446040286356470108,robocape_mag,-17.4,3.9,-3.15,10.0,0.0,0.0,0.0,10.0,0.0,0.0,0.0,10.0
1446040286403878726,854,1446040286398737907,robocape_mag,-17.4,3.9,-3.15,10.0,0.0,0.0,0.0,10.0,0.0,0.0,0.0,10.0
1446040286437263268,855,1446040286431962013,robocape_mag,-17.4,3.9,-3.15,10.0,0.0,0.0,0.0,10.0,0.0,0.0,0.0,10.0
1446040286468486059,856,1446040286463395118,robocape_mag,-18.0,9.3,17.25,10.0,0.0,0.0,0.0,10.0,0.0,0.0,0.0,10.0
1446040286497215226,857,1446040286492320060,robocape_mag,-18.0,9.3,17.25,10.0,0.0,0.0,0.0,10.0,0.0,0.0,0.0,10.0
1446040286529704726,858,1446040286523266077,robocape_mag,-18.0,9.3,17.25,10.0,0.0,0.0,0.0,10.0,0.0,0.0,0.0,10.0
1446040286565767934,859,1446040286560722112,robocape_mag,-18.0,9.3,17.25,10.0,0.0,0.0,0.0,10.0,0.0,0.0,0.0,10.0
1446040286604050226,860,1446040286595016956,robocape_mag,-18.0,9.3,17.25,10.0,0.0,0.0,0.0,10.0,0.0,0.0,0.0,10.0
1446040286633872101,861,1446040286628761053,robocape_mag,-21.9,4.2,24.15,10.0,0.0,0.0,0.0,10.0,0.0,0.0,0.0,10.0
1446040286663932143,862,1446040286658952951,robocape_mag,-21.9,4.2,24.15,10.0,0.0,0.0,0.0,10.0,0.0,0.0,0.0,10.0
1446040286695285768,863,1446040286690352916,robocape_mag,-21.9,4.2,24.15,10.0,0.0,0.0,0.0,10.0,0.0,0.0,0.0,10.0
1446040286727267726,864,1446040286722326040,robocape_mag,-21.9,4.2,24.15,10.0,0.0,0.0,0.0,10.0,0.0,0.0,0.0,10.0
1446040286761952226,865,1446040286756834983,robocape_mag,-21.9,6.3,12.45,10.0,0.0,0.0,0.0,10.0,0.0,0.0,0.0,10.0
1446040286797778435,866,1446040286791608095,robocape_mag,-16.8,6.3,12.45,10.0,0.0,0.0,0.0,10.0,0.0,0.0,0.0,10.0
1446040286827825351,867,1446040286822082042,robocape_mag,-16.8,6.3,12.45,10.0,0.0,0.0,0.0,10.0,0.0,0.0,0.0,10.0
1446040286862416726,868,1446040286857363939,robocape_mag,-16.8,6.3,12.45,10.0,0.0,0.0,0.0,10.0,0.0,0.0,0.0,10.0
1446040286894452935,869,1446040286889084100,robocape_mag,-16.8,6.3,12.45,10.0,0.0,0.0,0.0,10.0,0.0,0.0,0.0,10.0
1446040286925247393,870,1446040286920387029,robocape_mag,-14.1,-18.0,7.35,10.0,0.0,0.0,0.0,10.0,0.0,0.0,0.0,10.0
1446040286959554476,871,1446040286954730987,robocape_mag,-14.1,-18.0,7.35,10.0,0.0,0.0,0.0,10.0,0.0,0.0,0.0,10.0
1446040286990070226,872,1446040286985260009,robocape_mag,-14.1,-18.0,7.35,10.0,0.0,0.0,0.0,10.0,0.0,0.0,0.0,10.0
1446040287019515685,873,1446040287014655113,robocape_mag,-14.1,-18.0,7.35,10.0,0.0,0.0,0.0,10.0,0.0,0.0,0.0,10.0
1446040287053706393,874,1446040287047439098,robocape_mag,-14.1,-18.0,7.35,10.0,0.0,0.0,0.0,10.0,0.0,0.0,0.0,10.0
1446040287086167060,875,1446040287081206083,robocape_mag,-15.9,-23.4,30.75,10.0,0.0,0.0,0.0,10.0,0.0,0.0,0.0,10.0
1446040287117456476,876,1446040287112329959,robocape_mag,-15.9,-23.4,30.75,10.0,0.0,0.0,0.0,10.0,0.0,0.0,0.0,10.0
1446040287146912226,877,1446040287142127990,robocape_mag,-15.9,-23.4,30.75,10.0,0.0,0.0,0.0,10.0,0.0,0.0,0.0,10.0
1446040287185430643,878,1446040287180411100,robocape_mag,-15.9,-23.4,30.75,10.0,0.0,0.0,0.0,10.0,0.0,0.0,0.0,10.0
1446040287217976768,879,1446040287212898015,robocape_mag,-15.9,-23.4,30.75,10.0,0.0,0.0,0.0,10.0,0.0,0.0,0.0,10.0
1446040287249046560,880,1446040287244052886,robocape_mag,-17.7,-4.8,9.75,10.0,0.0,0.0,0.0,10.0,0.0,0.0,0.0,10.0
1446040287285299143,881,1446040287280112028,robocape_mag,-17.7,-4.8,9.75,10.0,0.0,0.0,0.0,10.0,0.0,0.0,0.0,10.0
1446040287323215976,882,1446040287316051006,robocape_mag,-17.7,-4.8,9.75,10.0,0.0,0.0,0.0,10.0,0.0,0.0,0.0,10.0
1446040287357333143,883,1446040287352174043,robocape_mag,-17.7,-4.8,9.75,10.0,0.0,0.0,0.0,10.0,0.0,0.0,0.0,10.0
1446040287394031977,884,1446040287388860940,robocape_mag,-17.7,-4.8,9.75,10.0,0.0,0.0,0.0,10.0,0.0,0.0,0.0,10.0
1446040287423884102,885,1446040287418872117,robocape_mag,-13.8,-24.9,16.05,10.0,0.0,0.0,0.0,10.0,0.0,0.0,0.0,10.0
1446040287456189477,886,1446040287450695991,robocape_mag,-13.8,-24.9,16.05,10.0,0.0,0.0,0.0,10.0,0.0,0.0,0.0,10.0
1446040287488532102,887,1446040287483365058,robocape_mag,-13.8,-24.9,16.05,10.0,0.0,0.0,0.0,10.0,0.0,0.0,0.0,10.0
1446040287521100768,888,1446040287515681982,robocape_mag,-13.8,-24.9,16.05,10.0,0.0,0.0,0.0,10.0,0.0,0.0,0.0,10.0
1446040287561214602,889,1446040287550898075,robocape_mag,-13.8,-24.9,16.05,10.0,0.0,0.0,0.0,10.0,0.0,0.0,0.0,10.0
1446040287591369768,890,1446040287586436033,robocape_mag,-14.7,-27.6,25.95,10.0,0.0,0.0,0.0,10.0,0.0,0.0,0.0,10.0
1446040287627211227,891,1446040287622164964,robocape_mag,-14.7,-27.6,25.95,10.0,0.0,0.0,0.0,10.0,0.0,0.0,0.0,10.0
1446040287661390227,892,1446040287656572103,robocape_mag,-14.7,-27.6,25.95,10.0,0.0,0.0,0.0,10.0,0.0,0.0,0.0,10.0
1446040287695456852,893,1446040287690579891,robocape_mag,-14.7,-27.6,25.95,10.0,0.0,0.0,0.0,10.0,0.0,0.0,0.0,10.0
1446040287730205810,894,1446040287724906921,robocape_mag,-15.3,-25.8,27.75,10.0,0.0,0.0,0.0,10.0,0.0,0.0,0.0,10.0
1446040287760605852,895,1446040287755588054,robocape_mag,-15.3,-25.8,27.75,10.0,0.0,0.0,0.0,10.0,0.0,0.0,0.0,10.0
1446040287795883768,896,1446040287790982961,robocape_mag,-15.3,-25.8,27.75,10.0,0.0,0.0,0.0,10.0,0.0,0.0,0.0,10.0
1446040287832772685,897,1446040287827745914,robocape_mag,-15.3,-25.8,27.75,10.0,0.0,0.0,0.0,10.0,0.0,0.0,0.0,10.0
1446040287869575518,898,1446040287864391088,robocape_mag,-15.3,-25.8,27.75,10.0,0.0,0.0,0.0,10.0,0.0,0.0,0.0,10.0
1446040287909935560,899,1446040287902977943,robocape_mag,-13.8,-27.9,26.85,10.0,0.0,0.0,0.0,10.0,0.0,0.0,0.0,10.0
1446040287943335185,900,1446040287938191890,robocape_mag,-13.8,-27.9,26.85,10.0,0.0,0.0,0.0,10.0,0.0,0.0,0.0,10.0
1446040287978018893,901,1446040287972852945,robocape_mag,-13.8,-27.9,26.85,10.0,0.0,0.0,0.0,10.0,0.0,0.0,0.0,10.0
1446040288018053143,902,1446040288008431911,robocape_mag,-13.8,-27.9,26.85,10.0,0.0,0.0,0.0,10.0,0.0,0.0,0.0,10.0
1446040288046740143,903,1446040288041218042,robocape_mag,-14.7,-27.6,26.55,10.0,0.0,0.0,0.0,10.0,0.0,0.0,0.0,10.0
1446040288082821227,904,1446040288073925018,robocape_mag,-14.7,-27.6,26.55,10.0,0.0,0.0,0.0,10.0,0.0,0.0,0.0,10.0
1446040288115066894,905,1446040288109980106,robocape_mag,-14.7,-27.6,26.55,10.0,0.0,0.0,0.0,10.0,0.0,0.0,0.0,10.0
1446040288148006435,906,1446040288142757892,robocape_mag,-14.7,-27.6,26.55,10.0,0.0,0.0,0.0,10.0,0.0,0.0,0.0,10.0
1446040288182452477,907,1446040288177479982,robocape_mag,-14.7,-27.6,26.55,10.0,0.0,0.0,0.0,10.0,0.0,0.0,0.0,10.0
1446040288215225102,908,1446040288210151910,robocape_mag,-14.4,-29.1,27.45,10.0,0.0,0.0,0.0,10.0,0.0,0.0,0.0,10.0
1446040288250023144,909,1446040288245095014,robocape_mag,-14.4,-29.1,27.45,10.0,0.0,0.0,0.0,10.0,0.0,0.0,0.0,10.0
1446040288283642894,910,1446040288276613950,robocape_mag,-14.4,-29.1,27.45,10.0,0.0,0.0,0.0,10.0,0.0,0.0,0.0,10.0
1446040288315059810,911,1446040288310247898,robocape_mag,-14.4,-29.1,27.45,10.0,0.0,0.0,0.0,10.0,0.0,0.0,0.0,10.0
1446040288351209227,912,1446040288344597101,robocape_mag,-14.4,-29.1,27.45,10.0,0.0,0.0,0.0,10.0,0.0,0.0,0.0,10.0
1446040288387679935,913,1446040288379853963,robocape_mag,-13.5,-29.4,25.35,10.0,0.0,0.0,0.0,10.0,0.0,0.0,0.0,10.0
1446040288427308352,914,1446040288422210931,robocape_mag,-13.5,-29.4,25.35,10.0,0.0,0.0,0.0,10.0,0.0,0.0,0.0,10.0
1446040288460833935,915,1446040288455379962,robocape_mag,-13.5,-29.4,25.35,10.0,0.0,0.0,0.0,10.0,0.0,0.0,0.0,10.0
1446040288490603352,916,1446040288484822988,robocape_mag,-13.5,-29.4,25.35,10.0,0.0,0.0,0.0,10.0,0.0,0.0,0.0,10.0
1446040288528463269,917,1446040288523607015,robocape_mag,-16.5,-25.8,16.35,10.0,0.0,0.0,0.0,10.0,0.0,0.0,0.0,10.0
1446040288561589810,918,1446040288556410074,robocape_mag,-16.5,-25.8,16.35,10.0,0.0,0.0,0.0,10.0,0.0,0.0,0.0,10.0
1446040288598017852,919,1446040288592746019,robocape_mag,-16.5,-25.8,16.35,10.0,0.0,0.0,0.0,10.0,0.0,0.0,0.0,10.0
1446040288630204894,920,1446040288625447988,robocape_mag,-16.5,-25.8,16.35,10.0,0.0,0.0,0.0,10.0,0.0,0.0,0.0,10.0
1446040288662404269,921,1446040288657145023,robocape_mag,-16.5,-25.8,16.35,10.0,0.0,0.0,0.0,10.0,0.0,0.0,0.0,10.0
1446040288693561685,922,1446040288688666105,robocape_mag,-12.3,-30.0,11.55,10.0,0.0,0.0,0.0,10.0,0.0,0.0,0.0,10.0
1446040288729220894,923,1446040288719902992,robocape_mag,-12.3,-30.0,11.55,10.0,0.0,0.0,0.0,10.0,0.0,0.0,0.0,10.0
1446040288756281185,924,1446040288751391887,robocape_mag,-12.3,-30.0,11.55,10.0,0.0,0.0,0.0,10.0,0.0,0.0,0.0,10.0
1446040288789923852,925,1446040288785029888,robocape_mag,-12.3,-30.0,11.55,10.0,0.0,0.0,0.0,10.0,0.0,0.0,0.0,10.0
1446040288824331769,926,1446040288819221019,robocape_mag,-12.3,-30.0,11.55,10.0,0.0,0.0,0.0,10.0,0.0,0.0,0.0,10.0
1446040288857281394,927,1446040288852405071,robocape_mag,-21.0,-41.1,16.65,10.0,0.0,0.0,0.0,10.0,0.0,0.0,0.0,10.0
1446040288897123394,928,1446040288887629985,robocape_mag,-21.0,-41.1,16.65,10.0,0.0,0.0,0.0,10.0,0.0,0.0,0.0,10.0
1446040288927482311,929,1446040288922568082,robocape_mag,-21.0,-41.1,16.65,10.0,0.0,0.0,0.0,10.0,0.0,0.0,0.0,10.0
1446040288968115602,930,1446040288961385011,robocape_mag,-21.0,-41.1,16.65,10.0,0.0,0.0,0.0,10.0,0.0,0.0,0.0,10.0
1446040289001243977,931,1446040288995764970,robocape_mag,-21.0,-41.1,16.65,10.0,0.0,0.0,0.0,10.0,0.0,0.0,0.0,10.0
1446040289035569519,932,1446040289030222892,robocape_mag,-21.3,-20.4,18.75,10.0,0.0,0.0,0.0,10.0,0.0,0.0,0.0,10.0
1446040289070001436,933,1446040289064941883,robocape_mag,-21.3,-20.4,18.75,10.0,0.0,0.0,0.0,10.0,0.0,0.0,0.0,10.0
1446040289103530227,934,1446040289098453044,robocape_mag,-21.3,-20.4,18.75,10.0,0.0,0.0,0.0,10.0,0.0,0.0,0.0,10.0
1446040289134747894,935,1446040289129833936,robocape_mag,-21.3,-20.4,18.75,10.0,0.0,0.0,0.0,10.0,0.0,0.0,0.0,10.0
1446040289171770394,936,1446040289166773080,robocape_mag,10.5,-43.8,10.35,10.0,0.0,0.0,0.0,10.0,0.0,0.0,0.0,10.0
1446040289206557436,937,1446040289201586961,robocape_mag,10.5,-43.8,10.35,10.0,0.0,0.0,0.0,10.0,0.0,0.0,0.0,10.0
1446040289240556852,938,1446040289235511064,robocape_mag,10.5,-43.8,10.35,10.0,0.0,0.0,0.0,10.0,0.0,0.0,0.0,10.0
1446040289278620811,939,1446040289270061016,robocape_mag,10.5,-43.8,10.35,10.0,0.0,0.0,0.0,10.0,0.0,0.0,0.0,10.0
1446040289309371977,940,1446040289304480075,robocape_mag,10.5,-43.8,10.35,10.0,0.0,0.0,0.0,10.0,0.0,0.0,0.0,10.0
1446040289341698019,941,1446040289336822032,robocape_mag,30.6,-55.5,0.45,10.0,0.0,0.0,0.0,10.0,0.0,0.0,0.0,10.0
1446040289381686894,942,1446040289370575904,robocape_mag,30.6,-55.5,0.45,10.0,0.0,0.0,0.0,10.0,0.0,0.0,0.0,10.0
1446040289420376102,943,1446040289415515899,robocape_mag,30.6,-55.5,0.45,10.0,0.0,0.0,0.0,10.0,0.0,0.0,0.0,10.0
1446040289452662477,944,1446040289447576999,robocape_mag,30.6,-55.5,0.45,10.0,0.0,0.0,0.0,10.0,0.0,0.0,0.0,10.0
1446040289489862353,945,1446040289484003067,robocape_mag,29.4,-39.9,-13.35,10.0,0.0,0.0,0.0,10.0,0.0,0.0,0.0,10.0
1446040289523287603,946,1446040289518420934,robocape_mag,29.4,-39.9,-13.35,10.0,0.0,0.0,0.0,10.0,0.0,0.0,0.0,10.0
1446040289557935311,947,1446040289551805019,robocape_mag,29.4,-39.9,-13.35,10.0,0.0,0.0,0.0,10.0,0.0,0.0,0.0,10.0
1446040289588726186,948,1446040289582669019,robocape_mag,29.4,-39.9,-13.35,10.0,0.0,0.0,0.0,10.0,0.0,0.0,0.0,10.0
1446040289622122144,949,1446040289617315053,robocape_mag,29.4,-39.9,-13.35,10.0,0.0,0.0,0.0,10.0,0.0,0.0,0.0,10.0
1446040289660292769,950,1446040289649350881,robocape_mag,14.4,-5.1,-18.15,10.0,0.0,0.0,0.0,10.0,0.0,0.0,0.0,10.0
1446040289690096978,951,1446040289684246063,robocape_mag,14.4,-5.1,-18.15,10.0,0.0,0.0,0.0,10.0,0.0,0.0,0.0,10.0
1446040289719740853,952,1446040289714916944,robocape_mag,14.4,-5.1,-18.15,10.0,0.0,0.0,0.0,10.0,0.0,0.0,0.0,10.0
1446040289758403061,953,1446040289753391981,robocape_mag,14.4,-5.1,-18.15,10.0,0.0,0.0,0.0,10.0,0.0,0.0,0.0,10.0
1446040289796094728,954,1446040289791259050,robocape_mag,14.4,-5.1,-18.15,10.0,0.0,0.0,0.0,10.0,0.0,0.0,0.0,10.0
1446040289829656144,955,1446040289824445009,robocape_mag,7.8,-6.3,-14.55,10.0,0.0,0.0,0.0,10.0,0.0,0.0,0.0,10.0
1446040289858550769,956,1446040289853732109,robocape_mag,7.8,-6.3,-14.55,10.0,0.0,0.0,0.0,10.0,0.0,0.0,0.0,10.0
1446040289900441269,957,1446040289895399093,robocape_mag,7.8,-6.3,-14.55,10.0,0.0,0.0,0.0,10.0,0.0,0.0,0.0,10.0
1446040289934550144,958,1446040289929614067,robocape_mag,7.8,-6.3,-14.55,10.0,0.0,0.0,0.0,10.0,0.0,0.0,0.0,10.0
1446040289969824644,959,1446040289964329957,robocape_mag,-0.6,-10.5,-15.15,10.0,0.0,0.0,0.0,10.0,0.0,0.0,0.0,10.0
1446040290003908228,960,1446040289998089075,robocape_mag,-0.6,-10.5,-15.15,10.0,0.0,0.0,0.0,10.0,0.0,0.0,0.0,10.0
1446040290035443061,961,1446040290030438899,robocape_mag,-0.6,-10.5,-15.15,10.0,0.0,0.0,0.0,10.0,0.0,0.0,0.0,10.0
1446040290072718769,962,1446040290067883968,robocape_mag,-0.6,-10.5,-15.15,10.0,0.0,0.0,0.0,10.0,0.0,0.0,0.0,10.0
1446040290109938894,963,1446040290104686021,robocape_mag,-0.6,-10.5,-15.15,10.0,0.0,0.0,0.0,10.0,0.0,0.0,0.0,10.0
1446040290143807144,964,1446040290139029026,robocape_mag,-9.0,-34.5,-7.95,10.0,0.0,0.0,0.0,10.0,0.0,0.0,0.0,10.0
1446040290180104103,965,1446040290172996997,robocape_mag,-9.0,-34.5,-7.95,10.0,0.0,0.0,0.0,10.0,0.0,0.0,0.0,10.0
1446040290213454436,966,1446040290208349943,robocape_mag,-9.0,-34.5,-7.95,10.0,0.0,0.0,0.0,10.0,0.0,0.0,0.0,10.0
1446040290244482728,967,1446040290239584922,robocape_mag,-9.0,-34.5,-7.95,10.0,0.0,0.0,0.0,10.0,0.0,0.0,0.0,10.0
1446040290278641895,968,1446040290273374080,robocape_mag,-9.0,-34.5,-7.95,10.0,0.0,0.0,0.0,10.0,0.0,0.0,0.0,10.0
1446040290316947061,969,1446040290311928987,robocape_mag,-2.7,-30.6,-10.05,10.0,0.0,0.0,0.0,10.0,0.0,0.0,0.0,10.0
1446040290355011103,970,1446040290350030899,robocape_mag,-2.7,-30.6,-10.05,10.0,0.0,0.0,0.0,10.0,0.0,0.0,0.0,10.0
1446040290393819770,971,1446040290388665914,robocape_mag,-2.7,-30.6,-10.05,10.0,0.0,0.0,0.0,10.0,0.0,0.0,0.0,10.0
1446040290432391395,972,1446040290427068948,robocape_mag,-2.7,-30.6,-10.05,10.0,0.0,0.0,0.0,10.0,0.0,0.0,0.0,10.0
1446040290470604186,973,1446040290465342998,robocape_mag,-7.2,-26.1,-3.75,10.0,0.0,0.0,0.0,10.0,0.0,0.0,0.0,10.0
1446040290505344103,974,1446040290500291109,robocape_mag,-7.2,-26.1,-3.75,10.0,0.0,0.0,0.0,10.0,0.0,0.0,0.0,10.0
1446040290542674061,975,1446040290537631988,robocape_mag,-7.2,-26.1,-3.75,10.0,0.0,0.0,0.0,10.0,0.0,0.0,0.0,10.0
1446040290577147145,976,1446040290570635080,robocape_mag,-7.2,-26.1,-3.75,10.0,0.0,0.0,0.0,10.0,0.0,0.0,0.0,10.0
1446040290610039270,977,1446040290604212045,robocape_mag,9.9,-31.2,-2.25,10.0,0.0,0.0,0.0,10.0,0.0,0.0,0.0,10.0
1446040290647009520,978,1446040290636821985,robocape_mag,9.9,-31.2,-2.25,10.0,0.0,0.0,0.0,10.0,0.0,0.0,0.0,10.0
1446040290677743645,979,1446040290672560930,robocape_mag,9.9,-31.2,-2.25,10.0,0.0,0.0,0.0,10.0,0.0,0.0,0.0,10.0
1446040290707464686,980,1446040290702290058,robocape_mag,9.9,-31.2,-2.25,10.0,0.0,0.0,0.0,10.0,0.0,0.0,0.0,10.0
1446040290745323645,981,1446040290740309000,robocape_mag,9.9,-31.2,-2.25,10.0,0.0,0.0,0.0,10.0,0.0,0.0,0.0,10.0
1446040290783753728,982,1446040290778512954,robocape_mag,0.9,-6.6,-8.85,10.0,0.0,0.0,0.0,10.0,0.0,0.0,0.0,10.0
1446040290822669436,983,1446040290817027091,robocape_mag,0.9,-6.6,-8.85,10.0,0.0,0.0,0.0,10.0,0.0,0.0,0.0,10.0
1446040290852662936,984,1446040290847565889,robocape_mag,0.9,-6.6,-8.85,10.0,0.0,0.0,0.0,10.0,0.0,0.0,0.0,10.0
1446040290882838187,985,1446040290877758979,robocape_mag,0.9,-6.6,-8.85,10.0,0.0,0.0,0.0,10.0,0.0,0.0,0.0,10.0
1446040290915999437,986,1446040290910912990,robocape_mag,0.9,-6.6,-8.85,10.0,0.0,0.0,0.0,10.0,0.0,0.0,0.0,10.0
1446040290949370270,987,1446040290944324016,robocape_mag,-7.2,-32.7,-16.35,10.0,0.0,0.0,0.0,10.0,0.0,0.0,0.0,10.0
1446040290984307187,988,1446040290979228973,robocape_mag,-7.2,-32.7,-16.35,10.0,0.0,0.0,0.0,10.0,0.0,0.0,0.0,10.0
1446040291014206853,989,1446040291008922100,robocape_mag,-7.2,-32.7,-16.35,10.0,0.0,0.0,0.0,10.0,0.0,0.0,0.0,10.0
1446040291045930145,990,1446040291041069984,robocape_mag,-7.2,-32.7,-16.35,10.0,0.0,0.0,0.0,10.0,0.0,0.0,0.0,10.0
1446040291080688853,991,1446040291075532913,robocape_mag,-7.2,-32.7,-16.35,10.0,0.0,0.0,0.0,10.0,0.0,0.0,0.0,10.0
1446040291115705187,992,1446040291110665082,robocape_mag,-23.1,-34.2,-29.85,10.0,0.0,0.0,0.0,10.0,0.0,0.0,0.0,10.0
1446040291149872062,993,1446040291144907951,robocape_mag,-23.1,-34.2,-29.85,10.0,0.0,0.0,0.0,10.0,0.0,0.0,0.0,10.0
1446040291186824520,994,1446040291181489944,robocape_mag,-23.1,-34.2,-29.85,10.0,0.0,0.0,0.0,10.0,0.0,0.0,0.0,10.0
1446040291222774437,995,1446040291217885017,robocape_mag,-23.1,-34.2,-29.85,10.0,0.0,0.0,0.0,10.0,0.0,0.0,0.0,10.0
1446040291259803853,996,1446040291254595041,robocape_mag,-24.0,-15.9,-19.95,10.0,0.0,0.0,0.0,10.0,0.0,0.0,0.0,10.0
1446040291293994562,997,1446040291288863897,robocape_mag,-24.0,-15.9,-19.95,10.0,0.0,0.0,0.0,10.0,0.0,0.0,0.0,10.0
1446040291335967228,998,1446040291324346065,robocape_mag,-24.0,-15.9,-19.95,10.0,0.0,0.0,0.0,10.0,0.0,0.0,0.0,10.0
1446040291366130270,999,1446040291361107110,robocape_mag,-24.0,-15.9,-19.95,10.0,0.0,0.0,0.0,10.0,0.0,0.0,0.0,10.0
1446040291405529020,1000,1446040291400713920,robocape_mag,0.6,6.3,-14.55,10.0,0.0,0.0,0.0,10.0,0.0,0.0,0.0,10.0
1446040291441138937,1001,1446040291436176061,robocape_mag,0.6,6.3,-14.55,10.0,0.0,0.0,0.0,10.0,0.0,0.0,0.0,10.0
1446040291480765353,1002,1446040291473846912,robocape_mag,0.6,6.3,-14.55,10.0,0.0,0.0,0.0,10.0,0.0,0.0,0.0,10.0
1446040291509923937,1003,1446040291504972934,robocape_mag,0.6,6.3,-14.55,10.0,0.0,0.0,0.0,10.0,0.0,0.0,0.0,10.0
1446040291543578145,1004,1446040291538770914,robocape_mag,0.6,6.3,-14.55,10.0,0.0,0.0,0.0,10.0,0.0,0.0,0.0,10.0
1446040291574329187,1005,1446040291569473028,robocape_mag,0.0,13.5,-1.95,10.0,0.0,0.0,0.0,10.0,0.0,0.0,0.0,10.0
1446040291605263270,1006,1446040291600254058,robocape_mag,0.0,13.5,-1.95,10.0,0.0,0.0,0.0,10.0,0.0,0.0,0.0,10.0
1446040291638708062,1007,1446040291633832931,robocape_mag,0.0,13.5,-1.95,10.0,0.0,0.0,0.0,10.0,0.0,0.0,0.0,10.0
1446040291668669270,1008,1446040291663912057,robocape_mag,0.0,13.5,-1.95,10.0,0.0,0.0,0.0,10.0,0.0,0.0,0.0,10.0
1446040291704704479,1009,1446040291699731111,robocape_mag,0.0,13.5,-1.95,10.0,0.0,0.0,0.0,10.0,0.0,0.0,0.0,10.0
1446040291743858145,1010,1446040291736732959,robocape_mag,21.6,-16.5,3.45,10.0,0.0,0.0,0.0,10.0,0.0,0.0,0.0,10.0
1446040291777076270,1011,1446040291771764039,robocape_mag,21.6,-16.5,3.45,10.0,0.0,0.0,0.0,10.0,0.0,0.0,0.0,10.0
1446040291809905812,1012,1446040291804538011,robocape_mag,21.6,-16.5,3.45,10.0,0.0,0.0,0.0,10.0,0.0,0.0,0.0,10.0
1446040291839719229,1013,1446040291834903955,robocape_mag,21.6,-16.5,3.45,10.0,0.0,0.0,0.0,10.0,0.0,0.0,0.0,10.0
1446040291872765645,1014,1446040291867903947,robocape_mag,21.6,-16.5,3.45,10.0,0.0,0.0,0.0,10.0,0.0,0.0,0.0,10.0
1446040291910604729,1015,1446040291905409097,robocape_mag,1.5,-15.6,12.75,10.0,0.0,0.0,0.0,10.0,0.0,0.0,0.0,10.0
1446040291945206645,1016,1446040291940202951,robocape_mag,1.5,-15.6,12.75,10.0,0.0,0.0,0.0,10.0,0.0,0.0,0.0,10.0
1446040291984238104,1017,1446040291977391004,robocape_mag,1.5,-15.6,12.75,10.0,0.0,0.0,0.0,10.0,0.0,0.0,0.0,10.0
1446040292023032104,1018,1446040292014477014,robocape_mag,1.5,-15.6,12.75,10.0,0.0,0.0,0.0,10.0,0.0,0.0,0.0,10.0
1446040292055814895,1019,1446040292050549983,robocape_mag,-0.9,-30.6,7.35,10.0,0.0,0.0,0.0,10.0,0.0,0.0,0.0,10.0
1446040292088963020,1020,1446040292084142923,robocape_mag,-0.9,-30.6,7.35,10.0,0.0,0.0,0.0,10.0,0.0,0.0,0.0,10.0
1446040292119704020,1021,1446040292114520072,robocape_mag,-0.9,-30.6,7.35,10.0,0.0,0.0,0.0,10.0,0.0,0.0,0.0,10.0
1446040292152471687,1022,1446040292145942926,robocape_mag,-0.9,-30.6,7.35,10.0,0.0,0.0,0.0,10.0,0.0,0.0,0.0,10.0
1446040292182423020,1023,1446040292176325082,robocape_mag,-0.9,-30.6,7.35,10.0,0.0,0.0,0.0,10.0,0.0,0.0,0.0,10.0
1446040292214331229,1024,1446040292209247112,robocape_mag,-6.0,-3.9,-0.75,10.0,0.0,0.0,0.0,10.0,0.0,0.0,0.0,10.0
1446040292253408895,1025,1446040292247653007,robocape_mag,-6.0,-3.9,-0.75,10.0,0.0,0.0,0.0,10.0,0.0,0.0,0.0,10.0
1446040292283195146,1026,1446040292277751922,robocape_mag,-6.0,-3.9,-0.75,10.0,0.0,0.0,0.0,10.0,0.0,0.0,0.0,10.0
1446040292319150604,1027,1446040292313867092,robocape_mag,-6.0,-3.9,-0.75,10.0,0.0,0.0,0.0,10.0,0.0,0.0,0.0,10.0
1446040292354539979,1028,1446040292349453926,robocape_mag,-6.0,-3.9,-0.75,10.0,0.0,0.0,0.0,10.0,0.0,0.0,0.0,10.0
1446040292399604646,1029,1446040292394242048,robocape_mag,-7.2,-21.9,-6.75,10.0,0.0,0.0,0.0,10.0,0.0,0.0,0.0,10.0
1446040292436598604,1030,1446040292429635047,robocape_mag,-7.2,-21.9,-6.75,10.0,0.0,0.0,0.0,10.0,0.0,0.0,0.0,10.0
1446040292466981562,1031,1446040292461801052,robocape_mag,-7.2,-21.9,-6.75,10.0,0.0,0.0,0.0,10.0,0.0,0.0,0.0,10.0
1446040292503216896,1032,1446040292496726989,robocape_mag,-7.2,-21.9,-6.75,10.0,0.0,0.0,0.0,10.0,0.0,0.0,0.0,10.0
1446040292536360104,1033,1446040292531269073,robocape_mag,-26.7,-13.2,-13.65,10.0,0.0,0.0,0.0,10.0,0.0,0.0,0.0,10.0
1446040292569851562,1034,1446040292564723014,robocape_mag,-26.7,-13.2,-13.65,10.0,0.0,0.0,0.0,10.0,0.0,0.0,0.0,10.0
1446040292603711521,1035,1446040292598602056,robocape_mag,-26.7,-13.2,-13.65,10.0,0.0,0.0,0.0,10.0,0.0,0.0,0.0,10.0
1446040292637843729,1036,1446040292632787942,robocape_mag,-26.7,-13.2,-13.65,10.0,0.0,0.0,0.0,10.0,0.0,0.0,0.0,10.0
1446040292670559271,1037,1446040292665553092,robocape_mag,-26.7,-13.2,-13.65,10.0,0.0,0.0,0.0,10.0,0.0,0.0,0.0,10.0
1446040292705516271,1038,1446040292700376033,robocape_mag,-30.9,-12.0,-21.45,10.0,0.0,0.0,0.0,10.0,0.0,0.0,0.0,10.0
1446040292745127229,1039,1446040292735380887,robocape_mag,-30.9,-12.0,-21.45,10.0,0.0,0.0,0.0,10.0,0.0,0.0,0.0,10.0
1446040292776218771,1040,1446040292770997047,robocape_mag,-30.9,-12.0,-21.45,10.0,0.0,0.0,0.0,10.0,0.0,0.0,0.0,10.0
1446040292815218896,1041,1446040292810117959,robocape_mag,-30.9,-12.0,-21.45,10.0,0.0,0.0,0.0,10.0,0.0,0.0,0.0,10.0
1446040292852658646,1042,1446040292847839117,robocape_mag,-38.7,-1.8,-23.25,10.0,0.0,0.0,0.0,10.0,0.0,0.0,0.0,10.0
1446040292888372687,1043,1446040292883059978,robocape_mag,-38.7,-1.8,-23.25,10.0,0.0,0.0,0.0,10.0,0.0,0.0,0.0,10.0
1446040292927094646,1044,1446040292922039985,robocape_mag,-38.7,-1.8,-23.25,10.0,0.0,0.0,0.0,10.0,0.0,0.0,0.0,10.0
1446040292959844979,1045,1446040292954138040,robocape_mag,-38.7,-1.8,-23.25,10.0,0.0,0.0,0.0,10.0,0.0,0.0,0.0,10.0
1446040292994664396,1046,1446040292987122058,robocape_mag,-38.7,-1.8,-23.25,10.0,0.0,0.0,0.0,10.0,0.0,0.0,0.0,10.0
1446040293030020729,1047,1446040293019908905,robocape_mag,-41.7,-24.0,-11.85,10.0,0.0,0.0,0.0,10.0,0.0,0.0,0.0,10.0
1446040293060935771,1048,1446040293053548097,robocape_mag,-41.7,-24.0,-11.85,10.0,0.0,0.0,0.0,10.0,0.0,0.0,0.0,10.0
1446040293090212979,1049,1446040293085007905,robocape_mag,-41.7,-24.0,-11.85,10.0,0.0,0.0,0.0,10.0,0.0,0.0,0.0,10.0
1446040293122165063,1050,1446040293117005109,robocape_mag,-41.7,-24.0,-11.85,10.0,0.0,0.0,0.0,10.0,0.0,0.0,0.0,10.0
1446040293156879688,1051,1446040293150247097,robocape_mag,-41.7,-24.0,-11.85,10.0,0.0,0.0,0.0,10.0,0.0,0.0,0.0,10.0
1446040293194328938,1052,1446040293184297084,robocape_mag,-43.8,14.1,-15.15,10.0,0.0,0.0,0.0,10.0,0.0,0.0,0.0,10.0
1446040293227676771,1053,1446040293218857049,robocape_mag,-43.8,14.1,-15.15,10.0,0.0,0.0,0.0,10.0,0.0,0.0,0.0,10.0
1446040293258667688,1054,1446040293253698110,robocape_mag,-43.8,14.1,-15.15,10.0,0.0,0.0,0.0,10.0,0.0,0.0,0.0,10.0
1446040293288778396,1055,1446040293283360004,robocape_mag,-43.8,14.1,-15.15,10.0,0.0,0.0,0.0,10.0,0.0,0.0,0.0,10.0
1446040293318753688,1056,1446040293313556909,robocape_mag,-43.8,14.1,-15.15,10.0,0.0,0.0,0.0,10.0,0.0,0.0,0.0,10.0
1446040293357948479,1057,1446040293348542928,robocape_mag,-37.8,-8.1,-22.35,10.0,0.0,0.0,0.0,10.0,0.0,0.0,0.0,10.0
1446040293387216146,1058,1446040293382123947,robocape_mag,-37.8,-8.1,-22.35,10.0,0.0,0.0,0.0,10.0,0.0,0.0,0.0,10.0
1446040293419922979,1059,1446040293414830923,robocape_mag,-37.8,-8.1,-22.35,10.0,0.0,0.0,0.0,10.0,0.0,0.0,0.0,10.0
1446040293451220021,1060,1446040293446183919,robocape_mag,-37.8,-8.1,-22.35,10.0,0.0,0.0,0.0,10.0,0.0,0.0,0.0,10.0
1446040293487344104,1061,1446040293479990959,robocape_mag,-35.4,21.3,-19.95,10.0,0.0,0.0,0.0,10.0,0.0,0.0,0.0,10.0
1446040293521400813,1062,1446040293516207933,robocape_mag,-35.4,21.3,-19.95,10.0,0.0,0.0,0.0,10.0,0.0,0.0,0.0,10.0
1446040293554278979,1063,1446040293549175024,robocape_mag,-35.4,21.3,-19.95,10.0,0.0,0.0,0.0,10.0,0.0,0.0,0.0,10.0
1446040293584054813,1064,1446040293579236984,robocape_mag,-35.4,21.3,-19.95,10.0,0.0,0.0,0.0,10.0,0.0,0.0,0.0,10.0
1446040293613106104,1065,1446040293608130931,robocape_mag,-35.4,21.3,-19.95,10.0,0.0,0.0,0.0,10.0,0.0,0.0,0.0,10.0
1446040293649099354,1066,1446040293642918109,robocape_mag,-33.9,16.8,-0.45,10.0,0.0,0.0,0.0,10.0,0.0,0.0,0.0,10.0
1446040293677251813,1067,1446040293672353029,robocape_mag,-33.9,16.8,-0.45,10.0,0.0,0.0,0.0,10.0,0.0,0.0,0.0,10.0
1446040293705780896,1068,1446040293700877904,robocape_mag,-33.9,16.8,-0.45,10.0,0.0,0.0,0.0,10.0,0.0,0.0,0.0,10.0
1446040293733856021,1069,1446040293729012012,robocape_mag,-33.9,16.8,-0.45,10.0,0.0,0.0,0.0,10.0,0.0,0.0,0.0,10.0
1446040293767872688,1070,1446040293758764982,robocape_mag,-33.9,16.8,-0.45,10.0,0.0,0.0,0.0,10.0,0.0,0.0,0.0,10.0
1446040293794720438,1071,1446040293789469003,robocape_mag,-33.9,16.8,-0.45,10.0,0.0,0.0,0.0,10.0,0.0,0.0,0.0,10.0
1446040293827844563,1072,1446040293822976112,robocape_mag,-24.6,28.5,-18.75,10.0,0.0,0.0,0.0,10.0,0.0,0.0,0.0,10.0
1446040293861076730,1073,1446040293856235027,robocape_mag,-24.6,28.5,-18.75,10.0,0.0,0.0,0.0,10.0,0.0,0.0,0.0,10.0
1446040293894862313,1074,1446040293889590024,robocape_mag,-24.6,28.5,-18.75,10.0,0.0,0.0,0.0,10.0,0.0,0.0,0.0,10.0
1446040293931883688,1075,1446040293926938056,robocape_mag,-24.6,28.5,-18.75,10.0,0.0,0.0,0.0,10.0,0.0,0.0,0.0,10.0
1446040293963856188,1076,1446040293958444118,robocape_mag,-22.8,11.1,-18.15,10.0,0.0,0.0,0.0,10.0,0.0,0.0,0.0,10.0
1446040293994875480,1077,1446040293989476919,robocape_mag,-22.8,11.1,-18.15,10.0,0.0,0.0,0.0,10.0,0.0,0.0,0.0,10.0
1446040294032951688,1078,1446040294027983903,robocape_mag,-22.8,11.1,-18.15,10.0,0.0,0.0,0.0,10.0,0.0,0.0,0.0,10.0
1446040294063122480,1079,1446040294058079957,robocape_mag,-22.8,11.1,-18.15,10.0,0.0,0.0,0.0,10.0,0.0,0.0,0.0,10.0
1446040294095264896,1080,1446040294089961051,robocape_mag,-22.8,11.1,-18.15,10.0,0.0,0.0,0.0,10.0,0.0,0.0,0.0,10.0
1446040294128646730,1081,1446040294123550891,robocape_mag,-22.5,9.6,-7.65,10.0,0.0,0.0,0.0,10.0,0.0,0.0,0.0,10.0
1446040294165217396,1082,1446040294159214973,robocape_mag,-22.5,9.6,-7.65,10.0,0.0,0.0,0.0,10.0,0.0,0.0,0.0,10.0
1446040294198517771,1083,1446040294193123102,robocape_mag,-22.5,9.6,-7.65,10.0,0.0,0.0,0.0,10.0,0.0,0.0,0.0,10.0
1446040294231785980,1084,1446040294226948976,robocape_mag,-22.5,9.6,-7.65,10.0,0.0,0.0,0.0,10.0,0.0,0.0,0.0,10.0
1446040294272107646,1085,1446040294261889934,robocape_mag,-22.5,9.6,-7.65,10.0,0.0,0.0,0.0,10.0,0.0,0.0,0.0,10.0
1446040294301578563,1086,1446040294296533107,robocape_mag,-24.0,9.3,-9.75,10.0,0.0,0.0,0.0,10.0,0.0,0.0,0.0,10.0
1446040294336418146,1087,1446040294331579923,robocape_mag,-24.0,9.3,-9.75,10.0,0.0,0.0,0.0,10.0,0.0,0.0,0.0,10.0
1446040294370236397,1088,1446040294365215063,robocape_mag,-24.0,9.3,-9.75,10.0,0.0,0.0,0.0,10.0,0.0,0.0,0.0,10.0
1446040294412117480,1089,1446040294407080888,robocape_mag,-24.0,9.3,-9.75,10.0,0.0,0.0,0.0,10.0,0.0,0.0,0.0,10.0
1446040294444599605,1090,1446040294439527988,robocape_mag,-21.9,10.8,-17.25,10.0,0.0,0.0,0.0,10.0,0.0,0.0,0.0,10.0
1446040294478147022,1091,1446040294473244905,robocape_mag,-21.9,10.8,-17.25,10.0,0.0,0.0,0.0,10.0,0.0,0.0,0.0,10.0
1446040294511343730,1092,1446040294506182909,robocape_mag,-21.9,10.8,-17.25,10.0,0.0,0.0,0.0,10.0,0.0,0.0,0.0,10.0
1446040294546701063,1093,1446040294541488885,robocape_mag,-21.9,10.8,-17.25,10.0,0.0,0.0,0.0,10.0,0.0,0.0,0.0,10.0
1446040294581011647,1094,1446040294576075077,robocape_mag,-21.9,10.8,-17.25,10.0,0.0,0.0,0.0,10.0,0.0,0.0,0.0,10.0
1446040294623008230,1095,1446040294613941907,robocape_mag,-24.9,26.4,-4.05,10.0,0.0,0.0,0.0,10.0,0.0,0.0,0.0,10.0
1446040294655249772,1096,1446040294648771047,robocape_mag,-24.9,26.4,-4.05,10.0,0.0,0.0,0.0,10.0,0.0,0.0,0.0,10.0
1446040294688735897,1097,1446040294683852910,robocape_mag,-24.9,26.4,-4.05,10.0,0.0,0.0,0.0,10.0,0.0,0.0,0.0,10.0
1446040294724537855,1098,1446040294717531919,robocape_mag,-24.9,26.4,-4.05,10.0,0.0,0.0,0.0,10.0,0.0,0.0,0.0,10.0
1446040294756883438,1099,1446040294751955986,robocape_mag,-24.9,26.4,-4.05,10.0,0.0,0.0,0.0,10.0,0.0,0.0,0.0,10.0
1446040294790941647,1100,1446040294785856008,robocape_mag,-21.9,25.2,-1.65,10.0,0.0,0.0,0.0,10.0,0.0,0.0,0.0,10.0
1446040294826282063,1101,1446040294821129083,robocape_mag,-21.9,25.2,-1.65,10.0,0.0,0.0,0.0,10.0,0.0,0.0,0.0,10.0
1446040294859911980,1102,1446040294855108976,robocape_mag,-21.9,25.2,-1.65,10.0,0.0,0.0,0.0,10.0,0.0,0.0,0.0,10.0
1446040294893758397,1103,1446040294888746976,robocape_mag,-21.9,25.2,-1.65,10.0,0.0,0.0,0.0,10.0,0.0,0.0,0.0,10.0
1446040294928823813,1104,1446040294923693895,robocape_mag,-19.5,10.2,9.15,10.0,0.0,0.0,0.0,10.0,0.0,0.0,0.0,10.0
1446040294962639855,1105,1446040294957685947,robocape_mag,-19.5,10.2,9.15,10.0,0.0,0.0,0.0,10.0,0.0,0.0,0.0,10.0
1446040294997273563,1106,1446040294992017030,robocape_mag,-19.5,10.2,9.15,10.0,0.0,0.0,0.0,10.0,0.0,0.0,0.0,10.0
1446040295030840563,1107,1446040295025437116,robocape_mag,-19.5,10.2,9.15,10.0,0.0,0.0,0.0,10.0,0.0,0.0,0.0,10.0
1446040295064088439,1108,1446040295058872938,robocape_mag,-19.5,10.2,9.15,10.0,0.0,0.0,0.0,10.0,0.0,0.0,0.0,10.0
1446040295098414564,1109,1446040295093378067,robocape_mag,-15.6,25.5,-12.15,10.0,0.0,0.0,0.0,10.0,0.0,0.0,0.0,10.0
1446040295133700439,1110,1446040295125798940,robocape_mag,-15.6,25.5,-12.15,10.0,0.0,0.0,0.0,10.0,0.0,0.0,0.0,10.0
1446040295168400105,1111,1446040295160229921,robocape_mag,-15.6,25.5,-12.15,10.0,0.0,0.0,0.0,10.0,0.0,0.0,0.0,10.0
1446040295197466564,1112,1446040295192450046,robocape_mag,-15.6,25.5,-12.15,10.0,0.0,0.0,0.0,10.0,0.0,0.0,0.0,10.0
1446040295231297022,1113,1446040295226155042,robocape_mag,-15.6,25.5,-12.15,10.0,0.0,0.0,0.0,10.0,0.0,0.0,0.0,10.0
1446040295265858105,1114,1446040295260809898,robocape_mag,-16.2,6.9,5.85,10.0,0.0,0.0,0.0,10.0,0.0,0.0,0.0,10.0
1446040295298974730,1115,1446040295294006109,robocape_mag,-16.2,6.9,5.85,10.0,0.0,0.0,0.0,10.0,0.0,0.0,0.0,10.0
1446040295333464605,1116,1446040295328331947,robocape_mag,-16.2,6.9,5.85,10.0,0.0,0.0,0.0,10.0,0.0,0.0,0.0,10.0
1446040295366407647,1117,1446040295361516952,robocape_mag,-16.2,6.9,5.85,10.0,0.0,0.0,0.0,10.0,0.0,0.0,0.0,10.0
1446040295405835939,1118,1446040295400299072,robocape_mag,-10.8,22.5,12.45,10.0,0.0,0.0,0.0,10.0,0.0,0.0,0.0,10.0
1446040295434024980,1119,1446040295428869009,robocape_mag,-10.8,22.5,12.45,10.0,0.0,0.0,0.0,10.0,0.0,0.0,0.0,10.0
1446040295463562522,1120,1446040295458493947,robocape_mag,-10.8,22.5,12.45,10.0,0.0,0.0,0.0,10.0,0.0,0.0,0.0,10.0
1446040295494441730,1121,1446040295489440917,robocape_mag,-10.8,22.5,12.45,10.0,0.0,0.0,0.0,10.0,0.0,0.0,0.0,10.0
1446040295533357730,1122,1446040295525892972,robocape_mag,-10.8,22.5,12.45,10.0,0.0,0.0,0.0,10.0,0.0,0.0,0.0,10.0
1446040295565926730,1123,1446040295560837984,robocape_mag,-1.2,-3.3,5.25,10.0,0.0,0.0,0.0,10.0,0.0,0.0,0.0,10.0
1446040295602565064,1124,1446040295597735881,robocape_mag,-1.2,-3.3,5.25,10.0,0.0,0.0,0.0,10.0,0.0,0.0,0.0,10.0
1446040295637933480,1125,1446040295631494998,robocape_mag,-1.2,-3.3,5.25,10.0,0.0,0.0,0.0,10.0,0.0,0.0,0.0,10.0
1446040295671440605,1126,1446040295666105985,robocape_mag,-1.2,-3.3,5.25,10.0,0.0,0.0,0.0,10.0,0.0,0.0,0.0,10.0
1446040295705160647,1127,1446040295699973106,robocape_mag,-1.2,-3.3,5.25,10.0,0.0,0.0,0.0,10.0,0.0,0.0,0.0,10.0
1446040295734571689,1128,1446040295729528903,robocape_mag,1.5,-5.4,19.35,10.0,0.0,0.0,0.0,10.0,0.0,0.0,0.0,10.0
1446040295771935231,1129,1446040295766345024,robocape_mag,1.5,-5.4,19.35,10.0,0.0,0.0,0.0,10.0,0.0,0.0,0.0,10.0
1446040295805651647,1130,1446040295800755023,robocape_mag,1.5,-5.4,19.35,10.0,0.0,0.0,0.0,10.0,0.0,0.0,0.0,10.0
1446040295842474564,1131,1446040295836621999,robocape_mag,1.5,-5.4,19.35,10.0,0.0,0.0,0.0,10.0,0.0,0.0,0.0,10.0
1446040295876615481,1132,1446040295871285915,robocape_mag,1.5,-5.4,19.35,10.0,0.0,0.0,0.0,10.0,0.0,0.0,0.0,10.0
1446040295906465772,1133,1446040295901603937,robocape_mag,6.3,-4.2,25.95,10.0,0.0,0.0,0.0,10.0,0.0,0.0,0.0,10.0
1446040295941537439,1134,1446040295936705112,robocape_mag,6.3,-4.2,25.95,10.0,0.0,0.0,0.0,10.0,0.0,0.0,0.0,10.0
1446040295971937481,1135,1446040295966929912,robocape_mag,6.3,-4.2,25.95,10.0,0.0,0.0,0.0,10.0,0.0,0.0,0.0,10.0
1446040296002103522,1136,1446040295997276067,robocape_mag,6.3,-4.2,25.95,10.0,0.0,0.0,0.0,10.0,0.0,0.0,0.0,10.0
1446040296036606564,1137,1446040296031245946,robocape_mag,6.3,-4.2,25.95,10.0,0.0,0.0,0.0,10.0,0.0,0.0,0.0,10.0
1446040296071437189,1138,1446040296061712026,robocape_mag,5.4,2.1,13.65,10.0,0.0,0.0,0.0,10.0,0.0,0.0,0.0,10.0
1446040296104137522,1139,1446040296097501039,robocape_mag,5.4,2.1,13.65,10.0,0.0,0.0,0.0,10.0,0.0,0.0,0.0,10.0
1446040296143002522,1140,1446040296133824110,robocape_mag,5.4,2.1,13.65,10.0,0.0,0.0,0.0,10.0,0.0,0.0,0.0,10.0
1446040296173334439,1141,1446040296168200969,robocape_mag,5.4,2.1,13.65,10.0,0.0,0.0,0.0,10.0,0.0,0.0,0.0,10.0
1446040296207461481,1142,1446040296202619075,robocape_mag,2.7,-27.0,22.35,10.0,0.0,0.0,0.0,10.0,0.0,0.0,0.0,10.0
1446040296242051481,1143,1446040296237175941,robocape_mag,2.7,-27.0,22.35,10.0,0.0,0.0,0.0,10.0,0.0,0.0,0.0,10.0
1446040296276596397,1144,1446040296271593093,robocape_mag,2.7,-27.0,22.35,10.0,0.0,0.0,0.0,10.0,0.0,0.0,0.0,10.0
1446040296315133897,1145,1446040296307713985,robocape_mag,2.7,-27.0,22.35,10.0,0.0,0.0,0.0,10.0,0.0,0.0,0.0,10.0
1446040296350216981,1146,1446040296345243930,robocape_mag,2.7,-27.0,22.35,10.0,0.0,0.0,0.0,10.0,0.0,0.0,0.0,10.0
1446040296389423814,1147,1446040296380511045,robocape_mag,-1.2,-11.1,8.25,10.0,0.0,0.0,0.0,10.0,0.0,0.0,0.0,10.0
1446040296429372814,1148,1446040296421945095,robocape_mag,-1.2,-11.1,8.25,10.0,0.0,0.0,0.0,10.0,0.0,0.0,0.0,10.0
1446040296461971148,1149,1446040296456017971,robocape_mag,-1.2,-11.1,8.25,10.0,0.0,0.0,0.0,10.0,0.0,0.0,0.0,10.0
1446040296496202981,1150,1446040296489527940,robocape_mag,-1.2,-11.1,8.25,10.0,0.0,0.0,0.0,10.0,0.0,0.0,0.0,10.0
1446040296529654773,1151,1446040296524230957,robocape_mag,-2.4,-15.9,0.45,10.0,0.0,0.0,0.0,10.0,0.0,0.0,0.0,10.0
1446040296563313481,1152,1446040296558480024,robocape_mag,-2.4,-15.9,0.45,10.0,0.0,0.0,0.0,10.0,0.0,0.0,0.0,10.0
1446040296596677564,1153,1446040296591666936,robocape_mag,-2.4,-15.9,0.45,10.0,0.0,0.0,0.0,10.0,0.0,0.0,0.0,10.0
1446040296630230064,1154,1446040296625408887,robocape_mag,-2.4,-15.9,0.45,10.0,0.0,0.0,0.0,10.0,0.0,0.0,0.0,10.0
1446040296663683064,1155,1446040296658767938,robocape_mag,-2.4,-15.9,0.45,10.0,0.0,0.0,0.0,10.0,0.0,0.0,0.0,10.0
1446040296693685523,1156,1446040296688379049,robocape_mag,11.4,-48.9,5.85,10.0,0.0,0.0,0.0,10.0,0.0,0.0,0.0,10.0
1446040296725763064,1157,1446040296719846963,robocape_mag,11.4,-48.9,5.85,10.0,0.0,0.0,0.0,10.0,0.0,0.0,0.0,10.0
1446040296760925398,1158,1446040296756002902,robocape_mag,11.4,-48.9,5.85,10.0,0.0,0.0,0.0,10.0,0.0,0.0,0.0,10.0
1446040296796572398,1159,1446040296789864063,robocape_mag,11.4,-48.9,5.85,10.0,0.0,0.0,0.0,10.0,0.0,0.0,0.0,10.0
1446040296827026731,1160,1446040296821871042,robocape_mag,11.4,-48.9,5.85,10.0,0.0,0.0,0.0,10.0,0.0,0.0,0.0,10.0
1446040296861542814,1161,1446040296856664896,robocape_mag,27.3,-20.4,-4.05,10.0,0.0,0.0,0.0,10.0,0.0,0.0,0.0,10.0
1446040296896136148,1162,1446040296891143083,robocape_mag,27.3,-20.4,-4.05,10.0,0.0,0.0,0.0,10.0,0.0,0.0,0.0,10.0
1446040296929542439,1163,1446040296924563884,robocape_mag,27.3,-20.4,-4.05,10.0,0.0,0.0,0.0,10.0,0.0,0.0,0.0,10.0
1446040296958931981,1164,1446040296954061985,robocape_mag,27.3,-20.4,-4.05,10.0,0.0,0.0,0.0,10.0,0.0,0.0,0.0,10.0
1446040296988640356,1165,1446040296983856916,robocape_mag,27.3,-20.4,-4.05,10.0,0.0,0.0,0.0,10.0,0.0,0.0,0.0,10.0
1446040297022445273,1166,1446040297017420053,robocape_mag,45.9,-24.0,-22.65,10.0,0.0,0.0,0.0,10.0,0.0,0.0,0.0,10.0
1446040297054267439,1167,1446040297048878908,robocape_mag,45.9,-24.0,-22.65,10.0,0.0,0.0,0.0,10.0,0.0,0.0,0.0,10.0
1446040297087873523,1168,1446040297083024024,robocape_mag,45.9,-24.0,-22.65,10.0,0.0,0.0,0.0,10.0,0.0,0.0,0.0,10.0
1446040297119602564,1169,1446040297114356040,robocape_mag,45.9,-24.0,-22.65,10.0,0.0,0.0,0.0,10.0,0.0,0.0,0.0,10.0
1446040297148649189,1170,1446040297143784999,robocape_mag,45.9,-24.0,-22.65,10.0,0.0,0.0,0.0,10.0,0.0,0.0,0.0,10.0
1446040297179810981,1171,1446040297174982070,robocape_mag,46.2,-32.7,-16.95,10.0,0.0,0.0,0.0,10.0,0.0,0.0,0.0,10.0
1446040297210868648,1172,1446040297206079959,robocape_mag,46.2,-32.7,-16.95,10.0,0.0,0.0,0.0,10.0,0.0,0.0,0.0,10.0
1446040297246276523,1173,1446040297241373062,robocape_mag,46.2,-32.7,-16.95,10.0,0.0,0.0,0.0,10.0,0.0,0.0,0.0,10.0
1446040297283854565,1174,1446040297278768062,robocape_mag,46.2,-32.7,-16.95,10.0,0.0,0.0,0.0,10.0,0.0,0.0,0.0,10.0
1446040297321176065,1175,1446040297315943956,robocape_mag,46.2,-32.7,-16.95,10.0,0.0,0.0,0.0,10.0,0.0,0.0,0.0,10.0
1446040297351737523,1176,1446040297346822023,robocape_mag,48.6,-34.5,-7.95,10.0,0.0,0.0,0.0,10.0,0.0,0.0,0.0,10.0
1446040297389259981,1177,1446040297380398035,robocape_mag,48.6,-34.5,-7.95,10.0,0.0,0.0,0.0,10.0,0.0,0.0,0.0,10.0
1446040297424313565,1178,1446040297419225931,robocape_mag,48.6,-34.5,-7.95,10.0,0.0,0.0,0.0,10.0,0.0,0.0,0.0,10.0
1446040297456193481,1179,1446040297449556112,robocape_mag,48.6,-34.5,-7.95,10.0,0.0,0.0,0.0,10.0,0.0,0.0,0.0,10.0
1446040297483586856,1180,1446040297478775978,robocape_mag,50.1,-36.0,-1.05,10.0,0.0,0.0,0.0,10.0,0.0,0.0,0.0,10.0
1446040297514147690,1181,1446040297508917093,robocape_mag,50.1,-36.0,-1.05,10.0,0.0,0.0,0.0,10.0,0.0,0.0,0.0,10.0
1446040297550799356,1182,1446040297545943975,robocape_mag,50.1,-36.0,-1.05,10.0,0.0,0.0,0.0,10.0,0.0,0.0,0.0,10.0
1446040297579685940,1183,1446040297574609994,robocape_mag,50.1,-36.0,-1.05,10.0,0.0,0.0,0.0,10.0,0.0,0.0,0.0,10.0
1446040297611953190,1184,1446040297603570938,robocape_mag,50.1,-36.0,-1.05,10.0,0.0,0.0,0.0,10.0,0.0,0.0,0.0,10.0
1446040297644985731,1185,1446040297638171911,robocape_mag,50.1,-33.6,-4.05,10.0,0.0,0.0,0.0,10.0,0.0,0.0,0.0,10.0
1446040297677982565,1186,1446040297672996997,robocape_mag,49.5,-33.6,-4.05,10.0,0.0,0.0,0.0,10.0,0.0,0.0,0.0,10.0
1446040297705837565,1187,1446040297700894117,robocape_mag,49.5,-33.6,-4.05,10.0,0.0,0.0,0.0,10.0,0.0,0.0,0.0,10.0
1446040297734830273,1188,1446040297730045080,robocape_mag,49.5,-33.6,-4.05,10.0,0.0,0.0,0.0,10.0,0.0,0.0,0.0,10.0
1446040297773822523,1189,1446040297764950990,robocape_mag,49.5,-33.6,-4.05,10.0,0.0,0.0,0.0,10.0,0.0,0.0,0.0,10.0
1446040297803191481,1190,1446040297797915935,robocape_mag,49.5,-33.6,-3.45,10.0,0.0,0.0,0.0,10.0,0.0,0.0,0.0,10.0
1446040297836694856,1191,1446040297831490039,robocape_mag,49.5,-33.6,-3.45,10.0,0.0,0.0,0.0,10.0,0.0,0.0,0.0,10.0
1446040297865319982,1192,1446040297860500097,robocape_mag,49.5,-33.6,-3.45,10.0,0.0,0.0,0.0,10.0,0.0,0.0,0.0,10.0
1446040297894602273,1193,1446040297889549970,robocape_mag,49.5,-33.6,-3.45,10.0,0.0,0.0,0.0,10.0,0.0,0.0,0.0,10.0
1446040297926143273,1194,1446040297921025991,robocape_mag,49.5,-33.6,-3.45,10.0,0.0,0.0,0.0,10.0,0.0,0.0,0.0,10.0
1446040297959894107,1195,1446040297954765081,robocape_mag,49.5,-33.6,-3.45,10.0,0.0,0.0,0.0,10.0,0.0,0.0,0.0,10.0
1446040297994743940,1196,1446040297985590934,robocape_mag,49.5,-33.0,-4.05,10.0,0.0,0.0,0.0,10.0,0.0,0.0,0.0,10.0
1446040298020389107,1197,1446040298015345096,robocape_mag,49.5,-33.0,-4.05,10.0,0.0,0.0,0.0,10.0,0.0,0.0,0.0,10.0
1446040298054830773,1198,1446040298049678087,robocape_mag,49.5,-33.0,-4.05,10.0,0.0,0.0,0.0,10.0,0.0,0.0,0.0,10.0
1446040298089861273,1199,1446040298082988977,robocape_mag,49.5,-33.0,-4.05,10.0,0.0,0.0,0.0,10.0,0.0,0.0,0.0,10.0
1446040298119709315,1200,1446040298114708900,robocape_mag,49.5,-33.0,-4.05,10.0,0.0,0.0,0.0,10.0,0.0,0.0,0.0,10.0
1446040298149975648,1201,1446040298145065069,robocape_mag,51.0,-34.5,-3.75,10.0,0.0,0.0,0.0,10.0,0.0,0.0,0.0,10.0
1446040298187984482,1202,1446040298178827047,robocape_mag,51.0,-34.5,-3.75,10.0,0.0,0.0,0.0,10.0,0.0,0.0,0.0,10.0
1446040298218351773,1203,1446040298213234901,robocape_mag,51.0,-34.5,-3.75,10.0,0.0,0.0,0.0,10.0,0.0,0.0,0.0,10.0
1446040298253886940,1204,1446040298248677015,robocape_mag,51.0,-34.5,-3.75,10.0,0.0,0.0,0.0,10.0,0.0,0.0,0.0,10.0
1446040298285585232,1205,1446040298280200958,robocape_mag,47.7,-34.8,-4.05,10.0,0.0,0.0,0.0,10.0,0.0,0.0,0.0,10.0
1446040298322982315,1206,1446040298317631006,robocape_mag,47.7,-34.8,-4.05,10.0,0.0,0.0,0.0,10.0,0.0,0.0,0.0,10.0
1446040298352051732,1207,1446040298346937894,robocape_mag,47.7,-34.8,-4.05,10.0,0.0,0.0,0.0,10.0,0.0,0.0,0.0,10.0
1446040298385305732,1208,1446040298380184888,robocape_mag,47.7,-34.8,-4.05,10.0,0.0,0.0,0.0,10.0,0.0,0.0,0.0,10.0
1446040298422759398,1209,1446040298417484998,robocape_mag,47.7,-34.8,-4.05,10.0,0.0,0.0,0.0,10.0,0.0,0.0,0.0,10.0
1446040298453532065,1210,1446040298448726892,robocape_mag,49.8,-34.5,-4.35,10.0,0.0,0.0,0.0,10.0,0.0,0.0,0.0,10.0
1446040298488718898,1211,1446040298483642101,robocape_mag,49.8,-34.5,-4.35,10.0,0.0,0.0,0.0,10.0,0.0,0.0,0.0,10.0
1446040298527557357,1212,1446040298522222995,robocape_mag,49.8,-34.5,-4.35,10.0,0.0,0.0,0.0,10.0,0.0,0.0,0.0,10.0
1446040298566979732,1213,1446040298556740999,robocape_mag,49.8,-34.5,-4.35,10.0,0.0,0.0,0.0,10.0,0.0,0.0,0.0,10.0
1446040298601147107,1214,1446040298590461015,robocape_mag,49.8,-34.5,-4.35,10.0,0.0,0.0,0.0,10.0,0.0,0.0,0.0,10.0
1446040298632899065,1215,1446040298627629041,robocape_mag,48.0,-35.7,-4.35,10.0,0.0,0.0,0.0,10.0,0.0,0.0,0.0,10.0
1446040298667323899,1216,1446040298662197113,robocape_mag,48.0,-35.7,-4.35,10.0,0.0,0.0,0.0,10.0,0.0,0.0,0.0,10.0
1446040298701176649,1217,1446040298696293115,robocape_mag,48.0,-35.7,-4.35,10.0,0.0,0.0,0.0,10.0,0.0,0.0,0.0,10.0
1446040298735357149,1218,1446040298730487108,robocape_mag,48.0,-35.7,-4.35,10.0,0.0,0.0,0.0,10.0,0.0,0.0,0.0,10.0
1446040298767383649,1219,1446040298761290073,robocape_mag,49.2,-35.1,-3.75,10.0,0.0,0.0,0.0,10.0,0.0,0.0,0.0,10.0
1446040298800110940,1220,1446040298795286893,robocape_mag,49.2,-35.1,-3.75,10.0,0.0,0.0,0.0,10.0,0.0,0.0,0.0,10.0
1446040298833090482,1221,1446040298827687978,robocape_mag,49.2,-35.1,-3.75,10.0,0.0,0.0,0.0,10.0,0.0,0.0,0.0,10.0
1446040298863631649,1222,1446040298858530044,robocape_mag,49.2,-35.1,-3.75,10.0,0.0,0.0,0.0,10.0,0.0,0.0,0.0,10.0
1446040298900673815,1223,1446040298895395994,robocape_mag,49.2,-35.1,-3.75,10.0,0.0,0.0,0.0,10.0,0.0,0.0,0.0,10.0
1446040298934081315,1224,1446040298928426027,robocape_mag,49.8,-33.9,-3.75,10.0,0.0,0.0,0.0,10.0,0.0,0.0,0.0,10.0
1446040298966689399,1225,1446040298961752891,robocape_mag,49.8,-33.9,-3.75,10.0,0.0,0.0,0.0,10.0,0.0,0.0,0.0,10.0
1446040298997825399,1226,1446040298992892980,robocape_mag,49.8,-33.9,-3.75,10.0,0.0,0.0,0.0,10.0,0.0,0.0,0.0,10.0
1446040299025819607,1227,1446040299020853996,robocape_mag,49.8,-33.9,-3.75,10.0,0.0,0.0,0.0,10.0,0.0,0.0,0.0,10.0
1446040299058300315,1228,1446040299053481101,robocape_mag,49.8,-33.9,-3.75,10.0,0.0,0.0,0.0,10.0,0.0,0.0,0.0,10.0
1446040299091462565,1229,1446040299086556911,robocape_mag,51.0,-34.5,-3.15,10.0,0.0,0.0,0.0,10.0,0.0,0.0,0.0,10.0
1446040299120048024,1230,1446040299115164041,robocape_mag,51.0,-34.5,-3.15,10.0,0.0,0.0,0.0,10.0,0.0,0.0,0.0,10.0
1446040299156720440,1231,1446040299151765108,robocape_mag,51.0,-34.5,-3.15,10.0,0.0,0.0,0.0,10.0,0.0,0.0,0.0,10.0
1446040299190231440,1232,1446040299185178041,robocape_mag,51.0,-34.5,-3.15,10.0,0.0,0.0,0.0,10.0,0.0,0.0,0.0,10.0
1446040299224711690,1233,1446040299219582080,robocape_mag,51.0,-34.5,-3.15,10.0,0.0,0.0,0.0,10.0,0.0,0.0,0.0,10.0
1446040299258522441,1234,1446040299253458976,robocape_mag,50.1,-34.2,-4.05,10.0,0.0,0.0,0.0,10.0,0.0,0.0,0.0,10.0
1446040299293795482,1235,1446040299288779973,robocape_mag,50.1,-34.2,-4.05,10.0,0.0,0.0,0.0,10.0,0.0,0.0,0.0,10.0
1446040299333199274,1236,1446040299322441101,robocape_mag,50.1,-34.2,-4.05,10.0,0.0,0.0,0.0,10.0,0.0,0.0,0.0,10.0
1446040299362765024,1237,1446040299357633113,robocape_mag,50.1,-34.2,-4.05,10.0,0.0,0.0,0.0,10.0,0.0,0.0,0.0,10.0
1446040299398950566,1238,1446040299394139051,robocape_mag,50.1,-34.2,-4.05,10.0,0.0,0.0,0.0,10.0,0.0,0.0,0.0,10.0
1446040299429915482,1239,1446040299425091981,robocape_mag,49.2,-32.7,-3.75,10.0,0.0,0.0,0.0,10.0,0.0,0.0,0.0,10.0
1446040299464038357,1240,1446040299458988904,robocape_mag,49.2,-32.7,-3.75,10.0,0.0,0.0,0.0,10.0,0.0,0.0,0.0,10.0
1446040299497158899,1241,1446040299492131948,robocape_mag,49.2,-32.7,-3.75,10.0,0.0,0.0,0.0,10.0,0.0,0.0,0.0,10.0
1446040299533857482,1242,1446040299525012969,robocape_mag,49.2,-32.7,-3.75,10.0,0.0,0.0,0.0,10.0,0.0,0.0,0.0,10.0
1446040299568959357,1243,1446040299559565067,robocape_mag,49.2,-34.8,-4.05,10.0,0.0,0.0,0.0,10.0,0.0,0.0,0.0,10.0
1446040299604235482,1244,1446040299594460964,robocape_mag,49.5,-34.8,-4.05,10.0,0.0,0.0,0.0,10.0,0.0,0.0,0.0,10.0
1446040299632513566,1245,1446040299627255916,robocape_mag,49.5,-34.8,-4.05,10.0,0.0,0.0,0.0,10.0,0.0,0.0,0.0,10.0
1446040299668229399,1246,1446040299662904977,robocape_mag,49.5,-34.8,-4.05,10.0,0.0,0.0,0.0,10.0,0.0,0.0,0.0,10.0
1446040299699496066,1247,1446040299694504022,robocape_mag,49.5,-34.8,-4.05,10.0,0.0,0.0,0.0,10.0,0.0,0.0,0.0,10.0
1446040299730563149,1248,1446040299725780963,robocape_mag,50.7,-33.6,-4.05,10.0,0.0,0.0,0.0,10.0,0.0,0.0,0.0,10.0
1446040299763989024,1249,1446040299759057044,robocape_mag,50.7,-33.6,-4.05,10.0,0.0,0.0,0.0,10.0,0.0,0.0,0.0,10.0
1446040299795001482,1250,1446040299789827108,robocape_mag,50.7,-33.6,-4.05,10.0,0.0,0.0,0.0,10.0,0.0,0.0,0.0,10.0
1446040299826556774,1251,1446040299821305990,robocape_mag,50.7,-33.6,-4.05,10.0,0.0,0.0,0.0,10.0,0.0,0.0,0.0,10.0
1446040299859665524,1252,1446040299851499080,robocape_mag,50.7,-33.6,-4.05,10.0,0.0,0.0,0.0,10.0,0.0,0.0,0.0,10.0
1446040299889336066,1253,1446040299884182929,robocape_mag,50.1,-34.2,-5.25,10.0,0.0,0.0,0.0,10.0,0.0,0.0,0.0,10.0
1446040299919510024,1254,1446040299914674043,robocape_mag,50.1,-34.2,-5.25,10.0,0.0,0.0,0.0,10.0,0.0,0.0,0.0,10.0
1446040299950202941,1255,1446040299945091962,robocape_mag,50.1,-34.2,-5.25,10.0,0.0,0.0,0.0,10.0,0.0,0.0,0.0,10.0
1446040299980559358,1256,1446040299975590944,robocape_mag,50.1,-34.2,-5.25,10.0,0.0,0.0,0.0,10.0,0.0,0.0,0.0,10.0
1446040300014382733,1257,1446040300009547948,robocape_mag,50.1,-34.2,-5.25,10.0,0.0,0.0,0.0,10.0,0.0,0.0,0.0,10.0
1446040300045315899,1258,1446040300040252923,robocape_mag,49.8,-33.9,-2.55,10.0,0.0,0.0,0.0,10.0,0.0,0.0,0.0,10.0
1446040300082118441,1259,1446040300077023029,robocape_mag,49.8,-33.9,-2.55,10.0,0.0,0.0,0.0,10.0,0.0,0.0,0.0,10.0
1446040300116933899,1260,1446040300111957073,robocape_mag,49.8,-33.9,-2.55,10.0,0.0,0.0,0.0,10.0,0.0,0.0,0.0,10.0
1446040300151319233,1261,1446040300145808935,robocape_mag,49.8,-33.9,-2.55,10.0,0.0,0.0,0.0,10.0,0.0,0.0,0.0,10.0
1446040300182560149,1262,1446040300177360057,robocape_mag,49.8,-33.9,-2.55,10.0,0.0,0.0,0.0,10.0,0.0,0.0,0.0,10.0
1446040300215534649,1263,1446040300210680961,robocape_mag,50.1,-34.8,-3.45,10.0,0.0,0.0,0.0,10.0,0.0,0.0,0.0,10.0
1446040300246197108,1264,1446040300241363048,robocape_mag,50.1,-34.8,-3.45,10.0,0.0,0.0,0.0,10.0,0.0,0.0,0.0,10.0
1446040300279852399,1265,1446040300272871971,robocape_mag,50.1,-34.8,-3.45,10.0,0.0,0.0,0.0,10.0,0.0,0.0,0.0,10.0
1446040300312566899,1266,1446040300303162097,robocape_mag,50.1,-34.8,-3.45,10.0,0.0,0.0,0.0,10.0,0.0,0.0,0.0,10.0
1446040300342879608,1267,1446040300337888956,robocape_mag,50.1,-34.8,-3.45,10.0,0.0,0.0,0.0,10.0,0.0,0.0,0.0,10.0
1446040300384481566,1268,1446040300368259906,robocape_mag,51.9,-36.6,-4.65,10.0,0.0,0.0,0.0,10.0,0.0,0.0,0.0,10.0
1446040300411116274,1269,1446040300406177997,robocape_mag,51.9,-36.6,-4.65,10.0,0.0,0.0,0.0,10.0,0.0,0.0,0.0,10.0
1446040300442278066,1270,1446040300436815977,robocape_mag,51.9,-36.6,-4.65,10.0,0.0,0.0,0.0,10.0,0.0,0.0,0.0,10.0
1446040300478149816,1271,1446040300472754955,robocape_mag,51.9,-36.6,-4.65,10.0,0.0,0.0,0.0,10.0,0.0,0.0,0.0,10.0
1446040300512052774,1272,1446040300507015943,robocape_mag,51.9,-36.6,-4.65,10.0,0.0,0.0,0.0,10.0,0.0,0.0,0.0,10.0
1446040300548807941,1273,1446040300544194936,robocape_mag,49.5,-34.2,-4.05,10.0,0.0,0.0,0.0,10.0,0.0,0.0,0.0,10.0
1446040300581161358,1274,1446040300576284885,robocape_mag,49.5,-34.2,-4.05,10.0,0.0,0.0,0.0,10.0,0.0,0.0,0.0,10.0
1446040300611555483,1275,1446040300606595039,robocape_mag,49.5,-34.2,-4.05,10.0,0.0,0.0,0.0,10.0,0.0,0.0,0.0,10.0
1446040300642552566,1276,1446040300636966943,robocape_mag,49.5,-34.2,-4.05,10.0,0.0,0.0,0.0,10.0,0.0,0.0,0.0,10.0
1446040300675687525,1277,1446040300670716047,robocape_mag,49.5,-34.2,-4.05,10.0,0.0,0.0,0.0,10.0,0.0,0.0,0.0,10.0
1446040300714919400,1278,1446040300706186056,robocape_mag,49.8,-34.5,-3.15,10.0,0.0,0.0,0.0,10.0,0.0,0.0,0.0,10.0
1446040300742060733,1279,1446040300735867977,robocape_mag,49.8,-34.5,-3.15,10.0,0.0,0.0,0.0,10.0,0.0,0.0,0.0,10.0
1446040300777868900,1280,1446040300771502017,robocape_mag,49.8,-34.5,-3.15,10.0,0.0,0.0,0.0,10.0,0.0,0.0,0.0,10.0
1446040300814922233,1281,1446040300806576967,robocape_mag,49.8,-34.5,-3.15,10.0,0.0,0.0,0.0,10.0,0.0,0.0,0.0,10.0
1446040300847498150,1282,1446040300839035987,robocape_mag,49.8,-34.5,-3.15,10.0,0.0,0.0,0.0,10.0,0.0,0.0,0.0,10.0
1446040300880757525,1283,1446040300874350070,robocape_mag,49.2,-34.5,-3.15,10.0,0.0,0.0,0.0,10.0,0.0,0.0,0.0,10.0
1446040300912735358,1284,1446040300907404899,robocape_mag,49.2,-34.5,-3.15,10.0,0.0,0.0,0.0,10.0,0.0,0.0,0.0,10.0
1446040300948401316,1285,1446040300940603017,robocape_mag,49.2,-34.5,-3.15,10.0,0.0,0.0,0.0,10.0,0.0,0.0,0.0,10.0
1446040300975899441,1286,1446040300971137046,robocape_mag,49.2,-34.5,-3.15,10.0,0.0,0.0,0.0,10.0,0.0,0.0,0.0,10.0
1446040301008788025,1287,1446040301003911018,robocape_mag,48.3,-34.8,-3.45,10.0,0.0,0.0,0.0,10.0,0.0,0.0,0.0,10.0
1446040301045304983,1288,1446040301038064956,robocape_mag,48.3,-34.8,-3.45,10.0,0.0,0.0,0.0,10.0,0.0,0.0,0.0,10.0
1446040301083029025,1289,1446040301075402975,robocape_mag,48.3,-34.8,-3.45,10.0,0.0,0.0,0.0,10.0,0.0,0.0,0.0,10.0
1446040301115729150,1290,1446040301110728025,robocape_mag,48.3,-34.8,-3.45,10.0,0.0,0.0,0.0,10.0,0.0,0.0,0.0,10.0
1446040301147136900,1291,1446040301141649007,robocape_mag,48.3,-34.8,-3.45,10.0,0.0,0.0,0.0,10.0,0.0,0.0,0.0,10.0
