%time,field.header.seq,field.header.stamp,field.header.frame_id,field.temperature,field.variance
1446040936951828786,1,1446040936581362962,robocape,1485.0,1820.0
1446040936957716745,2,1446040936614736080,robocape,1485.0,1817.0
1446040937012963703,3,1446040936652606964,robocape,1486.0,1816.0
1446040937013020953,4,1446040936686666011,robocape,1486.0,1813.0
1446040937013126578,5,1446040936712199926,robocape,1480.0,1814.0
1446040937013167203,6,1446040936745395898,robocape,1478.0,1813.0
1446040937013200745,7,1446040936779632091,robocape,1480.0,1820.0
1446040937013233786,8,1446040936832815885,robocape,1485.0,1813.0
1446040937013298536,9,1446040936860037088,robocape,1485.0,1812.0
1446040937013332995,10,1446040936889508008,robocape,1486.0,1805.0
1446040937013364870,11,1446040936924674987,robocape,1699.0,1737.0
1446040937013398911,12,1446040936959395885,robocape,1800.0,1380.0
1446040937029250495,13,1446040936995945930,robocape,1800.0,1620.0
1446040937029476328,14,1446040937023849010,robocape,1800.0,1380.0
1446040937062503578,15,1446040937057809114,robocape,1800.0,1620.0
1446040937096347453,16,1446040937092833995,robocape,1800.0,1620.0
1446040937126816870,17,1446040937120017051,robocape,1800.0,1380.0
1446040937159775578,18,1446040937152829885,robocape,1800.0,1620.0
1446040937187386495,19,1446040937185744047,robocape,1800.0,1380.0
1446040937220524911,20,1446040937218858957,robocape,1800.0,1380.0
1446040937254594411,21,1446040937253251075,robocape,1800.0,1380.0
1446040937287574953,22,1446040937286173105,robocape,1800.0,1620.0
1446040937322573620,23,1446040937318866968,robocape,1800.0,1380.0
1446040937357840870,24,1446040937356391906,robocape,1800.0,1380.0
1446040937401186120,25,1446040937399296998,robocape,1800.0,1620.0
1446040937434097953,26,1446040937432269096,robocape,1800.0,1620.0
1446040937467072661,27,1446040937465379953,robocape,1800.0,1380.0
1446040937499831703,28,1446040937498094081,robocape,1800.0,1380.0
1446040937533619495,29,1446040937532212972,robocape,1800.0,1620.0
1446040937567194412,30,1446040937565896987,robocape,1800.0,1380.0
1446040937603857078,31,1446040937602488994,robocape,1800.0,1620.0
1446040937633591703,32,1446040937629277944,robocape,1800.0,1380.0
1446040937668749287,33,1446040937667474985,robocape,1800.0,1620.0
1446040937699203162,34,1446040937695013046,robocape,1800.0,1620.0
1446040937736040495,35,1446040937730866909,robocape,1800.0,1620.0
1446040937762429037,36,1446040937760756015,robocape,1800.0,1620.0
1446040937795775203,37,1446040937793766021,robocape,1800.0,1620.0
1446040937828764537,38,1446040937826633930,robocape,1800.0,1620.0
1446040937861872995,39,1446040937860169887,robocape,1800.0,1380.0
1446040937896056620,40,1446040937894224882,robocape,1800.0,1380.0
1446040937928241203,41,1446040937925929069,robocape,1800.0,1380.0
1446040937976355412,42,1446040937974638938,robocape,1800.0,1380.0
1446040938026593578,43,1446040938023538112,robocape,1800.0,1620.0
1446040938158113620,44,1446040938155014038,robocape,1800.0,1380.0
1446040938228391370,45,1446040938225310087,robocape,1800.0,1380.0
1446040938273097495,46,1446040938271712064,robocape,1800.0,1380.0
1446040938360517245,47,1446040938357656955,robocape,1800.0,1380.0
1446040938455307579,48,1446040938451129913,robocape,1800.0,1620.0
1446040938489691454,49,1446040938488367080,robocape,1800.0,1620.0
1446040938721079704,50,1446040938719726085,robocape,1800.0,1380.0
1446040938755699120,51,1446040938754360914,robocape,1800.0,1380.0
1446040938851394329,52,1446040938846657037,robocape,1800.0,1620.0
1446040939080242121,53,1446040939078707933,robocape,1800.0,1380.0
1446040939146078162,54,1446040939144381046,robocape,1800.0,1620.0
1446040939241491079,55,1446040939239861011,robocape,1800.0,1380.0
1446040939294494996,56,1446040939289848089,robocape,1800.0,1380.0
1446040939340015412,57,1446040939338293075,robocape,1800.0,1620.0
1446040939392958246,58,1446040939388478994,robocape,1800.0,1620.0
1446040939493246121,59,1446040939492002010,robocape,1800.0,1620.0
1446040939521323204,60,1446040939519948959,robocape,1800.0,1620.0
1446040939570226121,61,1446040939568536043,robocape,1800.0,1620.0
1446040939626881746,62,1446040939625374078,robocape,1646.0,1380.0
1446040939722377413,63,1446040939717710018,robocape,1519.0,1380.0
1446040939767360788,64,1446040939765645027,robocape,1484.0,1380.0
1446040939850750996,65,1446040939847090959,robocape,1478.0,1620.0
1446040939884798121,66,1446040939883429050,robocape,1480.0,1620.0
1446040939980711913,67,1446040939978979110,robocape,1485.0,1620.0
1446040940149112871,68,1446040940147790908,robocape,1485.0,1380.0
1446040940194880121,69,1446040940193520069,robocape,1478.0,1380.0
1446040940230865204,70,1446040940227871894,robocape,1484.0,1380.0
1446040940265251621,71,1446040940263842105,robocape,1486.0,1620.0
1446040940299764080,72,1446040940296545982,robocape,1488.0,1620.0
1446040940329660455,73,1446040940328308105,robocape,1486.0,1380.0
1446040940359043871,74,1446040940357673883,robocape,1480.0,1620.0
1446040940393100746,75,1446040940389271020,robocape,1481.0,1620.0
1446040940441593246,76,1446040940440207958,robocape,1471.0,1380.0
1446040940474774371,77,1446040940473278999,robocape,1360.0,1620.0
1446040940529234496,78,1446040940526400089,robocape,1262.0,1620.0
1446040940577411621,79,1446040940574112892,robocape,1217.0,1380.0
1446040940611661663,80,1446040940610299110,robocape,1096.0,1620.0
1446040940644590996,81,1446040940641288995,robocape,1090.0,1620.0
1446040940741886705,82,1446040940740490913,robocape,1090.0,1620.0
1446040940775859413,83,1446040940772344112,robocape,1089.0,1380.0
1446040940818484871,84,1446040940816375970,robocape,1089.0,1620.0
1446040940868206580,85,1446040940866820096,robocape,1087.0,1620.0
1446040940920257621,86,1446040940918410062,robocape,1086.0,1380.0
1446040941016269080,87,1446040941014916896,robocape,1089.0,1620.0
1446040941050749247,88,1446040941049408912,robocape,1089.0,1620.0
1446040941085841580,89,1446040941083312034,robocape,1087.0,1380.0
1446040941147985163,90,1446040941144979000,robocape,1087.0,1620.0
1446040941184916122,91,1446040941183252096,robocape,1087.0,1380.0
1446040941215298497,92,1446040941213947057,robocape,1089.0,1620.0
1446040941280720372,93,1446040941279366016,robocape,1089.0,1380.0
1446040941314613913,94,1446040941313256978,robocape,1089.0,1620.0
1446040941343313497,95,1446040941341990947,robocape,1087.0,1620.0
1446040941380874372,96,1446040941375938892,robocape,1087.0,1380.0
1446040941426398872,97,1446040941424371957,robocape,1089.0,1620.0
1446040941481074330,98,1446040941479705095,robocape,1089.0,1620.0
1446040941524596372,99,1446040941522957086,robocape,1087.0,1380.0
1446040941557565955,100,1446040941555841922,robocape,1087.0,1380.0
1446040941590857372,101,1446040941588721036,robocape,1089.0,1380.0
1446040941625551288,102,1446040941623514890,robocape,1089.0,1380.0
1446040941674936747,103,1446040941673687934,robocape,1089.0,1380.0
1446040941725240580,104,1446040941723814010,robocape,1089.0,1620.0
1446040941757123039,105,1446040941752739906,robocape,1087.0,1620.0
1446040941793545872,106,1446040941792152881,robocape,1089.0,1380.0
1446040941828201247,107,1446040941824878931,robocape,1091.0,1620.0
1446040941893283122,108,1446040941891822099,robocape,1090.0,1620.0
1446040941935642414,109,1446040941933806896,robocape,1090.0,1620.0
1446040941973002664,110,1446040941971123933,robocape,1094.0,1380.0
1446040942024228955,111,1446040942021509885,robocape,1096.0,1380.0
1446040942055483330,112,1446040942048830032,robocape,1103.0,1380.0
1446040942104106247,113,1446040942102478981,robocape,1123.0,1620.0
1446040942154370205,114,1446040942147440910,robocape,1166.0,1620.0
1446040942201215539,115,1446040942196577072,robocape,1228.0,1620.0
1446040942237635872,116,1446040942235546112,robocape,1275.0,1380.0
1446040942298756997,117,1446040942297406911,robocape,1275.0,1620.0
1446040942332985372,118,1446040942331584930,robocape,1338.0,1380.0
1446040942481072289,119,1446040942479553937,robocape,1469.0,1620.0
1446040942546767331,120,1446040942542033910,robocape,1473.0,1620.0
1446040942580880331,121,1446040942579417943,robocape,1460.0,1380.0
1446040942610027122,122,1446040942608656883,robocape,1431.0,1620.0
1446040942643668497,123,1446040942642347097,robocape,1379.0,1620.0
1446040942679153789,124,1446040942677841901,robocape,1299.0,1380.0
1446040942707738747,125,1446040942706104040,robocape,1247.0,1620.0
1446040942811258206,126,1446040942809995889,robocape,1228.0,1380.0
1446040942840217622,127,1446040942837937116,robocape,1154.0,1380.0
1446040942872387706,128,1446040942870363950,robocape,1161.0,1380.0
1446040942904979497,129,1446040942903245925,robocape,1162.0,1620.0
1446040942959615997,130,1446040942958208084,robocape,1169.0,1620.0
1446040942987237872,131,1446040942985560894,robocape,1226.0,1380.0
1446040943135708414,132,1446040943133677959,robocape,1283.0,1620.0
1446040943304648456,133,1446040943297929048,robocape,1482.0,1620.0
1446040943338041289,134,1446040943330813884,robocape,1485.0,1380.0
1446040943387016581,135,1446040943385675907,robocape,1484.0,1380.0
1446040943419964706,136,1446040943418600082,robocape,1485.0,1620.0
1446040943464195998,137,1446040943462570905,robocape,1484.0,1380.0
1446040943514630873,138,1446040943513323068,robocape,1476.0,1620.0
1446040943562628373,139,1446040943560930013,robocape,1478.0,1620.0
1446040943615651873,140,1446040943610076904,robocape,1486.0,1620.0
1446040943645791873,141,1446040943642930030,robocape,1485.0,1380.0
1446040943694963664,142,1446040943693542003,robocape,1480.0,1620.0
1446040943760210373,143,1446040943757987022,robocape,1480.0,1620.0
1446040943796953206,144,1446040943795011043,robocape,1478.0,1620.0
1446040943847909206,145,1446040943840436935,robocape,1485.0,1620.0
1446040943897161873,146,1446040943895522117,robocape,1486.0,1380.0
1446040943931435790,147,1446040943929970026,robocape,1484.0,1380.0
1446040943976152623,148,1446040943974786043,robocape,1480.0,1620.0
1446040944009521665,149,1446040944005995035,robocape,1488.0,1380.0
1446040944060652706,150,1446040944053787946,robocape,1486.0,1620.0
1446040944106536831,151,1446040944105251073,robocape,1486.0,1380.0
1446040944159773081,152,1446040944158442974,robocape,1485.0,1620.0
1446040944187805998,153,1446040944186069011,robocape,1480.0,1380.0
1446040944240371123,154,1446040944238995075,robocape,1481.0,1380.0
1446040944269187873,155,1446040944267875909,robocape,1478.0,1620.0
1446040944318634331,156,1446040944316862106,robocape,1485.0,1620.0
1446040944350582873,157,1446040944349246025,robocape,1486.0,1620.0
1446040944406997248,158,1446040944401195049,robocape,1486.0,1380.0
1446040944450176456,159,1446040944448465108,robocape,1481.0,1380.0
1446040944501033123,160,1446040944498244047,robocape,1478.0,1380.0
1446040944536314498,161,1446040944532496929,robocape,1486.0,1380.0
1446040944581621290,162,1446040944579659938,robocape,1486.0,1380.0
1446040944615850623,163,1446040944614149093,robocape,1485.0,1620.0
1446040944648796498,164,1446040944646388053,robocape,1484.0,1620.0
1446040944698501665,165,1446040944697004079,robocape,1480.0,1620.0
1446040944735656540,166,1446040944734345912,robocape,1480.0,1380.0
1446040944769324290,167,1446040944768009901,robocape,1486.0,1620.0
1446040944848503790,168,1446040944846616983,robocape,1486.0,1620.0
1446040944880599332,169,1446040944879224061,robocape,1480.0,1380.0
1446040944913836748,170,1446040944910535097,robocape,1478.0,1380.0
1446040944949337290,171,1446040944945283889,robocape,1478.0,1380.0
1446040944992578082,172,1446040944991220951,robocape,1480.0,1620.0
1446040945025746748,173,1446040945023428916,robocape,1485.0,1620.0
1446040945062422998,174,1446040945060657978,robocape,1485.0,1380.0
1446040945112004040,175,1446040945110682964,robocape,1485.0,1620.0
1446040945163230665,176,1446040945161227941,robocape,1480.0,1380.0
1446040945245186874,177,1446040945242419004,robocape,1478.0,1620.0
1446040945271702540,178,1446040945269882917,robocape,1486.0,1620.0
1446040945327932832,179,1446040945324877023,robocape,1484.0,1620.0
1446040945427902332,180,1446040945424865007,robocape,1478.0,1380.0
1446040945469201415,181,1446040945467392921,robocape,1480.0,1620.0
1446040945501848165,182,1446040945499728918,robocape,1485.0,1620.0
1446040945552890457,183,1446040945551574945,robocape,1486.0,1620.0
1446040945588586999,184,1446040945587256908,robocape,1486.0,1380.0
1446040945636739540,185,1446040945634624958,robocape,1480.0,1380.0
1446040945671141499,186,1446040945669406890,robocape,1481.0,1380.0
1446040945764834582,187,1446040945763564109,robocape,1481.0,1620.0
1446040945799201582,188,1446040945796113967,robocape,1486.0,1380.0
1446040945833915207,189,1446040945830620050,robocape,1486.0,1620.0
1446040945879819166,190,1446040945877764940,robocape,1478.0,1380.0
1446040946049022416,191,1446040946042054891,robocape,1478.0,1620.0
1446040946098084624,192,1446040946092822074,robocape,1480.0,1380.0
1446040946196272041,193,1446040946190085887,robocape,1478.0,1620.0
1446040946260513582,194,1446040946255996942,robocape,1486.0,1620.0
1446040946439462582,195,1446040946436781883,robocape,1485.0,1380.0
1446040946471424999,196,1446040946469686031,robocape,1485.0,1620.0
1446040946522776082,197,1446040946518501043,robocape,1486.0,1380.0
1446040946558898957,198,1446040946554708003,robocape,1478.0,1380.0
1446040946733852124,199,1446040946731853008,robocape,1486.0,1380.0
1446040946788956166,200,1446040946784131050,robocape,1486.0,1380.0
1446040946834130291,201,1446040946830867052,robocape,1481.0,1380.0
1446040946865599416,202,1446040946864283084,robocape,1478.0,1380.0
1446040946914785249,203,1446040946912959098,robocape,1486.0,1620.0
1446040946974529166,204,1446040946968558073,robocape,1488.0,1620.0
1446040947015859791,205,1446040947014497041,robocape,1485.0,1380.0
1446040947068054083,206,1446040947060890913,robocape,1480.0,1380.0
1446040947147214749,207,1446040947143613100,robocape,1480.0,1620.0
1446040947313333833,208,1446040947311074972,robocape,1481.0,1380.0
1446040947408098500,209,1446040947406104087,robocape,1485.0,1380.0
1446040947457398541,210,1446040947455988883,robocape,1486.0,1380.0
1446040947496804666,211,1446040947492265939,robocape,1486.0,1380.0
1446040947523058416,212,1446040947521342992,robocape,1480.0,1620.0
1446040947626583166,213,1446040947619728088,robocape,1480.0,1620.0
1446040947709175625,214,1446040947707602977,robocape,1486.0,1620.0
1446040947752631000,215,1446040947750935077,robocape,1485.0,1620.0
1446040947786132291,216,1446040947783863067,robocape,1480.0,1620.0
1446040947820763083,217,1446040947819053888,robocape,1481.0,1380.0
1446040948048718042,218,1446040948046983003,robocape,1478.0,1620.0
1446040948508522333,219,1446040948506859064,robocape,1480.0,1380.0
1446040948562680333,220,1446040948561357975,robocape,1478.0,1380.0
1446040948607161042,221,1446040948605485916,robocape,1486.0,1620.0
1446040948693468000,222,1446040948688750028,robocape,1485.0,1620.0
1446040948738921542,223,1446040948736907005,robocape,1480.0,1380.0
1446040948837201667,224,1446040948835571050,robocape,1478.0,1380.0
1446040948936020375,225,1446040948934181928,robocape,1486.0,1380.0
1446040948976349584,226,1446040948971925973,robocape,1478.0,1620.0
1446040949006205792,227,1446040949000446081,robocape,1480.0,1380.0
1446040949051266125,228,1446040949049125909,robocape,1480.0,1380.0
1446040949149586584,229,1446040949147753000,robocape,1485.0,1620.0
1446040949199652459,230,1446040949198290109,robocape,1480.0,1620.0
1446040949248200625,231,1446040949246496915,robocape,1480.0,1620.0
1446040949298692959,232,1446040949297347068,robocape,1478.0,1620.0
1446040949511297042,233,1446040949509366035,robocape,1486.0,1620.0
1446040949610268251,234,1446040949608550071,robocape,1486.0,1380.0
1446040949664213501,235,1446040949657047986,robocape,1486.0,1620.0
1446040949795350292,236,1446040949791939973,robocape,1480.0,1380.0
1446040949827444792,237,1446040949822803020,robocape,1486.0,1620.0
1446040949905260334,238,1446040949903495073,robocape,1486.0,1620.0
1446040949961137042,239,1446040949959779977,robocape,1480.0,1620.0
1446040949987400209,240,1446040949985810041,robocape,1480.0,1380.0
1446040950020678042,241,1446040950018883943,robocape,1486.0,1380.0
1446040950053563001,242,1446040950051600933,robocape,1485.0,1380.0
1446040950302558459,243,1446040950301178932,robocape,1486.0,1620.0
1446040950566591001,244,1446040950564227104,robocape,1486.0,1380.0
1446040951796188752,245,1446040951794922113,robocape,1484.0,1380.0
1446040952075201543,246,1446040952073498964,robocape,1480.0,1380.0
1446040952107255377,247,1446040952105499029,robocape,1478.0,1620.0
1446040952224793877,248,1446040952223479032,robocape,1486.0,1380.0
1446040952272151044,249,1446040952269926071,robocape,1486.0,1620.0
1446040952370183127,250,1446040952368493080,robocape,1480.0,1620.0
1446040952469090002,251,1446040952467313051,robocape,1485.0,1380.0
1446040952632395502,252,1446040952631032943,robocape,1486.0,1620.0
1446040952822779502,253,1446040952818027973,robocape,1485.0,1380.0
1446040952929446044,254,1446040952928101062,robocape,1485.0,1620.0
1446040953032224294,255,1446040953027384996,robocape,1478.0,1380.0
1446040953175801961,256,1446040953173674106,robocape,1480.0,1620.0
1446040953208446086,257,1446040953206723928,robocape,1486.0,1380.0
1446040953274105461,258,1446040953272167921,robocape,1480.0,1380.0
1446040953392099836,259,1446040953390561103,robocape,1485.0,1620.0
1446040953438409794,260,1446040953436321020,robocape,1485.0,1620.0
1446040953489575169,261,1446040953485465049,robocape,1485.0,1380.0
1446040953527444669,262,1446040953522449016,robocape,1480.0,1380.0
1446040953621749294,263,1446040953617290973,robocape,1486.0,1380.0
1446040953690505836,264,1446040953686368942,robocape,1486.0,1380.0
1446040953736750586,265,1446040953735383987,robocape,1485.0,1380.0
1446040953789150961,266,1446040953781553030,robocape,1480.0,1380.0
1446040953837541169,267,1446040953832799911,robocape,1480.0,1620.0
1446040953881859086,268,1446040953880001068,robocape,1485.0,1620.0
1446040953965049503,269,1446040953963669061,robocape,1484.0,1620.0
1446040954131591294,270,1446040954128962039,robocape,1486.0,1620.0
1446040954262558628,271,1446040954261264085,robocape,1478.0,1620.0
1446040954362820628,272,1446040954361496925,robocape,1486.0,1380.0
1446040954412326128,273,1446040954409049987,robocape,1485.0,1380.0
1446040954444039628,274,1446040954442687034,robocape,1486.0,1380.0
1446040954513429795,275,1446040954512082099,robocape,1478.0,1380.0
1446040954607703336,276,1446040954602788925,robocape,1486.0,1620.0
1446040954706013628,277,1446040954704722881,robocape,1480.0,1620.0
1446040954757616753,278,1446040954750916004,robocape,1480.0,1380.0
1446040954791198211,279,1446040954783823013,robocape,1480.0,1380.0
1446040954818806378,280,1446040954816795110,robocape,1485.0,1380.0
1446040954916970920,281,1446040954915276050,robocape,480.0,9011.0
1446040955032892295,282,1446040955031524896,robocape,1478.0,1620.0
1446040955081494587,283,1446040955079688072,robocape,1485.0,1380.0
1446040955316545503,284,1446040955315201997,robocape,1480.0,1380.0
1446040955350546045,285,1446040955342753887,robocape,1486.0,1620.0
1446040955377579128,286,1446040955375416040,robocape,1486.0,1620.0
1446040955430865670,287,1446040955429617881,robocape,1478.0,1620.0
1446040955464208587,288,1446040955458161115,robocape,1480.0,1620.0
1446040955561351128,289,1446040955560096025,robocape,1484.0,1380.0
1446040955723968045,290,1446040955722681999,robocape,1480.0,1620.0
1446040955757566712,291,1446040955753231048,robocape,1478.0,1620.0
1446040955794701212,292,1446040955789558887,robocape,1486.0,1620.0
1446040955937796754,293,1446040955936386108,robocape,1484.0,1620.0
1446040955985073004,294,1446040955983303070,robocape,1480.0,1620.0
1446040956019270004,295,1446040956017359018,robocape,1480.0,1620.0
1446040956101732420,296,1446040956100250005,robocape,1484.0,1380.0
1446040956154532004,297,1446040956151426076,robocape,1480.0,1380.0
1446040956250484879,298,1446040956246530055,robocape,1480.0,1620.0
1446040956285811587,299,1446040956282476902,robocape,1485.0,1380.0
1446040956313057545,300,1446040956311693906,robocape,1486.0,1620.0
1446040956352489004,301,1446040956346896886,robocape,1486.0,1380.0
1446040956383952504,302,1446040956377633094,robocape,1480.0,1380.0
1446040956519084087,303,1446040956514275074,robocape,1478.0,1380.0
1446040956544788171,304,1446040956543415069,robocape,1484.0,1380.0
1446040956610630796,305,1446040956609390020,robocape,1486.0,1620.0
1446040956694148546,306,1446040956692806959,robocape,1480.0,1620.0
1446040956808670962,307,1446040956807311058,robocape,1485.0,1620.0
1446040956924167754,308,1446040956922132968,robocape,1478.0,1380.0
1446040957006446754,309,1446040957002543926,robocape,1485.0,1380.0
1446040957037571087,310,1446040957035470962,robocape,1485.0,1380.0
1446040957089040921,311,1446040957084408998,robocape,1486.0,1620.0
1446040957124156421,312,1446040957118259906,robocape,1480.0,1380.0
1446040957168261963,313,1446040957166544914,robocape,1480.0,1380.0
1446040957201109796,314,1446040957199423074,robocape,1485.0,1620.0
1446040957267101879,315,1446040957265039920,robocape,1486.0,1620.0
1446040957299570588,316,1446040957297897100,robocape,1485.0,1380.0
1446040957332610254,317,1446040957330869913,robocape,1480.0,1620.0
1446040957431295879,318,1446040957429580926,robocape,1480.0,1620.0
1446040957464344963,319,1446040957462240934,robocape,1485.0,1380.0
1446040957496851796,320,1446040957495126008,robocape,1486.0,1620.0
1446040957547971463,321,1446040957546617031,robocape,1486.0,1380.0
1446040957595746171,322,1446040957593720912,robocape,1478.0,1620.0
1446040957649582963,323,1446040957645258903,robocape,1478.0,1620.0
1446040957679472129,324,1446040957678112030,robocape,1485.0,1620.0
1446040957716340463,325,1446040957711810111,robocape,1486.0,1620.0
1446040957813564755,326,1446040957812284946,robocape,1480.0,1380.0
1446040957842152546,327,1446040957840260028,robocape,1480.0,1620.0
1446040957895164213,328,1446040957893649101,robocape,1480.0,1620.0
1446040957992420880,329,1446040957988094091,robocape,1485.0,1380.0
1446040958091279171,330,1446040958086869001,robocape,1486.0,1380.0
1446040958192699880,331,1446040958187262058,robocape,1480.0,1380.0
1446040958219790463,332,1446040958218550920,robocape,1486.0,1620.0
1446040958259472921,333,1446040958254349946,robocape,1485.0,1380.0
1446040958291282296,334,1446040958283778905,robocape,1478.0,1380.0
1446040958321170713,335,1446040958316802024,robocape,1480.0,1620.0
1446040958373206213,336,1446040958369920969,robocape,1477.0,1380.0
1446040958417798088,337,1446040958416074991,robocape,1486.0,1620.0
1446040958467207463,338,1446040958465825080,robocape,1485.0,1620.0
1446040958536099838,339,1446040958534784078,robocape,1485.0,1620.0
1446040958605067422,340,1446040958603723049,robocape,1480.0,1380.0
1446040958637701005,341,1446040958633517026,robocape,1486.0,1620.0
1446040958667731255,342,1446040958661640882,robocape,1485.0,1380.0
1446040958733220422,343,1446040958727346897,robocape,1485.0,1620.0
1446040958803990547,344,1446040958802619934,robocape,1480.0,1620.0
1446040958833062797,345,1446040958828329086,robocape,1480.0,1380.0
1446040958867915547,346,1446040958863302946,robocape,1480.0,1380.0
1446040958912324213,347,1446040958910954952,robocape,1485.0,1620.0
1446040958970239672,348,1446040958960050106,robocape,1485.0,1380.0
1446040959010988505,349,1446040959006724119,robocape,1486.0,1620.0
1446040959143699463,350,1446040959139050960,robocape,1486.0,1380.0
1446040959193260839,351,1446040959191500902,robocape,1485.0,1380.0
1446040959223442839,352,1446040959220319986,robocape,1485.0,1380.0
1446040959275304255,353,1446040959261806011,robocape,1478.0,1620.0
1446040959295715297,354,1446040959289258956,robocape,1480.0,1620.0
1446040959372846130,355,1446040959371404886,robocape,1480.0,1620.0
1446040959425698672,356,1446040959424385070,robocape,1485.0,1620.0
1446040959474483880,357,1446040959469707012,robocape,1486.0,1380.0
1446040959508942755,358,1446040959504211902,robocape,1480.0,1380.0
1446040959538771714,359,1446040959532802104,robocape,1480.0,1380.0
1446040959569371630,360,1446040959565273046,robocape,1478.0,1620.0
1446040959605572130,361,1446040959600526094,robocape,1486.0,1380.0
1446040959652873339,362,1446040959648140907,robocape,1485.0,1620.0
1446040959699011005,363,1446040959697288036,robocape,1485.0,1620.0
1446040959731516630,364,1446040959729815006,robocape,1478.0,1380.0
1446040959787151005,365,1446040959785799980,robocape,1480.0,1380.0
1446040959814349672,366,1446040959812953948,robocape,1478.0,1620.0
1446040959917058922,367,1446040959910811901,robocape,1486.0,1620.0
1446040959968086839,368,1446040959966707944,robocape,1480.0,1380.0
1446040960063457422,369,1446040960059783935,robocape,1480.0,1620.0
1446040960109589006,370,1446040960107917070,robocape,1486.0,1380.0
1446040960166542922,371,1446040960165179967,robocape,1485.0,1380.0
1446040960195849881,372,1446040960194489002,robocape,1486.0,1620.0
1446040960226485797,373,1446040960223123073,robocape,1478.0,1620.0
1446040960277289047,374,1446040960275610923,robocape,1477.0,1620.0
1446040960327908339,375,1446040960326591014,robocape,1485.0,1620.0
1446040960355975422,376,1446040960354309082,robocape,1485.0,1620.0
1446040960388914297,377,1446040960387234926,robocape,1486.0,1620.0
1446040960421463672,378,1446040960420113086,robocape,1485.0,1380.0
1446040960474958964,379,1446040960473412990,robocape,1478.0,1380.0
1446040960504575672,380,1446040960502516031,robocape,1480.0,1620.0
1446040960557651381,381,1446040960556396961,robocape,1484.0,1620.0
1446040960591754256,382,1446040960585243940,robocape,1485.0,1620.0
1446040960635555506,383,1446040960633667945,robocape,1486.0,1380.0
1446040960685564798,384,1446040960684174060,robocape,1480.0,1380.0
1446040960723434756,385,1446040960718693017,robocape,1478.0,1380.0
1446040960754513173,386,1446040960750140905,robocape,1480.0,1380.0
1446040960789418881,387,1446040960781569004,robocape,485.0,9011.0
1446040960816078131,388,1446040960814378023,robocape,480.0,9021.0
1446040960849330923,389,1446040960847510099,robocape,1485.0,1620.0
1446040960881349756,390,1446040960879709959,robocape,1486.0,1620.0
1446040960915842798,391,1446040960914449930,robocape,1480.0,1380.0
1446040960987875548,392,1446040960986507892,robocape,1480.0,1620.0
1446040961021826964,393,1446040961018767118,robocape,1480.0,1620.0
1446040961046174173,394,1446040961044922113,robocape,1486.0,1380.0
1446040961084657339,395,1446040961080281019,robocape,1485.0,1380.0
1446040961112109131,396,1446040961110095977,robocape,1485.0,1620.0
1446040961144727506,397,1446040961142997980,robocape,1485.0,1620.0
1446040961178118714,398,1446040961176156044,robocape,1480.0,1380.0
1446040961210762464,399,1446040961209064006,robocape,1480.0,1380.0
1446040961242513923,400,1446040961241168022,robocape,1480.0,1620.0
1446040961360965048,401,1446040961356435060,robocape,1485.0,1380.0
1446040961410315506,402,1446040961408945083,robocape,1480.0,1620.0
1446040961461473006,403,1446040961460113048,robocape,1478.0,1620.0
1446040961490119881,404,1446040961488434076,robocape,1480.0,1620.0
1446040961546184090,405,1446040961541501045,robocape,1486.0,1620.0
1446040961576869298,406,1446040961575508117,robocape,1485.0,1620.0
1446040961622020756,407,1446040961620301961,robocape,1486.0,1620.0
1446040961656503840,408,1446040961654802083,robocape,1478.0,1620.0
1446040961711005965,409,1446040961706939935,robocape,1478.0,1620.0
1446040961758118756,410,1446040961756783962,robocape,1485.0,1380.0
1446040961792956006,411,1446040961791589021,robocape,1486.0,1380.0
1446040961827806340,412,1446040961825119018,robocape,1486.0,1620.0
1446040961852311881,413,1446040961851021051,robocape,1484.0,1380.0
1446040961886878798,414,1446040961882471084,robocape,1480.0,1380.0
1446040961938058965,415,1446040961936223983,robocape,1480.0,1380.0
1446040961975616715,416,1446040961972688913,robocape,1480.0,1380.0
1446040962001457423,417,1446040962000152111,robocape,1486.0,1380.0
1446040962038709507,418,1446040962034512042,robocape,1486.0,1380.0
1446040962065396007,419,1446040962063452005,robocape,1485.0,1620.0
1446040962098007382,420,1446040962096151113,robocape,1485.0,1620.0
1446040962130956382,421,1446040962129009962,robocape,1480.0,1620.0
1446040962164579965,422,1446040962162807941,robocape,1480.0,1380.0
1446040962215626673,423,1446040962212466955,robocape,1480.0,1620.0
1446040962261599798,424,1446040962260255098,robocape,1485.0,1380.0
1446040962297350632,425,1446040962296005964,robocape,1485.0,1380.0
1446040962383162840,426,1446040962378551959,robocape,1480.0,1380.0
1446040962410527965,427,1446040962408725023,robocape,1480.0,1380.0
1446040962442909340,428,1446040962441212892,robocape,1480.0,1620.0
1446040962476513340,429,1446040962474266052,robocape,1486.0,1620.0
1446040962507921298,430,1446040962506534099,robocape,1484.0,1380.0
1446040962543322632,431,1446040962541955947,robocape,1485.0,1620.0
1446040962598066590,432,1446040962593739032,robocape,480.0,9071.0
1446040962645040882,433,1446040962643222093,robocape,1478.0,1380.0
1446040962672183424,434,1446040962670866966,robocape,1480.0,1620.0
1446040962722151340,435,1446040962720453977,robocape,1486.0,1380.0
1446040962755322174,436,1446040962753599882,robocape,480.0,9021.0
1446040962804432882,437,1446040962803116083,robocape,1484.0,1620.0
1446040962856303299,438,1446040962855015993,robocape,1477.0,1620.0
1446040962907983007,439,1446040962901233911,robocape,1477.0,1620.0
1446040962965058257,440,1446040962959151029,robocape,1485.0,1380.0
1446040962989788215,441,1446040962988220930,robocape,1485.0,1380.0
1446040963018195507,442,1446040963016508102,robocape,1485.0,1620.0
1446040963084099757,443,1446040963081950902,robocape,1485.0,1620.0
1446040963117172465,444,1446040963114854097,robocape,1480.0,1380.0
1446040963203223382,445,1446040963200539112,robocape,1480.0,1620.0
1446040963238312549,446,1446040963236948966,robocape,1485.0,1620.0
1446040963270554465,447,1446040963264731884,robocape,1484.0,1620.0
1446040963299333382,448,1446040963295325994,robocape,1485.0,1380.0
1446040963335082799,449,1446040963333834886,robocape,1480.0,1620.0
1446040963363035091,450,1446040963361347913,robocape,1480.0,1620.0
1446040963395995841,451,1446040963394301891,robocape,1480.0,1620.0
1446040963430008591,452,1446040963428250074,robocape,1485.0,1620.0
1446040963482650174,453,1446040963481228113,robocape,1486.0,1620.0
1446040963516433007,454,1446040963509532928,robocape,1486.0,1380.0
1446040963547024549,455,1446040963541999101,robocape,1481.0,1620.0
1446040963577442966,456,1446040963575416088,robocape,1478.0,1380.0
1446040963629838091,457,1446040963625287055,robocape,1477.0,1620.0
1446040963660196049,458,1446040963657094001,robocape,485.0,9011.0
1446040963694649716,459,1446040963690062046,robocape,1484.0,1620.0
1446040963729372841,460,1446040963728127956,robocape,1485.0,1380.0
1446040963757830216,461,1446040963755981922,robocape,1485.0,1380.0
1446040963791057341,462,1446040963788535118,robocape,1478.0,1380.0
1446040963846753674,463,1446040963845463991,robocape,1477.0,1620.0
1446040963874662549,464,1446040963870551109,robocape,1480.0,1380.0
1446040963909390591,465,1446040963908154010,robocape,1484.0,1380.0
1446040963938070466,466,1446040963936381101,robocape,1485.0,1380.0
1446040963995865924,467,1446040963991055965,robocape,1485.0,1380.0
1446040964020456674,468,1446040964018461942,robocape,1484.0,1380.0
1446040964054003633,469,1446040964052350044,robocape,1480.0,1380.0
1446040964107070508,470,1446040964102592945,robocape,1480.0,1620.0
1446040964135498841,471,1446040964133825063,robocape,1485.0,1380.0
1446040964168168549,472,1446040964166465997,robocape,1485.0,1620.0
1446040964219380383,473,1446040964217969894,robocape,1485.0,1380.0
1446040964252904924,474,1446040964248593091,robocape,1486.0,1620.0
1446040964301634049,475,1446040964299819946,robocape,1480.0,1380.0
1446040964338300133,476,1446040964336613893,robocape,1480.0,1380.0
1446040964371348549,477,1446040964369942903,robocape,1486.0,1380.0
1446040964406088716,478,1446040964404691934,robocape,1485.0,1380.0
1446040964432030758,479,1446040964430602073,robocape,1486.0,1620.0
1446040964481197258,480,1446040964479469060,robocape,1486.0,1380.0
1446040964512484008,481,1446040964511187076,robocape,1480.0,1380.0
1446040964546924549,482,1446040964544260978,robocape,1480.0,1380.0
1446040964583155216,483,1446040964580514907,robocape,1478.0,1380.0
1446040964617435716,484,1446040964616101026,robocape,1485.0,1380.0
1446040964652340258,485,1446040964650983095,robocape,1485.0,1620.0
1446040964682051299,486,1446040964680727005,robocape,1485.0,1380.0
1446040964712494591,487,1446040964708442926,robocape,1486.0,1380.0
1446040964745963341,488,1446040964741554021,robocape,1480.0,1620.0
1446040964779249925,489,1446040964777826070,robocape,1480.0,1380.0
1446040964827999550,490,1446040964826567888,robocape,1480.0,1620.0
1446040964863523758,491,1446040964861912965,robocape,1486.0,1380.0
1446040964897526466,492,1446040964892842054,robocape,1486.0,1380.0
1446040964929606175,493,1446040964926758050,robocape,481.0,9011.0
1446040964966006508,494,1446040964961045980,robocape,1484.0,1620.0
1446040964989839508,495,1446040964988029956,robocape,1478.0,1380.0
1446040965023148800,496,1446040965021382093,robocape,1480.0,1620.0
1446040965056991633,497,1446040965055567979,robocape,1480.0,1620.0
1446040965094050883,498,1446040965092341899,robocape,1481.0,1380.0
1446040965125232716,499,1446040965123891115,robocape,1485.0,1380.0
1446040965160481508,500,1446040965159063100,robocape,1485.0,1380.0
1446040965194311300,501,1446040965189394950,robocape,892.0,1620.0
1446040965223835841,502,1446040965222574949,robocape,890.0,1380.0
1446040965253971050,503,1446040965250678062,robocape,1480.0,1620.0
1446040965290731675,504,1446040965286269903,robocape,1480.0,1380.0
1446040965323778300,505,1446040965316698074,robocape,1485.0,1380.0
1446040965371551591,506,1446040965366863012,robocape,1485.0,1620.0
1446040965408427425,507,1446040965407012939,robocape,1485.0,1620.0
1446040965450271592,508,1446040965448476076,robocape,1485.0,1620.0
1446040965483268092,509,1446040965481228113,robocape,1480.0,1380.0
1446040965515646717,510,1446040965513972997,robocape,1480.0,1620.0
1446040965548467633,511,1446040965546772003,robocape,1480.0,1380.0
1446040965580638133,512,1446040965579297065,robocape,1485.0,1380.0
1446040965615465842,513,1446040965613979101,robocape,1485.0,1380.0
1446040965650820675,514,1446040965649391889,robocape,1485.0,1620.0
1446040965687167758,515,1446040965684819936,robocape,1486.0,1620.0
1446040965720473925,516,1446040965718895912,robocape,1480.0,1620.0
1446040965749047800,517,1446040965744457960,robocape,1478.0,1380.0
1446040965782566383,518,1446040965776794910,robocape,1480.0,1620.0
1446040965813992383,519,1446040965812608957,robocape,1485.0,1380.0
1446040965847801717,520,1446040965846465110,robocape,1486.0,1380.0
1446040965876913342,521,1446040965875284910,robocape,1485.0,1620.0
1446040965910428217,522,1446040965908543109,robocape,1486.0,1380.0
1446040965943095092,523,1446040965941190004,robocape,1480.0,1620.0
1446040965980824050,524,1446040965979475021,robocape,1480.0,1620.0
1446040966016555300,525,1446040966013320922,robocape,1480.0,1380.0
1446040966043360383,526,1446040966039654016,robocape,1480.0,1620.0
1446040966091344883,527,1446040966089536905,robocape,1486.0,1380.0
1446040966124704633,528,1446040966123323917,robocape,1485.0,1380.0
1446040966159464717,529,1446040966158116102,robocape,1485.0,1620.0
1446040966205959217,530,1446040966203983068,robocape,1480.0,1620.0
1446040966241127467,531,1446040966239365100,robocape,1480.0,1380.0
1446040966271583384,532,1446040966269875049,robocape,1480.0,1380.0
1446040966306775009,533,1446040966305041074,robocape,1485.0,1620.0
1446040966338122800,534,1446040966336776018,robocape,1485.0,1620.0
1446040966372966925,535,1446040966368283033,robocape,1484.0,1380.0
1446040966408530425,536,1446040966405241966,robocape,1486.0,1380.0
1446040966443404800,537,1446040966440114974,robocape,1480.0,1620.0
1446040966472802217,538,1446040966466888904,robocape,1480.0,1620.0
1446040966518661092,539,1446040966516925096,robocape,1480.0,1620.0
1446040966550286425,540,1446040966548921108,robocape,1485.0,1620.0
1446040966586626925,541,1446040966585231065,robocape,1486.0,1620.0
1446040966638168134,542,1446040966631227970,robocape,1485.0,1620.0
1446040966666012050,543,1446040966664304971,robocape,1480.0,1620.0
1446040966722858342,544,1446040966721508026,robocape,1480.0,1620.0
1446040966755943342,545,1446040966750766992,robocape,1480.0,1620.0
1446040966784991675,546,1446040966779262065,robocape,1485.0,1620.0
1446040966817661884,547,1446040966812164068,robocape,1486.0,1620.0
1446040966851690509,548,1446040966844746112,robocape,1485.0,1380.0
1446040966879397717,549,1446040966877701997,robocape,1485.0,1380.0
1446040966912318926,550,1446040966910625934,robocape,1477.0,1380.0
1446040966945226384,551,1446040966943522930,robocape,1480.0,1380.0
1446040966985397634,552,1446040966981905937,robocape,1480.0,1380.0
1446040967011635217,553,1446040967010268926,robocape,1486.0,1380.0
1446040967043346176,554,1446040967041994094,robocape,1485.0,1380.0
1446040967079352134,555,1446040967078107118,robocape,1486.0,1380.0
1446040967114489717,556,1446040967113253116,robocape,1485.0,1380.0
1446040967142421426,557,1446040967140650033,robocape,1480.0,1620.0
1446040967175683134,558,1446040967173990964,robocape,1480.0,1620.0
1446040967209787592,559,1446040967208071947,robocape,1478.0,1380.0
1446040967242425634,560,1446040967239332914,robocape,1484.0,1380.0
1446040967277299592,561,1446040967275948047,robocape,1486.0,1380.0
1446040967323054426,562,1446040967321350097,robocape,1485.0,1380.0
1446040967356625801,563,1446040967354207992,robocape,1486.0,1380.0
1446040967388984634,564,1446040967387202978,robocape,1480.0,1380.0
1446040967424005176,565,1446040967421919107,robocape,1480.0,1380.0
1446040967456122384,566,1446040967454833030,robocape,1478.0,1620.0
1446040967490841467,567,1446040967489165067,robocape,1486.0,1620.0
1446040967536798342,568,1446040967535079002,robocape,1486.0,1620.0
1446040967570153509,569,1446040967568414926,robocape,1484.0,1620.0
1446040967602814634,570,1446040967600716114,robocape,1486.0,1380.0
1446040967637294176,571,1446040967635505914,robocape,1478.0,1380.0
1446040967667544426,572,1446040967666203022,robocape,1480.0,1380.0
1446040967704388801,573,1446040967702862977,robocape,1478.0,1380.0
1446040967754279593,574,1446040967748600959,robocape,1485.0,1380.0
1446040967783453801,575,1446040967781415939,robocape,1486.0,1620.0
1446040967816517634,576,1446040967814764976,robocape,1484.0,1620.0
1446040967851041718,577,1446040967849303007,robocape,1484.0,1380.0
1446040967884354009,578,1446040967883011102,robocape,1478.0,1380.0
1446040967917872759,579,1446040967914390087,robocape,1480.0,1620.0
1446040967948104593,580,1446040967946830034,robocape,1480.0,1620.0
1446040967984422759,581,1446040967983118057,robocape,1486.0,1380.0
1446040968031241801,582,1446040968029885053,robocape,1484.0,1380.0
1446040968065272926,583,1446040968060781955,robocape,1486.0,1380.0
1446040968102024426,584,1446040968100461006,robocape,1478.0,1620.0
1446040968144976884,585,1446040968143275022,robocape,1478.0,1620.0
1446040968177885634,586,1446040968176182985,robocape,1480.0,1620.0
1446040968210548259,587,1446040968208847045,robocape,1485.0,1620.0
1446040968243376510,588,1446040968241688013,robocape,1485.0,1620.0
1446040968276171635,589,1446040968274143934,robocape,1485.0,1620.0
1446040968311133926,590,1446040968307780981,robocape,1484.0,1620.0
1446040968345772926,591,1446040968342040061,robocape,1480.0,1620.0
1446040968381664343,592,1446040968378247976,robocape,1478.0,1380.0
1446040968411694301,593,1446040968405865907,robocape,892.0,1620.0
1446040968441417218,594,1446040968440068960,robocape,1485.0,1620.0
1446040968479095551,595,1446040968474778890,robocape,1486.0,1380.0
1446040968511616760,596,1446040968504826068,robocape,1485.0,1380.0
1446040968544536468,597,1446040968537534952,robocape,1486.0,1380.0
1446040968572289968,598,1446040968570296049,robocape,1480.0,1380.0
1446040968621732593,599,1446040968620392084,robocape,1480.0,1380.0
1446040968656637468,600,1446040968653285980,robocape,1478.0,1380.0
1446040968691902926,601,1446040968690552949,robocape,1484.0,1620.0
1446040968719838968,602,1446040968717982053,robocape,1485.0,1380.0
1446040968752684468,603,1446040968750864982,robocape,1485.0,1620.0
1446040968785825426,604,1446040968784117937,robocape,1486.0,1620.0
1446040968820840260,605,1446040968818998098,robocape,1480.0,1620.0
1446040968851927135,606,1446040968850569963,robocape,1480.0,1380.0
1446040968886901135,607,1446040968883552074,robocape,1480.0,1380.0
1446040968922115051,608,1446040968918670892,robocape,1485.0,1380.0
1446040968964729968,609,1446040968957334041,robocape,1486.0,1380.0
1446040968988005468,610,1446040968986673116,robocape,1485.0,1620.0
1446040969015607052,611,1446040969013948917,robocape,1485.0,1380.0
1446040969048171635,612,1446040969046597957,robocape,1480.0,1380.0
1446040969080953968,613,1446040969079349994,robocape,1477.0,1620.0
1446040969135653010,614,1446040969134383916,robocape,1478.0,1380.0
1446040969164006968,615,1446040969161808013,robocape,1484.0,1620.0
1446040969196873385,616,1446040969194679975,robocape,1485.0,1620.0
1446040969229357427,617,1446040969227520942,robocape,1485.0,1380.0
1446040969263972302,618,1446040969261985063,robocape,1486.0,1380.0
1446040969294216968,619,1446040969292941093,robocape,1480.0,1620.0
1446040969330763927,620,1446040969329426050,robocape,1481.0,1380.0
1446040969365152093,621,1446040969363667011,robocape,1480.0,1620.0
1446040969401016552,622,1446040969398922920,robocape,1480.0,1620.0
1446040969431975510,623,1446040969428911924,robocape,1485.0,1380.0
1446040969465787177,624,1446040969462907075,robocape,1485.0,1380.0
1446040969495791885,625,1446040969491481065,robocape,1486.0,1620.0
1446040969525183843,626,1446040969523483991,robocape,1480.0,1620.0
1446040969558175177,627,1446040969556179046,robocape,892.0,1620.0
1446040969590919677,628,1446040969589001893,robocape,1480.0,1620.0
1446040969625932468,629,1446040969624192953,robocape,1480.0,1380.0
1446040969657769135,630,1446040969656199932,robocape,1485.0,1380.0
1446040969692899510,631,1446040969691492080,robocape,1486.0,1620.0
1446040969725931885,632,1446040969724656105,robocape,1486.0,1620.0
1446040969760564510,633,1446040969755810022,robocape,1485.0,1620.0
1446040969795629969,634,1446040969790606021,robocape,1478.0,1620.0
1446040969828120219,635,1446040969825231075,robocape,1480.0,1620.0
1446040969856623719,636,1446040969853609085,robocape,1480.0,1380.0
1446040969891750052,637,1446040969890460968,robocape,1485.0,1380.0
1446040969919180802,638,1446040969917581081,robocape,1485.0,1620.0
1446040969959720385,639,1446040969950844049,robocape,1485.0,1620.0
1446040969990473760,640,1446040969985291004,robocape,1485.0,1620.0
1446040970023711802,641,1446040970022351980,robocape,1480.0,1620.0
1446040970058168427,642,1446040970054841041,robocape,1480.0,1380.0
1446040970089765010,643,1446040970084199905,robocape,1478.0,1380.0
1446040970120183635,644,1446040970116060972,robocape,1486.0,1380.0
1446040970153772927,645,1446040970149543046,robocape,1486.0,1620.0
1446040970187059302,646,1446040970185688972,robocape,1486.0,1620.0
1446040970215157302,647,1446040970213324069,robocape,1485.0,1620.0
1446040970248042510,648,1446040970246218919,robocape,1478.0,1620.0
1446040970281811135,649,1446040970280102014,robocape,1480.0,1380.0
1446040970315750094,650,1446040970314387083,robocape,1480.0,1380.0
1446040970349319302,651,1446040970347903013,robocape,1480.0,1620.0
1446040970378690969,652,1446040970377357959,robocape,1485.0,1620.0
1446040970416020302,653,1446040970414701938,robocape,1486.0,1380.0
1446040970451764219,654,1446040970447841882,robocape,1486.0,1620.0
1446040970478936344,655,1446040970477545022,robocape,1485.0,1620.0
1446040970517430594,656,1446040970512540102,robocape,1480.0,1380.0
1446040970543765802,657,1446040970542129993,robocape,1478.0,1380.0
1446040970576630969,658,1446040970574841022,robocape,1480.0,1620.0
1446040970609872511,659,1446040970608135938,robocape,1485.0,1620.0
1446040970660950677,660,1446040970656835079,robocape,1484.0,1620.0
1446040970696181344,661,1446040970694941043,robocape,1486.0,1620.0
1446040970724366052,662,1446040970722718954,robocape,1477.0,1620.0
1446040970758298052,663,1446040970756458997,robocape,1480.0,1380.0
1446040970814935969,664,1446040970809403896,robocape,1480.0,1620.0
1446040970840430136,665,1446040970839046955,robocape,1486.0,1620.0
1446040970872573844,666,1446040970871248006,robocape,1485.0,1620.0
1446040970915908427,667,1446040970907388925,robocape,1486.0,1620.0
1446040970938188052,668,1446040970936460018,robocape,1485.0,1620.0
1446040970974831552,669,1446040970973459005,robocape,1478.0,1380.0
1446040971008804927,670,1446040971005117893,robocape,1480.0,1380.0
1446040971044201678,671,1446040971040951013,robocape,1480.0,1380.0
1446040971073730719,672,1446040971068900108,robocape,1484.0,1620.0
1446040971119047094,673,1446040971117449998,robocape,1486.0,1380.0
1446040971151798386,674,1446040971149837970,robocape,1486.0,1620.0
1446040971203400636,675,1446040971199073076,robocape,1486.0,1380.0
1446040971237271594,676,1446040971232914924,robocape,1480.0,1380.0
1446040971272105761,677,1446040971265043973,robocape,1481.0,1380.0
1446040971299737886,678,1446040971297846078,robocape,1486.0,1620.0
1446040971333092636,679,1446040971331530094,robocape,1485.0,1620.0
1446040971366655094,680,1446040971365027904,robocape,1485.0,1380.0
1446040971420773219,681,1446040971412930011,robocape,1486.0,1620.0
1446040971447696928,682,1446040971445735931,robocape,1480.0,1380.0
1446040971480301303,683,1446040971478624105,robocape,1480.0,1380.0
1446040971514030803,684,1446040971512188911,robocape,1478.0,1380.0
1446040971548358178,685,1446040971546561002,robocape,1478.0,1620.0
1446040971578275303,686,1446040971576930046,robocape,1485.0,1380.0
1446040971614693594,687,1446040971611953973,robocape,1485.0,1620.0
1446040971647577386,688,1446040971646292924,robocape,1485.0,1620.0
1446040971681732886,689,1446040971680376052,robocape,1480.0,1620.0
1446040971716039594,690,1446040971712785959,robocape,1478.0,1380.0
1446040971746982178,691,1446040971741429090,robocape,485.0,9021.0
1446040971778138761,692,1446040971776834964,robocape,1477.0,1620.0
1446040971809444845,693,1446040971807189941,robocape,1485.0,1380.0
1446040971847212595,694,1446040971842833042,robocape,1484.0,1620.0
1446040971874895011,695,1446040971873011112,robocape,1486.0,1380.0
1446040971907527136,696,1446040971905843973,robocape,1484.0,1380.0
1446040971943858636,697,1446040971942152023,robocape,1480.0,1620.0
1446040971978199553,698,1446040971972223997,robocape,1478.0,1380.0
1446040972007038595,699,1446040972005743980,robocape,1480.0,1620.0
1446040972042164595,700,1446040972037409067,robocape,1485.0,1620.0
1446040972078639678,701,1446040972075454950,robocape,1485.0,1620.0
1446040972125456220,702,1446040972124038934,robocape,1485.0,1380.0
1446040972160305678,703,1446040972158963918,robocape,1486.0,1380.0
1446040972194962553,704,1446040972191654920,robocape,1480.0,1380.0
1446040972224272636,705,1446040972222795009,robocape,1478.0,1620.0
1446040972254604511,706,1446040972250675916,robocape,1480.0,1620.0
1446040972303398261,707,1446040972300369977,robocape,1484.0,1380.0
1446040972338137761,708,1446040972334822893,robocape,1486.0,1380.0
1446040972389323261,709,1446040972382364034,robocape,1485.0,1620.0
1446040972416925261,710,1446040972415195941,robocape,1478.0,1380.0
1446040972449936345,711,1446040972448185920,robocape,1478.0,1620.0
1446040972483490678,712,1446040972481786012,robocape,1478.0,1620.0
1446040972538366095,713,1446040972532083034,robocape,1485.0,1380.0
1446040972568101512,714,1446040972566776990,robocape,1486.0,1620.0
1446040972603872970,715,1446040972596314907,robocape,1484.0,1620.0
1446040972630534137,716,1446040972628845930,robocape,1486.0,1620.0
1446040972663379637,717,1446040972661760091,robocape,1480.0,1620.0
1446040972696509595,718,1446040972694499969,robocape,1478.0,1620.0
1446040972729219470,719,1446040972727511882,robocape,1480.0,1380.0
1446040972762474387,720,1446040972760776042,robocape,1484.0,1380.0
1446040972795405053,721,1446040972793160915,robocape,1485.0,1620.0
1446040972830619845,722,1446040972829030036,robocape,1486.0,1620.0
1446040972866047845,723,1446040972863776922,robocape,1486.0,1380.0
1446040972901950970,724,1446040972900098085,robocape,1477.0,1620.0
1446040972931092178,725,1446040972926286935,robocape,1480.0,1380.0
