%time,field.header.seq,field.header.stamp,field.header.frame_id,field.temperature,field.variance
1446040993271440271,1,1446040992897310018,robocape,1485.0,1620.0
1446040993311085188,2,1446040992924540996,robocape,1484.0,1380.0
1446040993311193188,3,1446040993010509967,robocape,1484.0,1380.0
1446040993311225896,4,1446040993060121059,robocape,1480.0,1380.0
1446040993311258438,5,1446040993089493989,robocape,1484.0,1380.0
1446040993311291396,6,1446040993125566959,robocape,1484.0,1380.0
1446040993311356355,7,1446040993152328968,robocape,1484.0,1620.0
1446040993316622438,8,1446040993198210000,robocape,1484.0,1380.0
1446040993316883730,9,1446040993219572067,robocape,1478.0,1620.0
1446040993324526896,10,1446040993261543035,robocape,1478.0,1620.0
1446040993324654938,11,1446040993287846088,robocape,1480.0,1380.0
1446040993337153355,12,1446040993335227012,robocape,1484.0,1620.0
1446040993498246105,13,1446040993496978044,robocape,1485.0,1380.0
1446040993533146438,14,1446040993531851053,robocape,1477.0,1380.0
1446040993571094730,15,1446040993569331884,robocape,1484.0,1380.0
1446040993603607313,16,1446040993602341890,robocape,1484.0,1620.0
1446040993637828772,17,1446040993633177995,robocape,1486.0,1380.0
1446040993667641105,18,1446040993661468982,robocape,1484.0,1380.0
1446040993698718855,19,1446040993697362899,robocape,1478.0,1620.0
1446040993730969355,20,1446040993729630947,robocape,1480.0,1620.0
1446040993767889105,21,1446040993765660047,robocape,1480.0,1380.0
1446040993794832897,22,1446040993793114900,robocape,1484.0,1380.0
1446040993827957397,23,1446040993826241016,robocape,1486.0,1620.0
1446040993878979605,24,1446040993877489089,robocape,1485.0,1380.0
1446040993910742813,25,1446040993909353971,robocape,1484.0,1620.0
1446040993992513438,26,1446040993990334987,robocape,1480.0,1380.0
1446040994026269230,27,1446040994024110078,robocape,1478.0,1620.0
1446040994058395063,28,1446040994056741952,robocape,1485.0,1620.0
1446040994094098147,29,1446040994090835094,robocape,1486.0,1620.0
1446040994129452814,30,1446040994124368906,robocape,1485.0,1620.0
1446040994159879730,31,1446040994154705047,robocape,1484.0,1620.0
1446040994193560105,32,1446040994188666105,robocape,1478.0,1620.0
1446040994238677605,33,1446040994236968040,robocape,1480.0,1380.0
1446040994278779355,34,1446040994274010896,robocape,1485.0,1380.0
1446040994306859230,35,1446040994305496931,robocape,1484.0,1380.0
1446040994339483439,36,1446040994335208892,robocape,1485.0,1380.0
1446040994388612189,37,1446040994387238979,robocape,1485.0,1620.0
1446040994422383855,38,1446040994418797969,robocape,1478.0,1380.0
1446040994459152522,39,1446040994457788944,robocape,1478.0,1380.0
1446040994493181397,40,1446040994489969015,robocape,1480.0,1380.0
1446040994521890105,41,1446040994517272949,robocape,1485.0,1380.0
1446040994551156772,42,1446040994549647092,robocape,1485.0,1620.0
1446040994588252772,43,1446040994586919069,robocape,1484.0,1620.0
1446040994616932105,44,1446040994615008115,robocape,1484.0,1380.0
1446040994649226814,45,1446040994647531032,robocape,1478.0,1380.0
1446040994682196439,46,1446040994680402040,robocape,1480.0,1620.0
1446040994715423897,47,1446040994713342905,robocape,1477.0,1380.0
1446040994749778147,48,1446040994748040914,robocape,1485.0,1620.0
1446040994783943105,49,1446040994782222032,robocape,1484.0,1380.0
1446040994814664606,50,1446040994813258886,robocape,1485.0,1380.0
1446040994850580439,51,1446040994848711013,robocape,1486.0,1620.0
1446040994901007356,52,1446040994899523019,robocape,1480.0,1620.0
1446040994929193397,53,1446040994927191019,robocape,1480.0,1620.0
1446040994961609981,54,1446040994959800958,robocape,1480.0,1620.0
1446040994996237397,55,1446040994994438886,robocape,1486.0,1620.0
1446040995029197439,56,1446040995027065038,robocape,1485.0,1380.0
1446040995061467564,57,1446040995058291912,robocape,1484.0,1380.0
1446040995095846147,58,1446040995092515945,robocape,1485.0,1380.0
1446040995129881606,59,1446040995126169919,robocape,1480.0,1620.0
1446040995166416522,60,1446040995162998914,robocape,1478.0,1620.0
1446040995195759856,61,1446040995191133975,robocape,1478.0,1620.0
1446040995226961231,62,1446040995223690986,robocape,1478.0,1380.0
1446040995280060189,63,1446040995274480104,robocape,1486.0,1380.0
1446040995306636481,64,1446040995305310964,robocape,1485.0,1380.0
1446040995343316481,65,1446040995341988086,robocape,1486.0,1620.0
1446040995392591272,66,1446040995387823104,robocape,1480.0,1620.0
1446040995427524439,67,1446040995424160957,robocape,1480.0,1380.0
1446040995460262856,68,1446040995457293987,robocape,1478.0,1620.0
1446040995489432606,69,1446040995485424995,robocape,1485.0,1620.0
1446040995524840189,70,1446040995523380041,robocape,1485.0,1380.0
1446040995552968564,71,1446040995551323890,robocape,1484.0,1620.0
1446040995586271564,72,1446040995584537029,robocape,1485.0,1620.0
1446040995618834064,73,1446040995617089986,robocape,1478.0,1380.0
1446040995651699356,74,1446040995650002956,robocape,1480.0,1620.0
1446040995685963939,75,1446040995684179067,robocape,1478.0,1620.0
1446040995717978981,76,1446040995716665983,robocape,1485.0,1620.0
1446040995751774856,77,1446040995750400066,robocape,1485.0,1380.0
1446040995785972564,78,1446040995782473087,robocape,1486.0,1620.0
1446040995820645564,79,1446040995817229986,robocape,1486.0,1620.0
1446040995854595981,80,1446040995849889993,robocape,1477.0,1380.0
1446040995882317898,81,1446040995880956888,robocape,1480.0,1620.0
1446040995920030689,82,1446040995913996934,robocape,1478.0,1620.0
1446040995950103148,83,1446040995945626020,robocape,1485.0,1380.0
1446040995984540273,84,1446040995980081081,robocape,1485.0,1620.0
1446040996012983564,85,1446040996011362075,robocape,1485.0,1380.0
1446040996045922939,86,1446040996044184923,robocape,1486.0,1620.0
1446040996079241773,87,1446040996077600002,robocape,1480.0,1380.0
1446040996129117856,88,1446040996127726078,robocape,1480.0,1620.0
1446040996163604106,89,1446040996160590887,robocape,1480.0,1620.0
1446040996201369523,90,1446040996197352886,robocape,1485.0,1380.0
1446040996226745565,91,1446040996225033998,robocape,1485.0,1620.0
1446040996266586190,92,1446040996260690927,robocape,1486.0,1620.0
1446040996299070065,93,1446040996297350883,robocape,1484.0,1380.0
1446040996331901731,94,1446040996327104091,robocape,1478.0,1380.0
1446040996362471815,95,1446040996356194019,robocape,1478.0,1380.0
1446040996393883023,96,1446040996392635107,robocape,1480.0,1380.0
1446040996444444856,97,1446040996439963102,robocape,1485.0,1380.0
1446040996481640106,98,1446040996480257034,robocape,1485.0,1620.0
1446040996510908065,99,1446040996505527019,robocape,1485.0,1620.0
1446040996541999690,100,1446040996538031101,robocape,1485.0,1380.0
1446040996576370773,101,1446040996575005054,robocape,1480.0,1620.0
1446040996604557606,102,1446040996602953910,robocape,1480.0,1620.0
1446040996660566981,103,1446040996659168958,robocape,1480.0,1620.0
1446040996691187315,104,1446040996684834003,robocape,1486.0,1380.0
1446040996719729023,105,1446040996718496084,robocape,1485.0,1380.0
1446040996770453731,106,1446040996769105911,robocape,1484.0,1380.0
1446040996803680981,107,1446040996800461053,robocape,1478.0,1620.0
1446040996840593648,108,1446040996838377952,robocape,1478.0,1620.0
1446040996884427606,109,1446040996882433891,robocape,1478.0,1620.0
1446040996917178857,110,1446040996915163040,robocape,1485.0,1380.0
1446040996949974440,111,1446040996948158025,robocape,1485.0,1620.0
1446040996983086607,112,1446040996981226921,robocape,1486.0,1380.0
1446040997017735357,113,1446040997015965938,robocape,1486.0,1620.0
1446040997070951857,114,1446040997067929983,robocape,1478.0,1620.0
1446040997097597732,115,1446040997095926046,robocape,1480.0,1380.0
1446040997131243773,116,1446040997128968954,robocape,1478.0,1620.0
1446040997164194982,117,1446040997162100076,robocape,1486.0,1620.0
1446040997198051065,118,1446040997196367979,robocape,1486.0,1380.0
1446040997229708648,119,1446040997228367090,robocape,1486.0,1620.0
1446040997271193148,120,1446040997268276929,robocape,1484.0,1380.0
1446040997295690940,121,1446040997294372081,robocape,1480.0,1380.0
1446040997327383982,122,1446040997326129913,robocape,1480.0,1380.0
1446040997365052440,123,1446040997363711118,robocape,1478.0,1620.0
1446040997444400107,124,1446040997442914962,robocape,1485.0,1620.0
1446040997481123773,125,1446040997479324102,robocape,1485.0,1380.0
1446040997512029398,126,1446040997510664939,robocape,1486.0,1620.0
1446040997547930107,127,1446040997546633005,robocape,1480.0,1620.0
1446040997577491440,128,1446040997576240062,robocape,1478.0,1380.0
1446040997611090940,129,1446040997605319023,robocape,1480.0,1380.0
1446040997639435440,130,1446040997638179063,robocape,1485.0,1620.0
1446040997680178815,131,1446040997676176071,robocape,1484.0,1380.0
1446040997709683357,132,1446040997703974008,robocape,1484.0,1620.0
1446040997759400024,133,1446040997758033990,robocape,1480.0,1620.0
1446040997791667024,134,1446040997786091089,robocape,1480.0,1620.0
1446040997828116732,135,1446040997823236942,robocape,1478.0,1380.0
1446040997857478315,136,1446040997851701021,robocape,1480.0,1620.0
1446040997888617149,137,1446040997884552955,robocape,1485.0,1620.0
1446040997926299399,138,1446040997922144889,robocape,1485.0,1620.0
1446040997971840107,139,1446040997968281030,robocape,1485.0,1620.0
1446040998006231440,140,1446040998002703905,robocape,1478.0,1380.0
1446040998040215774,141,1446040998038934946,robocape,1478.0,1380.0
1446040998075318857,142,1446040998072021007,robocape,1480.0,1620.0
1446040998099218815,143,1446040998097896099,robocape,1486.0,1380.0
1446040998138932982,144,1446040998135195016,robocape,1485.0,1620.0
1446040998165652982,145,1446040998163990020,robocape,1485.0,1380.0
1446040998199314440,146,1446040998197410106,robocape,1485.0,1620.0
1446040998231454649,147,1446040998229629039,robocape,1481.0,1380.0
1446040998271649232,148,1446040998264899015,robocape,1478.0,1380.0
1446040998302839732,149,1446040998297707080,robocape,1480.0,1620.0
1446040998346410399,150,1446040998344712972,robocape,1486.0,1620.0
1446040998378795399,151,1446040998377458095,robocape,1485.0,1620.0
1446040998433707774,152,1446040998428935050,robocape,1486.0,1380.0
1446040998461499399,153,1446040998459803104,robocape,1485.0,1380.0
1446040998494998357,154,1446040998492651939,robocape,1478.0,1380.0
1446040998527333191,155,1446040998525479078,robocape,1477.0,1380.0
1446040998560161191,156,1446040998558435916,robocape,1480.0,1380.0
1446040998594790899,157,1446040998593014001,robocape,1485.0,1620.0
1446040998625093066,158,1446040998623745918,robocape,1486.0,1620.0
1446040998660635607,159,1446040998659075975,robocape,1486.0,1620.0
1446040998693532441,160,1446040998691696882,robocape,1485.0,1380.0
1446040998727499607,161,1446040998722877979,robocape,1478.0,1620.0
1446040998763359482,162,1446040998760045051,robocape,1480.0,1620.0
1446040998792930107,163,1446040998788237094,robocape,1480.0,1380.0
1446040998826874232,164,1446040998822374105,robocape,1485.0,1380.0
1446040998855703399,165,1446040998854331016,robocape,1485.0,1380.0
1446040998907034982,166,1446040998905060052,robocape,1485.0,1620.0
1446040998957528024,167,1446040998956096887,robocape,1485.0,1620.0
1446040998987559691,168,1446040998985424041,robocape,1478.0,1380.0
1446040999043767774,169,1446040999042453050,robocape,1478.0,1620.0
1446040999071564816,170,1446040999067518949,robocape,1486.0,1380.0
1446040999103981358,171,1446040999102654933,robocape,1486.0,1620.0
1446040999171646066,172,1446040999170165061,robocape,1485.0,1620.0
1446040999266651358,173,1446040999264940977,robocape,1480.0,1620.0
1446040999299578024,174,1446040999297800064,robocape,1485.0,1380.0
1446040999332989274,175,1446040999330960035,robocape,1484.0,1620.0
1446040999365467983,176,1446040999363452911,robocape,1485.0,1620.0
1446040999418967774,177,1446040999414190053,robocape,1486.0,1620.0
1446040999447754858,178,1446040999445642948,robocape,1480.0,1380.0
1446040999504007983,179,1446040999500631093,robocape,1480.0,1380.0
1446040999545843024,180,1446040999544142007,robocape,1485.0,1380.0
1446040999599354608,181,1446040999593631982,robocape,1486.0,1620.0
1446040999645605149,182,1446040999643357038,robocape,1485.0,1380.0
1446040999696420358,183,1446040999695112943,robocape,1478.0,1620.0
1446040999728422441,184,1446040999727096080,robocape,1478.0,1380.0
1446040999767107108,185,1446040999762176990,robocape,1480.0,1620.0
1446040999814137983,186,1446040999810636043,robocape,1485.0,1380.0
1446040999858191358,187,1446040999856466054,robocape,1485.0,1620.0
1446040999911435566,188,1446040999906814098,robocape,1477.0,1620.0
1446040999958186816,189,1446040999956188917,robocape,1480.0,1380.0
1446041000012633441,190,1446041000007978916,robocape,1480.0,1620.0
1446041000057886150,191,1446041000056593894,robocape,1486.0,1380.0
1446041000104627400,192,1446041000102967977,robocape,1485.0,1380.0
1446041000137724525,193,1446041000135924100,robocape,1485.0,1380.0
1446041000170703233,194,1446041000168842077,robocape,1478.0,1380.0
1446041000202943775,195,1446041000201433897,robocape,1480.0,1380.0
1446041000236461608,196,1446041000235091924,robocape,1480.0,1380.0
1446041000277757816,197,1446041000273763895,robocape,1486.0,1620.0
1446041000305381400,198,1446041000300656080,robocape,1484.0,1620.0
1446041000353964983,199,1446041000352585077,robocape,1486.0,1380.0
1446041000449142733,200,1446041000447695016,robocape,1478.0,1380.0
1446041000485846608,201,1446041000482506036,robocape,1477.0,1620.0
1446041000514681275,202,1446041000513411998,robocape,1484.0,1380.0
1446041000554756817,203,1446041000553392887,robocape,1485.0,1380.0
1446041000588782067,204,1446041000584029912,robocape,1485.0,1380.0
1446041000617945400,205,1446041000613425016,robocape,1486.0,1380.0
1446041000663330817,206,1446041000661669015,robocape,1478.0,1620.0
1446041000696188733,207,1446041000694844007,robocape,1478.0,1620.0
1446041000731922150,208,1446041000730000019,robocape,1485.0,1620.0
1446041000765876983,209,1446041000764168977,robocape,1484.0,1620.0
1446041000811376483,210,1446041000809505939,robocape,1486.0,1620.0
1446041000844331525,211,1446041000842570066,robocape,1486.0,1380.0
1446041000877118858,212,1446041000875320911,robocape,1478.0,1620.0
1446041000912390650,213,1446041000910430908,robocape,1478.0,1380.0
1446041000964363358,214,1446041000959413051,robocape,1477.0,1380.0
1446041001009965983,215,1446041001008511066,robocape,1485.0,1620.0
1446041001061346775,216,1446041001060080051,robocape,1486.0,1620.0
1446041001123486359,217,1446041001121653079,robocape,1480.0,1380.0
1446041001156234150,218,1446041001154531002,robocape,1478.0,1380.0
1446041001189217400,219,1446041001187378883,robocape,1478.0,1380.0
1446041001221222109,220,1446041001219881057,robocape,1484.0,1620.0
1446041001268394150,221,1446041001266460895,robocape,1485.0,1380.0
1446041001293396900,222,1446041001287157058,robocape,1485.0,1380.0
1446041001337448275,223,1446041001335591077,robocape,1485.0,1620.0
1446041001371764650,224,1446041001369977951,robocape,1480.0,1620.0
1446041001406224025,225,1446041001404499053,robocape,1478.0,1620.0
1446041001437014650,226,1446041001433988094,robocape,1480.0,1620.0
1446041001474171734,227,1446041001472728013,robocape,1486.0,1620.0
1446041001507842900,228,1446041001506477117,robocape,1486.0,1380.0
1446041001551949567,229,1446041001549427032,robocape,1486.0,1620.0
1446041001584977900,230,1446041001582371950,robocape,1480.0,1380.0
1446041001615633567,231,1446041001614273071,robocape,1480.0,1620.0
1446041001653020067,232,1446041001651314973,robocape,1478.0,1620.0
1446041001687288900,233,1446041001685570001,robocape,890.0,1620.0
1446041001717936275,234,1446041001713342905,robocape,478.0,9011.0
1446041001754526025,235,1446041001752732038,robocape,1484.0,1380.0
1446041001788567359,236,1446041001787219047,robocape,1485.0,1380.0
1446041001817665817,237,1446041001812216997,robocape,1484.0,1620.0
1446041001864004526,238,1446041001861351013,robocape,1480.0,1380.0
1446041001896184901,239,1446041001894414901,robocape,1480.0,1380.0
1446041001930385234,240,1446041001928654909,robocape,1486.0,1380.0
1446041001963080192,241,1446041001961349010,robocape,1486.0,1620.0
1446041001999185442,242,1446041001997896909,robocape,1486.0,1380.0
1446041002033223067,243,1446041002031860113,robocape,1486.0,1620.0
1446041002063157317,244,1446041002058465003,robocape,1477.0,1620.0
1446041002093746734,245,1446041002092376947,robocape,1478.0,1380.0
1446041002130551859,246,1446041002124538898,robocape,1478.0,1620.0
1446041002164411567,247,1446041002160059928,robocape,1480.0,1380.0
1446041002191602151,248,1446041002189713954,robocape,480.0,9021.0
1446041002224882942,249,1446041002223201036,robocape,1484.0,1380.0
1446041002267038651,250,1446041002264106035,robocape,1485.0,1620.0
1446041002294847942,251,1446041002291520118,robocape,1485.0,1380.0
1446041002325465817,252,1446041002324187994,robocape,1478.0,1380.0
1446041002360105692,253,1446041002355262041,robocape,1480.0,1620.0
1446041002388497276,254,1446041002387161016,robocape,1478.0,1620.0
1446041002425715234,255,1446041002424386978,robocape,1486.0,1380.0
1446041002477017692,256,1446041002473546028,robocape,1485.0,1380.0
1446041002507897734,257,1446041002503149986,robocape,1486.0,1380.0
1446041002537468859,258,1446041002536082983,robocape,1477.0,1380.0
1446041002572365193,259,1446041002567898988,robocape,1480.0,1380.0
1446041002619557901,260,1446041002618187904,robocape,1478.0,1380.0
1446041002653619234,261,1446041002652178049,robocape,1484.0,1620.0
1446041002688001026,262,1446041002686412096,robocape,1485.0,1620.0
1446041002722979318,263,1446041002719280004,robocape,1486.0,1620.0
1446041002751272193,264,1446041002749989986,robocape,1485.0,1620.0
1446041002790873526,265,1446041002785964012,robocape,1477.0,1620.0
1446041002820176818,266,1446041002815407037,robocape,1480.0,1380.0
1446041002852877568,267,1446041002851576089,robocape,1480.0,1380.0
1446041002881882068,268,1446041002879857063,robocape,1485.0,1380.0
1446041002914608693,269,1446041002912862062,robocape,1485.0,1380.0
1446041002947574901,270,1446041002945849895,robocape,1485.0,1620.0
1446041002981786651,271,1446041002980484008,robocape,1485.0,1620.0
1446041003018372984,272,1446041003016592979,robocape,1481.0,1380.0
1446041003051894943,273,1446041003048196077,robocape,1480.0,1380.0
1446041003085557568,274,1446041003079729080,robocape,484.0,9011.0
1446041003113733151,275,1446041003109709024,robocape,1480.0,1620.0
1446041003162551151,276,1446041003160708904,robocape,1485.0,1620.0
1446041003195839818,277,1446041003192503929,robocape,1484.0,1380.0
1446041003248506860,278,1446041003247159957,robocape,1485.0,1380.0
1446041003277735818,279,1446041003276154041,robocape,1477.0,1620.0
1446041003311414860,280,1446041003310071945,robocape,1480.0,1620.0
1446041003343810860,281,1446041003339875936,robocape,1480.0,1620.0
1446041003379714693,282,1446041003375066041,robocape,1485.0,1620.0
1446041003410195193,283,1446041003408833026,robocape,1486.0,1380.0
1446041003457144193,284,1446041003455118894,robocape,1486.0,1620.0
1446041003490221985,285,1446041003488156080,robocape,1481.0,1620.0
1446041003523713443,286,1446041003521914958,robocape,1480.0,1620.0
1446041003556006193,287,1446041003554723024,robocape,1480.0,1620.0
1446041003592430026,288,1446041003590919017,robocape,1480.0,1620.0
1446041003637432276,289,1446041003635724067,robocape,1486.0,1620.0
1446041003670643276,290,1446041003668705940,robocape,1486.0,1380.0
1446041003704744193,291,1446041003702755928,robocape,1485.0,1380.0
1446041003755750235,292,1446041003750966072,robocape,478.0,9061.0
1446041003791458151,293,1446041003784235000,robocape,1480.0,1380.0
1446041003818170026,294,1446041003816484928,robocape,1478.0,1620.0
1446041003851420860,295,1446041003849438905,robocape,1485.0,1380.0
1446041003884440860,296,1446041003882329940,robocape,1485.0,1380.0
1446041003918902735,297,1446041003917170047,robocape,1486.0,1380.0
1446041003950607318,298,1446041003949204921,robocape,1486.0,1380.0
1446041003988920943,299,1446041003986896991,robocape,1480.0,1620.0
1446041004019430652,300,1446041004018038988,robocape,1478.0,1620.0
1446041004055703860,301,1446041004054403066,robocape,1478.0,1620.0
1446041004085670402,302,1446041004083935022,robocape,1486.0,1380.0
1446041004131299610,303,1446041004129575014,robocape,1485.0,1380.0
1446041004162657652,304,1446041004161292076,robocape,1485.0,1380.0
1446041004198957443,305,1446041004197532892,robocape,1486.0,1620.0
1446041004252756902,306,1446041004249180078,robocape,1480.0,1380.0
1446041004279319568,307,1446041004277955055,robocape,1478.0,1380.0
1446041004310902402,308,1446041004309535026,robocape,1478.0,1620.0
1446041004347586402,309,1446041004345567941,robocape,1486.0,1620.0
1446041004377735402,310,1446041004376442909,robocape,1484.0,1380.0
1446041004414752443,311,1446041004413379907,robocape,1486.0,1620.0
1446041004449647110,312,1446041004447956085,robocape,1486.0,1620.0
1446041004483868193,313,1446041004482494115,robocape,1480.0,1380.0
1446041004508526902,314,1446041004507245063,robocape,1480.0,1620.0
1446041004543650110,315,1446041004539402961,robocape,1480.0,1380.0
1446041004574033818,316,1446041004572360038,robocape,1486.0,1620.0
1446041004607175360,317,1446041004605446100,robocape,1485.0,1620.0
1446041004640135194,318,1446041004638132095,robocape,1484.0,1620.0
1446041004672741902,319,1446041004670995950,robocape,1485.0,1620.0
1446041004707995610,320,1446041004706026077,robocape,1478.0,1380.0
1446041004738202819,321,1446041004736742019,robocape,1480.0,1620.0
1446041004773991610,322,1446041004769614934,robocape,1485.0,1620.0
1446041004810718402,323,1446041004809326887,robocape,1485.0,1380.0
1446041004843264985,324,1446041004840534925,robocape,1485.0,1380.0
1446041004869154485,325,1446041004867813110,robocape,1485.0,1380.0
1446041004908943444,326,1446041004904006004,robocape,1485.0,1620.0
1446041004939701194,327,1446041004935707092,robocape,1480.0,1380.0
1446041004985278110,328,1446041004982980012,robocape,1478.0,1380.0
1446041005021955277,329,1446041005020529031,robocape,1478.0,1620.0
1446041005055693110,330,1446041005051760911,robocape,1485.0,1380.0
1446041005084596277,331,1446041005083235025,robocape,1486.0,1620.0
1446041005124875777,332,1446041005121551036,robocape,1484.0,1620.0
1446041005153386277,333,1446041005147341966,robocape,1485.0,1620.0
1446041005186737735,334,1446041005182678937,robocape,1480.0,1380.0
1446041005234492860,335,1446041005231178998,robocape,1481.0,1620.0
1446041005266797777,336,1446041005262480020,robocape,1480.0,1380.0
1446041005302574277,337,1446041005301229953,robocape,1485.0,1620.0
1446041005329903902,338,1446041005328221082,robocape,1486.0,1620.0
1446041005362855777,339,1446041005361118078,robocape,1484.0,1380.0
1446041005396775611,340,1446041005393996000,robocape,1484.0,1380.0
1446041005428758444,341,1446041005427061080,robocape,1477.0,1620.0
1446041005461597819,342,1446041005459541082,robocape,1478.0,1380.0
1446041005497713861,343,1446041005493671894,robocape,1477.0,1620.0
1446041005532970111,344,1446041005531619071,robocape,1485.0,1380.0
1446041005562645319,345,1446041005561266899,robocape,1486.0,1380.0
1446041005602418319,346,1446041005598819971,robocape,1484.0,1380.0
1446041005628402027,347,1446041005624269008,robocape,1484.0,1620.0
1446041005663829069,348,1446041005662473917,robocape,1478.0,1620.0
1446041005691617069,349,1446041005689774036,robocape,1480.0,1620.0
1446041005724654902,350,1446041005722600936,robocape,1480.0,1620.0
1446041005758513069,351,1446041005755876064,robocape,1485.0,1380.0
1446041005789546777,352,1446041005788125991,robocape,1485.0,1380.0
1446041005824779319,353,1446041005823383092,robocape,1486.0,1380.0
1446041005857264694,354,1446041005855885982,robocape,1486.0,1620.0
1446041005892065027,355,1446041005888622045,robocape,1477.0,1380.0
1446041005927626194,356,1446041005922686100,robocape,1480.0,1620.0
1446041005961341694,357,1446041005957740068,robocape,1477.0,1620.0
1446041005992659861,358,1446041005986392974,robocape,1478.0,1380.0
1446041006024694194,359,1446041006023442029,robocape,1484.0,1380.0
1446041006053444569,360,1446041006051656961,robocape,890.0,1620.0
1446041006087397486,361,1446041006084512948,robocape,1484.0,1620.0
1446041006120936986,362,1446041006119507074,robocape,1485.0,1380.0
1446041006153941236,363,1446041006152571916,robocape,1478.0,1620.0
1446041006189908653,364,1446041006188519954,robocape,1480.0,1380.0
1446041006219787986,365,1446041006215475082,robocape,486.0,9011.0
1446041006268614611,366,1446041006264638900,robocape,1485.0,1620.0
1446041006298965361,367,1446041006297616958,robocape,1485.0,1620.0
1446041006339817528,368,1446041006337418079,robocape,1485.0,1620.0
1446041006369461569,369,1446041006368084907,robocape,1478.0,1620.0
1446041006402916278,370,1446041006399281024,robocape,1478.0,1620.0
1446041006430824361,371,1446041006429208040,robocape,1480.0,1620.0
1446041006464120819,372,1446041006462006092,robocape,1485.0,1380.0
1446041006496690903,373,1446041006494932889,robocape,1485.0,1380.0
1446041006529788403,374,1446041006527818918,robocape,1485.0,1620.0
1446041006564670528,375,1446041006562860012,robocape,1485.0,1620.0
1446041006596989278,376,1446041006595649957,robocape,1486.0,1620.0
1446041006630900611,377,1446041006629559993,robocape,1480.0,1380.0
1446041006664740194,378,1446041006661314010,robocape,1480.0,1380.0
1446041006699499361,379,1446041006694488048,robocape,1480.0,1380.0
1446041006734307736,380,1446041006729402065,robocape,1486.0,1380.0
1446041006761911653,381,1446041006759115934,robocape,1486.0,1620.0
1446041006798461070,382,1446041006793869972,robocape,1485.0,1620.0
1446041006825207611,383,1446041006823442935,robocape,1486.0,1620.0
1446041006858126403,384,1446041006856345891,robocape,1477.0,1620.0
1446041006891448236,385,1446041006889338970,robocape,1478.0,1380.0
1446041006926022861,386,1446041006924093961,robocape,1478.0,1620.0
1446041006957972945,387,1446041006956695079,robocape,1486.0,1620.0
1446041006992294945,388,1446041006988034963,robocape,1486.0,1380.0
1446041007028165403,389,1446041007024959087,robocape,1486.0,1380.0
1446041007061800695,390,1446041007057173013,robocape,1485.0,1620.0
1446041007097229820,391,1446041007092209100,robocape,1478.0,1620.0
1446041007126749903,392,1446041007120599985,robocape,1480.0,1380.0
1446041007155199236,393,1446041007153950929,robocape,1480.0,1380.0
1446041007191503820,394,1446041007190121889,robocape,1486.0,1620.0
1446041007219885778,395,1446041007217838048,robocape,1485.0,1380.0
1446041007252578111,396,1446041007250869989,robocape,1486.0,1620.0
1446041007290350653,397,1446041007289057016,robocape,1484.0,1620.0
1446041007324352236,398,1446041007319576978,robocape,1478.0,1620.0
1446041007358229361,399,1446041007355015039,robocape,1478.0,1620.0
1446041007384883486,400,1446041007383462905,robocape,1480.0,1620.0
1446041007419231362,401,1446041007415049076,robocape,1478.0,1620.0
1446041007454528362,402,1446041007453200101,robocape,1485.0,1620.0
1446041007483048612,403,1446041007481019973,robocape,1485.0,1620.0
1446041007515660487,404,1446041007513957023,robocape,1485.0,1380.0
1446041007548411445,405,1446041007546689987,robocape,1485.0,1380.0
1446041007581134987,406,1446041007579798936,robocape,1480.0,1620.0
1446041007616283320,407,1446041007614139080,robocape,1480.0,1380.0
1446041007649872778,408,1446041007646548986,robocape,1480.0,1380.0
1446041007684056987,409,1446041007682605028,robocape,1486.0,1380.0
1446041007717951862,410,1446041007714492082,robocape,1486.0,1380.0
1446041007753722820,411,1446041007750279903,robocape,1488.0,1380.0
1446041007782721195,412,1446041007777699947,robocape,1486.0,1380.0
1446041007816985570,413,1446041007811739921,robocape,1478.0,1620.0
1446041007848943028,414,1446041007844748020,robocape,1478.0,1620.0
1446041007881276070,415,1446041007879939079,robocape,1480.0,1620.0
1446041007910119737,416,1446041007908380031,robocape,1485.0,1380.0
1446041007943375987,417,1446041007940922975,robocape,1485.0,1620.0
1446041007976229487,418,1446041007974235057,robocape,1485.0,1380.0
1446041008010521070,419,1446041008008795976,robocape,1486.0,1380.0
1446041008044786445,420,1446041008043024063,robocape,1480.0,1380.0
1446041008075715320,421,1446041008072387933,robocape,1480.0,1380.0
1446041008112000570,422,1446041008110630035,robocape,1480.0,1620.0
1446041008147077154,423,1446041008145493030,robocape,1478.0,1620.0
1446041008178739154,424,1446041008174107074,robocape,1485.0,1380.0
1446041008207412445,425,1446041008206023931,robocape,1485.0,1620.0
1446041008240129112,426,1446041008238805055,robocape,1485.0,1380.0
1446041008272076862,427,1446041008270386934,robocape,1486.0,1380.0
1446041008304298570,428,1446041008302576065,robocape,1480.0,1620.0
1446041008336412237,429,1446041008335061073,robocape,1480.0,1380.0
1446041008371439904,430,1446041008369497060,robocape,1480.0,1380.0
1446041008405956737,431,1446041008404583930,robocape,1485.0,1620.0
1446041008441719362,432,1446041008440141916,robocape,1486.0,1620.0
1446041008474975820,433,1446041008469860076,robocape,1485.0,1620.0
1446041008505611612,434,1446041008500883102,robocape,1485.0,1380.0
1446041008534200695,435,1446041008532955884,robocape,1480.0,1380.0
1446041008573574570,436,1446041008568909883,robocape,1480.0,1620.0
1446041008600092404,437,1446041008598239898,robocape,1478.0,1620.0
1446041008632791070,438,1446041008631059885,robocape,1484.0,1380.0
1446041008665950154,439,1446041008664252042,robocape,1486.0,1620.0
1446041008698022612,440,1446041008696604967,robocape,1486.0,1620.0
1446041008733893737,441,1446041008732479095,robocape,1486.0,1620.0
1446041008767672654,442,1446041008763947963,robocape,1478.0,1380.0
1446041008802465279,443,1446041008798506975,robocape,1478.0,1620.0
1446041008837691904,444,1446041008836322069,robocape,1477.0,1620.0
1446041008866901946,445,1446041008865468978,robocape,1485.0,1620.0
1446041008900342571,446,1446041008894052982,robocape,1485.0,1620.0
1446041008933106321,447,1446041008931782007,robocape,1486.0,1620.0
1446041008966534112,448,1446041008965176105,robocape,1486.0,1380.0
1446041008994875321,449,1446041008993119955,robocape,1480.0,1620.0
1446041009027577904,450,1446041009025746107,robocape,1480.0,1380.0
1446041009060157112,451,1446041009058394908,robocape,1477.0,1620.0
1446041009094361571,452,1446041009091242074,robocape,1480.0,1380.0
1446041009129667946,453,1446041009128366947,robocape,1485.0,1620.0
1446041009162291987,454,1446041009158992052,robocape,1486.0,1380.0
1446041009197680029,455,1446041009194372892,robocape,1486.0,1380.0
1446041009232223279,456,1446041009227279901,robocape,1485.0,1380.0
1446041009266734529,457,1446041009260260105,robocape,1480.0,1620.0
1446041009290841529,458,1446041009288846015,robocape,1480.0,1380.0
1446041009323792112,459,1446041009321629047,robocape,1478.0,1380.0
1446041009356126862,460,1446041009354413032,robocape,1485.0,1380.0
1446041009389512154,461,1446041009387768983,robocape,1485.0,1380.0
1446041009420741279,462,1446041009419431924,robocape,1484.0,1380.0
1446041009455399696,463,1446041009453728914,robocape,1484.0,1380.0
1446041009488996029,464,1446041009487210035,robocape,1480.0,1620.0
1446041009523887446,465,1446041009519202947,robocape,1478.0,1380.0
1446041009560289779,466,1446041009558917045,robocape,1480.0,1620.0
1446041009588143696,467,1446041009586756944,robocape,1485.0,1380.0
1446041009621316904,468,1446041009617275953,robocape,1485.0,1620.0
1446041009655429029,469,1446041009654170036,robocape,1486.0,1380.0
1446041009689810113,470,1446041009682645082,robocape,1485.0,1380.0
1446041009723700488,471,1446041009715682983,robocape,1480.0,1380.0
1446041009750479154,472,1446041009748433113,robocape,1478.0,1380.0
1446041009783107113,473,1446041009781407117,robocape,1478.0,1620.0
1446041009816309696,474,1446041009814361095,robocape,1478.0,1380.0
1446041009849165154,475,1446041009847018957,robocape,1485.0,1380.0
1446041009883744696,476,1446041009881917953,robocape,1485.0,1380.0
1446041009918324779,477,1446041009916634082,robocape,1485.0,1380.0
1446041009949910946,478,1446041009948400974,robocape,1485.0,1380.0
1446041009983225238,479,1446041009981940031,robocape,1480.0,1620.0
1446041010018995529,480,1446041010014192104,robocape,1478.0,1380.0
1446041010054656654,481,1446041010051280975,robocape,1480.0,1380.0
1446041010079969863,482,1446041010078398942,robocape,1485.0,1620.0
1446041010113277988,483,1446041010111948966,robocape,1485.0,1380.0
1446041010144491113,484,1446041010142724990,robocape,1485.0,1620.0
1446041010178414154,485,1446041010175822019,robocape,1480.0,1380.0
1446041010210613030,486,1446041010208719015,robocape,1478.0,1380.0
1446041010243034738,487,1446041010241334915,robocape,1480.0,1380.0
1446041010279747530,488,1446041010278345108,robocape,1480.0,1620.0
1446041010312583946,489,1446041010311116933,robocape,1485.0,1380.0
1446041010346160863,490,1446041010340255022,robocape,1484.0,1620.0
1446041010391523696,491,1446041010389424085,robocape,1484.0,1620.0
1446041010424628155,492,1446041010422760963,robocape,1484.0,1380.0
1446041010459059321,493,1446041010457701921,robocape,1478.0,1380.0
1446041010494580196,494,1446041010493134021,robocape,1478.0,1380.0
1446041010525164905,495,1446041010523797035,robocape,1480.0,1620.0
1446041010556949113,496,1446041010555557966,robocape,1484.0,1380.0
1446041010589989530,497,1446041010586332082,robocape,1484.0,1620.0
1446041010623684446,498,1446041010619888067,robocape,1485.0,1380.0
1446041010658757113,499,1446041010657412052,robocape,1485.0,1380.0
1446041010686635405,500,1446041010685002088,robocape,1477.0,1620.0
1446041010741168196,501,1446041010735271930,robocape,1480.0,1620.0
1446041010773075405,502,1446041010766936063,robocape,1480.0,1620.0
1446041010819037863,503,1446041010816881895,robocape,1485.0,1380.0
1446041010854259363,504,1446041010852268934,robocape,1485.0,1620.0
1446041010885191488,505,1446041010882379055,robocape,1485.0,1380.0
1446041010920412780,506,1446041010919060945,robocape,1480.0,1380.0
1446041010955293863,507,1446041010953924894,robocape,1477.0,1380.0
1446041010989532780,508,1446041010988192081,robocape,1480.0,1620.0
1446041011025183072,509,1446041011020339965,robocape,1480.0,1620.0
1446041011049424197,510,1446041011048084020,robocape,1486.0,1620.0
1446041011086521363,511,1446041011085093975,robocape,1485.0,1380.0
1446041011114113905,512,1446041011112394094,robocape,1484.0,1620.0
1446041011146850863,513,1446041011145113945,robocape,1480.0,1380.0
1446041011180162572,514,1446041011178117990,robocape,1480.0,1380.0
1446041011212780822,515,1446041011210838079,robocape,1480.0,1620.0
1446041011246595322,516,1446041011245229005,robocape,1480.0,1380.0
1446041011283895113,517,1446041011278007030,robocape,1484.0,1620.0
1446041011313387280,518,1446041011309225082,robocape,1485.0,1620.0
1446041011347541280,519,1446041011346204996,robocape,1485.0,1380.0
1446041011382071238,520,1446041011380661010,robocape,1478.0,1620.0
1446041011410262155,521,1446041011408322095,robocape,1477.0,1380.0
1446041011442543447,522,1446041011440867900,robocape,485.0,9011.0
1446041011475831197,523,1446041011473797082,robocape,1480.0,1620.0
1446041011509730030,524,1446041011507414102,robocape,1485.0,1620.0
1446041011543924613,525,1446041011540302038,robocape,1485.0,1380.0
1446041011580966155,526,1446041011578363895,robocape,1485.0,1641.0
1446041011613556822,527,1446041011610260009,robocape,1480.0,1745.0
1446041011644062155,528,1446041011642699003,robocape,1480.0,1817.0
1446041011673870905,529,1446041011672504901,robocape,1485.0,1816.0
1446041011707919155,530,1446041011704159975,robocape,1485.0,1814.0
1446041011744169947,531,1446041011737257003,robocape,1486.0,1812.0
1446041011771446864,532,1446041011769787073,robocape,1485.0,1808.0
1446041011804612364,533,1446041011802710056,robocape,1478.0,1772.0
1446041011838073905,534,1446041011836111068,robocape,1478.0,1770.0
1446041011869567655,535,1446041011868062019,robocape,1478.0,1775.0
1446041011904781655,536,1446041011903228998,robocape,1480.0,1776.0
1446041011938402072,537,1446041011934609889,robocape,1484.0,1770.0
1446041011973059697,538,1446041011969604015,robocape,1486.0,1770.0
1446041012008511739,539,1446041012004698991,robocape,1485.0,1768.0
1446041012036833322,540,1446041012035413026,robocape,1486.0,1761.0
1446041012067598572,541,1446041012066292047,robocape,1478.0,1754.0
1446041012103493572,542,1446041012102154016,robocape,1480.0,1755.0
1446041012140484322,543,1446041012137307882,robocape,1480.0,1747.0
1446041012165836614,544,1446041012164140939,robocape,1486.0,1721.0
1446041012198973989,545,1446041012197210073,robocape,1486.0,1699.0
1446041012233226280,546,1446041012231376886,robocape,1485.0,1673.0
1446041012271995864,547,1446041012267579078,robocape,1485.0,1656.0
1446041012297871072,548,1446041012296524047,robocape,1485.0,1645.0
1446041012332724864,549,1446041012328362941,robocape,1478.0,1650.0
1446041012367803822,550,1446041012366466999,robocape,1478.0,1650.0
1446041012396177239,551,1446041012394453048,robocape,1480.0,1648.0
1446041012428777406,552,1446041012427089929,robocape,1486.0,1640.0
1446041012463813822,553,1446041012461838006,robocape,1486.0,1640.0
1446041012499371239,554,1446041012497208118,robocape,1486.0,1640.0
1446041012533461489,555,1446041012529552936,robocape,1485.0,1640.0
1446041012564802072,556,1446041012558458089,robocape,1480.0,1639.0
1446041012596649781,557,1446041012595397949,robocape,1480.0,1646.0
1446041012645271531,558,1446041012642823934,robocape,1478.0,1646.0
1446041012691567739,559,1446041012689872980,robocape,1486.0,1639.0
1446041012724610197,560,1446041012722724914,robocape,1485.0,1640.0
1446041012758722281,561,1446041012756768941,robocape,1485.0,1641.0
1446041012791568406,562,1446041012789227008,robocape,1480.0,1640.0
1446041012826181572,563,1446041012824776887,robocape,1481.0,1645.0
1446041012859156197,564,1446041012857722043,robocape,1481.0,1646.0
1446041012890964447,565,1446041012889472007,robocape,1480.0,1646.0
1446041012928355031,566,1446041012926565885,robocape,1486.0,1633.0
1446041012960947739,567,1446041012957652091,robocape,1488.0,1629.0
1446041012988697031,568,1446041012987132072,robocape,1489.0,1380.0
1446041013022354656,569,1446041013018287897,robocape,1494.0,1620.0
1446041013056606156,570,1446041013052548885,robocape,1489.0,1620.0
1446041013092364614,571,1446041013089339017,robocape,1501.0,1380.0
1446041013128251739,572,1446041013120193958,robocape,1537.0,1380.0
1446041013152411781,573,1446041013150394916,robocape,1620.0,1620.0
1446041013185487489,574,1446041013183646917,robocape,1793.0,1620.0
1446041013226941448,575,1446041013219048976,robocape,1800.0,1380.0
1446041013266128906,576,1446041013254215955,robocape,1800.0,1380.0
1446041013320166031,577,1446041013286649942,robocape,1800.0,1380.0
1446041013320477781,578,1446041013318902969,robocape,1800.0,1620.0
1446041013354303989,579,1446041013353108882,robocape,1800.0,1620.0
1446041013381809823,580,1446041013380171060,robocape,1800.0,1620.0
1446041013434160073,581,1446041013432882070,robocape,1800.0,1620.0
1446041013468581573,582,1446041013462445020,robocape,1800.0,1620.0
1446041013498992864,583,1446041013495222091,robocape,1800.0,1620.0
1446041013535453364,584,1446041013528214931,robocape,1800.0,1620.0
1446041013563029448,585,1446041013560995101,robocape,1800.0,1620.0
1446041013595696864,586,1446041013594027996,robocape,1800.0,1380.0
1446041013628752239,587,1446041013626971960,robocape,1800.0,1620.0
1446041013661468114,588,1446041013660114049,robocape,1800.0,1620.0
1446041013698224073,589,1446041013696129083,robocape,1800.0,1380.0
1446041013728762448,590,1446041013725330114,robocape,1800.0,1380.0
1446041013763859948,591,1446041013760550022,robocape,1618.0,1380.0
1446041013798005615,592,1446041013790287017,robocape,1558.0,1380.0
1446041013828285906,593,1446041013823353052,robocape,1478.0,1380.0
1446041013857310823,594,1446041013855992078,robocape,1477.0,1380.0
1446041013910159656,595,1446041013908410072,robocape,1482.0,1620.0
1446041013943838240,596,1446041013941858053,robocape,1484.0,1380.0
1446041013975566698,597,1446041013974297046,robocape,1484.0,1620.0
1446041014005371156,598,1446041014004028081,robocape,1484.0,1620.0
1446041014043147531,599,1446041014037236928,robocape,1477.0,1620.0
1446041014076227573,600,1446041014071031093,robocape,1478.0,1380.0
1446041014105267198,601,1446041014103928089,robocape,1477.0,1217.0
1446041014141922281,602,1446041014140604972,robocape,1478.0,1149.0
1446041014191942365,603,1446041014190587997,robocape,1478.0,1149.0
1446041014225645448,604,1446041014220722913,robocape,1484.0,1142.0
1446041014262216323,605,1446041014252587080,robocape,1485.0,1148.0
1446041014284963490,606,1446041014283301115,robocape,1485.0,1148.0
1446041014317938490,607,1446041014316195964,robocape,1485.0,1148.0
1446041014350774448,608,1446041014349080085,robocape,1478.0,1149.0
1446041014385187323,609,1446041014383150100,robocape,1478.0,1150.0
1446041014420410032,610,1446041014418606996,robocape,1478.0,1179.0
1446041014451911782,611,1446041014450524091,robocape,1485.0,1204.0
1446041014486258323,612,1446041014484782934,robocape,1485.0,1341.0
1446041014522277740,613,1446041014519999980,robocape,1477.0,1620.0
1446041014551894073,614,1446041014550633907,robocape,1478.0,1380.0
1446041014581940740,615,1446041014580566883,robocape,1477.0,1620.0
1446041014616265073,616,1446041014613202095,robocape,1484.0,1620.0
1446041014651012407,617,1446041014649648904,robocape,1485.0,1380.0
1446041014679588990,618,1446041014677925109,robocape,1486.0,1380.0
1446041014778285948,619,1446041014776536941,robocape,1477.0,1620.0
1446041014812089365,620,1446041014810353040,robocape,1480.0,1620.0
1446041014847715698,621,1446041014845779895,robocape,1485.0,1620.0
1446041014879293073,622,1446041014877893924,robocape,1486.0,1620.0
1446041014909464032,623,1446041014908189058,robocape,1485.0,1380.0
1446041014949675615,624,1446041014948301076,robocape,1485.0,1380.0
1446041014982913657,625,1446041014978228092,robocape,1478.0,1620.0
1446041015012393448,626,1446041015006629943,robocape,1478.0,1620.0
1446041015060113032,627,1446041015058384895,robocape,1477.0,1620.0
1446041015094247782,628,1446041015092245101,robocape,1484.0,1620.0
1446041015125062490,629,1446041015123651981,robocape,1485.0,1620.0
1446041015159278657,630,1446041015154414892,robocape,1484.0,1380.0
1446041015193130407,631,1446041015191767930,robocape,1486.0,1380.0
1446041015229078782,632,1446041015225719928,robocape,1477.0,1620.0
1446041015272534782,633,1446041015266480922,robocape,1480.0,1620.0
1446041015287615365,634,1446041015285919904,robocape,1478.0,1620.0
1446041015320930407,635,1446041015318908929,robocape,1485.0,1620.0
1446041015372540199,636,1446041015368143081,robocape,1484.0,1380.0
1446041015422493740,637,1446041015420768976,robocape,1484.0,1380.0
1446041015454723740,638,1446041015453130960,robocape,1478.0,1380.0
1446041015488260365,639,1446041015486871957,robocape,1480.0,1620.0
1446041015521737865,640,1446041015518290042,robocape,1478.0,1620.0
1446041015566928115,641,1446041015565220117,robocape,1485.0,1620.0
1446041015599996490,642,1446041015598213911,robocape,1485.0,1620.0
1446041015631961824,643,1446041015630677938,robocape,1486.0,1380.0
1446041015667066740,644,1446041015665532112,robocape,1485.0,1380.0
1446041015700836032,645,1446041015699489116,robocape,1478.0,1620.0
1446041015735456574,646,1446041015732140064,robocape,1478.0,1620.0
1446041015771475824,647,1446041015770121097,robocape,1478.0,1380.0
1446041015800980657,648,1446041015799632072,robocape,1482.0,1620.0
1446041015830920657,649,1446041015828037977,robocape,1485.0,1620.0
1446041015866680241,650,1446041015865345954,robocape,1484.0,1380.0
1446041015897975699,651,1446041015894119977,robocape,1485.0,1380.0
1446041015928482949,652,1446041015926769018,robocape,1478.0,1620.0
1446041015961701782,653,1446041015959644079,robocape,1480.0,1620.0
1446041015994492491,654,1446041015992527961,robocape,1478.0,1620.0
1446041016028180074,655,1446041016026412010,robocape,1478.0,1620.0
1446041016062901366,656,1446041016061100959,robocape,1486.0,1620.0
1446041016114805491,657,1446041016113467931,robocape,1485.0,1380.0
1446041016142465032,658,1446041016140499114,robocape,1485.0,1620.0
1446041016175335157,659,1446041016173191070,robocape,1480.0,1620.0
1446041016226511616,660,1446041016222652912,robocape,1478.0,1620.0
1446041016268533991,661,1446041016262187004,robocape,1480.0,1620.0
1446041016290250616,662,1446041016288279056,robocape,1485.0,1620.0
1446041016323855616,663,1446041016322418928,robocape,1485.0,1380.0
1446041016358030991,664,1446041016356672048,robocape,1485.0,1380.0
1446041016392531866,665,1446041016389070987,robocape,1485.0,1380.0
1446041016428020907,666,1446041016426656961,robocape,1478.0,1620.0
1446041016470927407,667,1446041016469222068,robocape,1478.0,1380.0
1446041016503750908,668,1446041016502039909,robocape,1480.0,1620.0
1446041016535853074,669,1446041016534507036,robocape,1485.0,1380.0
1446041016570702783,670,1446041016569279909,robocape,1485.0,1380.0
1446041016607063158,671,1446041016605360984,robocape,1484.0,1380.0
1446041016639276074,672,1446041016637897968,robocape,1486.0,1620.0
1446041016674614949,673,1446041016672785043,robocape,1478.0,1620.0
1446041016707220241,674,1446041016705848932,robocape,1480.0,1380.0
1446041016742389783,675,1446041016737350940,robocape,1480.0,1620.0
1446041016768814491,676,1446041016764746904,robocape,1486.0,1380.0
1446041016804254574,677,1446041016802889108,robocape,1484.0,1380.0
1446041016832626783,678,1446041016830593109,robocape,1486.0,1380.0
1446041016865075491,679,1446041016863385915,robocape,1485.0,1620.0
1446041016898400783,680,1446041016896356105,robocape,1480.0,1380.0
1446041016930071074,681,1446041016928709030,robocape,1477.0,1620.0
1446041016963824574,682,1446041016961807966,robocape,1480.0,1620.0
1446041016998180408,683,1446041016996815919,robocape,1478.0,1620.0
1446041017032438699,684,1446041017029087066,robocape,1486.0,1380.0
1446041017068365158,685,1446041017065062046,robocape,1485.0,1380.0
1446041017099312158,686,1446041017097965955,robocape,1485.0,1620.0
1446041017132356616,687,1446041017126265048,robocape,1481.0,1380.0
1446041017163364074,688,1446041017159281969,robocape,1480.0,1620.0
1446041017210813825,689,1446041017209423065,robocape,1480.0,1380.0
1446041017246519283,690,1446041017245151042,robocape,1486.0,1380.0
1446041017309762158,691,1446041017308466911,robocape,1485.0,1620.0
1446041017344458491,692,1446041017339889049,robocape,1486.0,1380.0
1446041017393489283,693,1446041017392091989,robocape,1478.0,1620.0
1446041017428305325,694,1446041017426722049,robocape,1480.0,1620.0
1446041017461157783,695,1446041017456376075,robocape,1478.0,1620.0
1446041017496676158,696,1446041017493004083,robocape,1486.0,1380.0
1446041017526322408,697,1446041017521703958,robocape,892.0,1380.0
1446041017556878908,698,1446041017553766965,robocape,1485.0,1380.0
1446041017590515866,699,1446041017589178085,robocape,1486.0,1620.0
1446041017626082866,700,1446041017624840021,robocape,1478.0,1620.0
1446041017654300116,701,1446041017652606964,robocape,1480.0,1380.0
1446041017686588200,702,1446041017684906005,robocape,1481.0,1380.0
1446041017719585658,703,1446041017717751979,robocape,1486.0,1620.0
1446041017753029908,704,1446041017750829935,robocape,1486.0,1380.0
1446041017787645075,705,1446041017785651922,robocape,1485.0,1620.0
1446041017819524991,706,1446041017816704034,robocape,1485.0,1620.0
1446041017856296783,707,1446041017854991912,robocape,1478.0,1380.0
1446041017890238617,708,1446041017888833045,robocape,1478.0,1620.0
1446041017924602658,709,1446041017923307895,robocape,1478.0,1620.0
1446041017953636992,710,1446041017947668075,robocape,1480.0,1620.0
1446041017999342867,711,1446041017997523069,robocape,1485.0,1620.0
1446041018032459408,712,1446041018030316114,robocape,1486.0,1620.0
1446041018065710700,713,1446041018064429044,robocape,1486.0,1380.0
1446041018100190367,714,1446041018095814943,robocape,1480.0,1380.0
1446041018136783658,715,1446041018135409116,robocape,1480.0,1620.0
1446041018170134450,716,1446041018168770074,robocape,1481.0,1620.0
1446041018203596242,717,1446041018198863983,robocape,1484.0,1380.0
1446041018233432533,718,1446041018228398084,robocape,1485.0,1620.0
1446041018271167783,719,1446041018266175985,robocape,1486.0,1380.0
1446041018294941658,720,1446041018293277978,robocape,1485.0,1380.0
1446041018327341742,721,1446041018325989961,robocape,1480.0,1380.0
1446041018381557992,722,1446041018380224943,robocape,1480.0,1620.0
1446041018414893992,723,1446041018413331031,robocape,893.0,1620.0
1446041018444168575,724,1446041018442480087,robocape,1485.0,1620.0
1446041018475428075,725,1446041018473694086,robocape,1486.0,1620.0
1446041018508298242,726,1446041018506618976,robocape,1485.0,1620.0
1446041018560123533,727,1446041018555582046,robocape,1486.0,1380.0
1446041018595022367,728,1446041018593765020,robocape,1480.0,1380.0
1446041018623275284,729,1446041018621597051,robocape,1478.0,1620.0
1446041018656596742,730,1446041018654655933,robocape,1478.0,1380.0
1446041018704832284,731,1446041018703495025,robocape,1486.0,1620.0
1446041018743388700,732,1446041018742137908,robocape,1485.0,1620.0
1446041018771091784,733,1446041018769412994,robocape,1486.0,1380.0
1446041018804161825,734,1446041018802458047,robocape,1480.0,1380.0
1446041018837200867,735,1446041018835555076,robocape,1477.0,1380.0
1446041018891815992,736,1446041018885134935,robocape,1480.0,1620.0
1446041018923534659,737,1446041018917604923,robocape,1486.0,1620.0
1446041018952336784,738,1446041018950350046,robocape,1486.0,1620.0
1446041018984812242,739,1446041018983125925,robocape,1486.0,1380.0
1446041019017882492,740,1446041019016016006,robocape,1485.0,1380.0
1446041019050921867,741,1446041019049001932,robocape,1480.0,1620.0
1446041019086063325,742,1446041019084062099,robocape,1480.0,1620.0
1446041019119017450,743,1446041019115668058,robocape,1478.0,1620.0
1446041019155112909,744,1446041019151628971,robocape,1480.0,1380.0
1446041019189723325,745,1446041019184631109,robocape,1485.0,1620.0
1446041019214077075,746,1446041019212826967,robocape,1485.0,1620.0
1446041019251602450,747,1446041019250263929,robocape,1485.0,1380.0
1446041019301224076,748,1446041019295303106,robocape,1480.0,1620.0
1446041019335241951,749,1446041019329066038,robocape,1478.0,1620.0
1446041019379431576,750,1446041019377713918,robocape,1480.0,1620.0
1446041019412158117,751,1446041019410379886,robocape,1485.0,1620.0
1446041019444131409,752,1446041019442838907,robocape,1485.0,1380.0
1446041019479275784,753,1446041019477642059,robocape,1485.0,1620.0
1446041019512145784,754,1446041019509305000,robocape,1486.0,1380.0
1446041019547760617,755,1446041019544286012,robocape,1478.0,1620.0
1446041019584012492,756,1446041019582496881,robocape,1478.0,1620.0
1446041019616761117,757,1446041019612036943,robocape,1480.0,1380.0
1446041019642771951,758,1446041019641388893,robocape,1486.0,1620.0
1446041019691596576,759,1446041019689870119,robocape,1486.0,1380.0
1446041019745264201,760,1446041019739527940,robocape,1486.0,1380.0
1446041019776697867,761,1446041019773659944,robocape,1480.0,1620.0
1446041019812276367,762,1446041019809098005,robocape,1480.0,1380.0
1446041019839453867,763,1446041019837737083,robocape,1480.0,1380.0
1446041019872355867,764,1446041019870724916,robocape,1485.0,1380.0
1446041019904335701,765,1446041019902987957,robocape,1485.0,1620.0
1446041019941623909,766,1446041019939759969,robocape,1485.0,1620.0
1446041019975510701,767,1446041019973510980,robocape,1488.0,1380.0
1446041020006533826,768,1446041020003196954,robocape,1480.0,1380.0
1446041020053530493,769,1446041020051214933,robocape,1478.0,1620.0
1446041020085853534,770,1446041020084156036,robocape,1478.0,1620.0
1446041020118986784,771,1446041020116956949,robocape,1486.0,1380.0
1446041020151848951,772,1446041020149707078,robocape,1485.0,1620.0
1446041020183784743,773,1446041020182427883,robocape,1486.0,1380.0
1446041020218414034,774,1446041020217000007,robocape,1485.0,1620.0
1446041020251649784,775,1446041020248333930,robocape,1480.0,1620.0
1446041020287199034,776,1446041020281085968,robocape,1478.0,1620.0
1446041020315945118,777,1446041020314627885,robocape,1480.0,1620.0
1446041020352734909,778,1446041020351490974,robocape,1485.0,1620.0
1446041020386762243,779,1446041020379662036,robocape,1486.0,1620.0
1446041020414736909,780,1446041020412708044,robocape,1486.0,1620.0
1446041020447190576,781,1446041020445493936,robocape,1486.0,1380.0
1446041020482736451,782,1446041020480938911,robocape,1480.0,1380.0
1446041020516286743,783,1446041020514590024,robocape,1480.0,1380.0
1446041020547764201,784,1446041020544437885,robocape,1480.0,1620.0
1446041020579243951,785,1446041020577976942,robocape,1480.0,1380.0
1446041020618649868,786,1446041020613831996,robocape,1486.0,1380.0
1446041020649687826,787,1446041020648391962,robocape,1486.0,1380.0
1446041020680597160,788,1446041020675708055,robocape,1486.0,1380.0
1446041020714047660,789,1446041020712768077,robocape,1485.0,1380.0
1446041020743024118,790,1446041020741254091,robocape,1477.0,1620.0
1446041020776220993,791,1446041020774158954,robocape,1480.0,1620.0
1446041020808521535,792,1446041020806914091,robocape,1478.0,1380.0
1446041020862610326,793,1446041020857786893,robocape,1486.0,1620.0
1446041020896235826,794,1446041020889090061,robocape,1486.0,1380.0
1446041020923770118,795,1446041020922080993,robocape,1486.0,1620.0
1446041020956980076,796,1446041020954963922,robocape,1482.0,1380.0
1446041020991031368,797,1446041020989311933,robocape,1480.0,1380.0
1446041021025662368,798,1446041021023622989,robocape,1480.0,1380.0
1446041021077127243,799,1446041021070158004,robocape,1485.0,1620.0
1446041021105340993,800,1446041021103194952,robocape,1485.0,1620.0
1446041021137803743,801,1446041021136174917,robocape,1484.0,1620.0
1446041021170809076,802,1446041021169024944,robocape,1485.0,1380.0
1446041021205667535,803,1446041021203844070,robocape,1480.0,1380.0
1446041021237494076,804,1446041021234584093,robocape,1480.0,1380.0
1446041021275307826,805,1446041021273581981,robocape,1478.0,1380.0
1446041021302765743,806,1446041021301449060,robocape,1480.0,1620.0
1446041021340070660,807,1446041021332921981,robocape,1485.0,1380.0
1446041021367845410,808,1446041021365803003,robocape,1486.0,1620.0
1446041021400461785,809,1446041021398580074,robocape,1484.0,1620.0
1446041021434046993,810,1446041021431991100,robocape,1485.0,1380.0
1446041021466430160,811,1446041021464649915,robocape,1477.0,1620.0
1446041021499108868,812,1446041021497237920,robocape,1480.0,1620.0
1446041021532028285,813,1446041021530333995,robocape,1480.0,1380.0
1446041021564876452,814,1446041021562733888,robocape,1486.0,1380.0
1446041021599773535,815,1446041021598387002,robocape,1485.0,1620.0
1446041021633621493,816,1446041021628603935,robocape,1486.0,1380.0
1446041021669732785,817,1446041021668381929,robocape,1485.0,1380.0
1446041021703592243,818,1446041021698719024,robocape,1480.0,1620.0
1446041021729924368,819,1446041021728554964,robocape,1478.0,1620.0
1446041021764288410,820,1446041021760021924,robocape,1478.0,1380.0
1446041021799561868,821,1446041021798300027,robocape,1485.0,1620.0
1446041021827579118,822,1446041021825866937,robocape,1486.0,1620.0
1446041021860639077,823,1446041021858978033,robocape,1486.0,1620.0
1446041021893176952,824,1446041021891468048,robocape,1486.0,1620.0
1446041021926229493,825,1446041021924478054,robocape,1480.0,1380.0
1446041021963144910,826,1446041021960944890,robocape,1480.0,1620.0
1446041021994491993,827,1446041021992912054,robocape,1480.0,1620.0
1446041022027615327,828,1446041022024291992,robocape,1480.0,1620.0
1446041022064064327,829,1446041022062685012,robocape,1486.0,1620.0
1446041022098018119,830,1446041022093287944,robocape,1486.0,1380.0
1446041022127422910,831,1446041022121957063,robocape,1486.0,1620.0
1446041022162053119,832,1446041022155813932,robocape,1485.0,1380.0
1446041022190384119,833,1446041022189137935,robocape,1478.0,1380.0
1446041022226844535,834,1446041022225502967,robocape,1478.0,1620.0
1446041022264359119,835,1446041022253217935,robocape,1478.0,1380.0
1446041022288877327,836,1446041022287528038,robocape,1485.0,1620.0
1446041022323664577,837,1446041022321738958,robocape,1485.0,1380.0
1446041022357435702,838,1446041022356065034,robocape,1485.0,1380.0
1446041022391247744,839,1446041022386440992,robocape,1486.0,1620.0
1446041022427103452,840,1446041022425800085,robocape,1480.0,1380.0
1446041022457649869,841,1446041022450959920,robocape,1480.0,1380.0
1446041022487414952,842,1446041022483016967,robocape,1480.0,1620.0
1446041022522505660,843,1446041022521250963,robocape,1486.0,1620.0
1446041022551046202,844,1446041022549316883,robocape,1485.0,1380.0
1446041022603896785,845,1446041022602545976,robocape,1486.0,1380.0
1446041022633658535,846,1446041022630640029,robocape,1485.0,1380.0
1446041022669851369,847,1446041022665832042,robocape,1480.0,1620.0
1446041022703542994,848,1446041022702138900,robocape,1480.0,1620.0
1446041022731867077,849,1446041022729690074,robocape,1480.0,1380.0
1446041022764291869,850,1446041022762432098,robocape,1486.0,1620.0
1446041022799439786,851,1446041022797723054,robocape,1486.0,1620.0
1446041022830802286,852,1446041022829293012,robocape,1486.0,1620.0
1446041022865472619,853,1446041022861886978,robocape,1486.0,1620.0
1446041022900640911,854,1446041022899090051,robocape,1480.0,1620.0
1446041022934141119,855,1446041022930682897,robocape,1478.0,1380.0
1446041022968863494,856,1446041022967506885,robocape,1480.0,1620.0
1446041022998242994,857,1446041022993628025,robocape,1484.0,1620.0
1446041023043908661,858,1446041023042195081,robocape,1486.0,1620.0
1446041023076597077,859,1446041023074532985,robocape,1486.0,1380.0
1446041023112608494,860,1446041023110677957,robocape,1485.0,1620.0
1446041023146096661,861,1446041023144339084,robocape,1480.0,1380.0
1446041023178148452,862,1446041023174679994,robocape,1480.0,1380.0
1446041023209101244,863,1446041023207747936,robocape,1480.0,1380.0
1446041023247875952,864,1446041023243690013,robocape,1484.0,1620.0
1446041023281610619,865,1446041023278448104,robocape,1486.0,1380.0
1446041023306327161,866,1446041023304666042,robocape,1485.0,1620.0
1446041023340273119,867,1446041023338294029,robocape,1486.0,1380.0
1446041023371980744,868,1446041023370290040,robocape,1478.0,1620.0
1446041023408343786,869,1446041023406630992,robocape,1480.0,1380.0
1446041023439276286,870,1446041023436039924,robocape,1477.0,1380.0
1446041023474709703,871,1446041023473311901,robocape,1485.0,1620.0
1446041023509720578,872,1446041023508311033,robocape,1485.0,1380.0
1446041023541649161,873,1446041023537700891,robocape,1486.0,1620.0
1446041023573348536,874,1446041023567554950,robocape,1485.0,1380.0
1446041023605524703,875,1446041023600801944,robocape,1480.0,1380.0
1446041023639921869,876,1446041023638633966,robocape,1480.0,1380.0
1446041023668008494,877,1446041023666327953,robocape,1478.0,1380.0
1446041023701058494,878,1446041023699018955,robocape,1480.0,1380.0
1446041023734853286,879,1446041023732959985,robocape,1485.0,1620.0
1446041023770190578,880,1446041023768285989,robocape,1485.0,1620.0
1446041023801239369,881,1446041023797911882,robocape,1485.0,1380.0
1446041023836455286,882,1446041023835099935,robocape,1480.0,1380.0
1446041023871383744,883,1446041023870037078,robocape,1480.0,1380.0
1446041023904726869,884,1446041023901335954,robocape,1481.0,1620.0
1446041023936325494,885,1446041023930998086,robocape,1485.0,1380.0
1446041023965760328,886,1446041023961736917,robocape,1486.0,1380.0
1446041023997763869,887,1446041023996417045,robocape,1485.0,1380.0
1446041024049021494,888,1446041024047465085,robocape,1485.0,1620.0
1446041024082498286,889,1446041024081139087,robocape,1480.0,1620.0
1446041024118686244,890,1446041024117335081,robocape,1480.0,1620.0
1446041024147075078,891,1446041024145739078,robocape,1480.0,1620.0
1446041024177099953,892,1446041024175859928,robocape,1480.0,1380.0
1446041024214665828,893,1446041024213340044,robocape,1486.0,1620.0
1446041024243221620,894,1446041024241210937,robocape,1486.0,1380.0
1446041024280085036,895,1446041024278846025,robocape,1485.0,1620.0
1446041024314943620,896,1446041024311510086,robocape,1481.0,1380.0
1446041024345168536,897,1446041024343841075,robocape,1480.0,1620.0
1446041024378521745,898,1446041024372411012,robocape,1480.0,1620.0
1446041024410024995,899,1446041024408687114,robocape,1480.0,1380.0
1446041024445055911,900,1446041024443696975,robocape,1485.0,1380.0
1446041024472938911,901,1446041024471260070,robocape,1486.0,1620.0
1446041024506017411,902,1446041024504270076,robocape,1486.0,1380.0
1446041024538027536,903,1446041024536744117,robocape,1485.0,1380.0
1446041024593201953,904,1446041024591880083,robocape,1480.0,1380.0
1446041024621383203,905,1446041024619626045,robocape,1478.0,1380.0
1446041024654525661,906,1446041024652587890,robocape,1480.0,1380.0
1446041024710611495,907,1446041024705894947,robocape,1485.0,1620.0
1446041024740294120,908,1446041024735452890,robocape,1486.0,1620.0
1446041024770415661,909,1446041024769103050,robocape,1486.0,1620.0
1446041024809034036,910,1446041024804857015,robocape,1480.0,1620.0
1446041024840023745,911,1446041024832822084,robocape,1478.0,1380.0
1446041024867746245,912,1446041024865901947,robocape,1480.0,1620.0
1446041024900509703,913,1446041024898593902,robocape,1485.0,1380.0
1446041024933459953,914,1446041024931288003,robocape,1485.0,1380.0
1446041024969477495,915,1446041024967571973,robocape,1485.0,1380.0
1446041025001303828,916,1446041025000021934,robocape,1485.0,1620.0
1446041025034855037,917,1446041025033485889,robocape,1480.0,1620.0
1446041025070402578,918,1446041025067576885,robocape,1480.0,1380.0
1446041025101543412,919,1446041025096801996,robocape,1480.0,1380.0
1446041025134790037,920,1446041025128427982,robocape,1486.0,1620.0
1446041025165548495,921,1446041025161211967,robocape,1486.0,1380.0
1446041025200114787,922,1446041025198865890,robocape,1485.0,1380.0
1446041025247821995,923,1446041025246452093,robocape,1486.0,1620.0
1446041025284737037,924,1446041025279452085,robocape,1480.0,1380.0
1446041025312284787,925,1446041025310962915,robocape,1480.0,1620.0
1446041025349141745,926,1446041025347830057,robocape,1480.0,1620.0
1446041025376976162,927,1446041025375248908,robocape,1485.0,1620.0
1446041025410277828,928,1446041025407943964,robocape,1485.0,1620.0
1446041025442499412,929,1446041025440834045,robocape,1485.0,1620.0
1446041025494725703,930,1446041025491543054,robocape,1485.0,1380.0
1446041025530032662,931,1446041025528469085,robocape,1480.0,1620.0
1446041025557716120,932,1446041025556052923,robocape,1480.0,1620.0
1446041025611226079,933,1446041025609852075,robocape,1480.0,1380.0
1446041025641021620,934,1446041025637784957,robocape,1486.0,1380.0
1446041025676144245,935,1446041025672607898,robocape,1485.0,1620.0
1446041025710391704,936,1446041025709068059,robocape,1485.0,1380.0
1446041025743777370,937,1446041025742393970,robocape,1484.0,1380.0
1446041025771322495,938,1446041025769444942,robocape,1480.0,1380.0
1446041025804003245,939,1446041025802340984,robocape,1478.0,1620.0
1446041025836868787,940,1446041025834886074,robocape,1480.0,1380.0
1446041025873519662,941,1446041025871748924,robocape,1485.0,1620.0
1446041025906688662,942,1446041025903409004,robocape,1485.0,1620.0
1446041025942322995,943,1446041025939760923,robocape,1485.0,1620.0
1446041025976011037,944,1446041025971093893,robocape,1485.0,1620.0
1446041026005522120,945,1446041025999332904,robocape,1480.0,1380.0
1446041026052631079,946,1446041026050913095,robocape,1480.0,1620.0
1446041026088771870,947,1446041026087007045,robocape,1480.0,1380.0
1446041026132743620,948,1446041026131109952,robocape,1485.0,1620.0
1446041026165744829,949,1446041026164088964,robocape,1486.0,1380.0
1446041026198531037,950,1446041026196630954,robocape,1486.0,1380.0
1446041026234967162,951,1446041026233160018,robocape,1480.0,1620.0
1446041026269178079,952,1446041026267909049,robocape,1477.0,1380.0
1446041026298508787,953,1446041026297255992,robocape,1480.0,1380.0
1446041026338523621,954,1446041026333674907,robocape,1480.0,1620.0
1446041026362801829,955,1446041026360960960,robocape,1486.0,1380.0
1446041026417055579,956,1446041026415802001,robocape,1485.0,1380.0
1446041026447793662,957,1446041026443248987,robocape,1486.0,1380.0
1446041026495573746,958,1446041026494194030,robocape,1480.0,1380.0
1446041026550928787,959,1446041026546200990,robocape,1480.0,1620.0
1446041026577600246,960,1446041026574963092,robocape,1486.0,1620.0
1446041026609227954,961,1446041026607517004,robocape,1486.0,1380.0
1446041026643665912,962,1446041026641874074,robocape,1485.0,1620.0
1446041026678109579,963,1446041026676327943,robocape,1486.0,1620.0
1446041026713008496,964,1446041026711262941,robocape,1480.0,1380.0
1446041026745195912,965,1446041026743158102,robocape,1480.0,1620.0
1446041026776682287,966,1446041026772236108,robocape,1480.0,1380.0
1446041026812640037,967,1446041026807913064,robocape,1480.0,1380.0
1446041026840096204,968,1446041026838582992,robocape,1485.0,1620.0
1446041026876904412,969,1446041026870603084,robocape,1485.0,1620.0
1446041026907515079,970,1446041026903218984,robocape,1486.0,1620.0
1446041026944617912,971,1446041026941091060,robocape,1486.0,1380.0
1446041026970679121,972,1446041026968983888,robocape,1480.0,1620.0
1446041027003908538,973,1446041027001863956,robocape,1480.0,1620.0
1446041027036469371,974,1446041027034637928,robocape,1478.0,1380.0
1446041027069481246,975,1446041027067662954,robocape,1485.0,1380.0
1446041027104187079,976,1446041027102440118,robocape,1486.0,1620.0
1446041027136073204,977,1446041027134785890,robocape,1485.0,1620.0
1446041027169789579,978,1446041027168440103,robocape,1486.0,1620.0
1446041027205343038,979,1446041027203977108,robocape,1480.0,1380.0
1446041027239312704,980,1446041027236064910,robocape,1478.0,1620.0
1446041027271933038,981,1446041027265436887,robocape,1478.0,1380.0
1446041027301622288,982,1446041027297599077,robocape,1485.0,1620.0
1446041027332428704,983,1446041027330391883,robocape,1485.0,1620.0
1446041027365680371,984,1446041027363852024,robocape,1485.0,1620.0
1446041027397381746,985,1446041027395760059,robocape,1486.0,1620.0
1446041027433457704,986,1446041027431380033,robocape,1480.0,1620.0
1446041027464586413,987,1446041027463036060,robocape,1480.0,1380.0
1446041027500971954,988,1446041027499680995,robocape,1480.0,1620.0
1446041027535284288,989,1446041027533911943,robocape,1485.0,1380.0
1446041027569857663,990,1446041027568370103,robocape,1485.0,1380.0
1446041027594450079,991,1446041027593116998,robocape,1485.0,1380.0
1446041027633043996,992,1446041027628911972,robocape,1486.0,1620.0
1446041027660649705,993,1446041027658972978,robocape,1480.0,1380.0
1446041027693929330,994,1446041027692209005,robocape,1480.0,1380.0
1446041027726818330,995,1446041027724961042,robocape,1480.0,1380.0
1446041027762213996,996,1446041027760231971,robocape,1480.0,1620.0
1446041027794421205,997,1446041027792982101,robocape,1485.0,1380.0
1446041027828215371,998,1446041027826689004,robocape,1486.0,1380.0
1446041027858857121,999,1446041027857522010,robocape,1486.0,1620.0
1446041027896166830,1000,1446041027892926931,robocape,1485.0,1380.0
1446041027931597205,1001,1446041027930238962,robocape,1480.0,1620.0
1446041027966121955,1002,1446041027961116075,robocape,1480.0,1380.0
1446041027993045996,1003,1446041027989023923,robocape,1480.0,1620.0
1446041028029603163,1004,1446041028025597095,robocape,1485.0,1380.0
1446041028055418371,1005,1446041028053391933,robocape,1485.0,1620.0
1446041028088240330,1006,1446041028086257934,robocape,1485.0,1380.0
1446041028121193288,1007,1446041028119252920,robocape,1485.0,1620.0
1446041028154991371,1008,1446041028153265953,robocape,1481.0,1620.0
1446041028189351830,1009,1446041028187608003,robocape,1480.0,1380.0
1446041028221163455,1010,1446041028219743967,robocape,1480.0,1380.0
1446041028260539788,1011,1446041028253011941,robocape,1485.0,1380.0
1446041028286299371,1012,1446041028283370971,robocape,1485.0,1380.0
1446041028320917871,1013,1446041028316482067,robocape,1486.0,1380.0
1446041028369920913,1014,1446041028368052959,robocape,1485.0,1380.0
1446041028403215163,1015,1446041028400727987,robocape,1480.0,1380.0
1446041028437581038,1016,1446041028436192035,robocape,1478.0,1380.0
1446041028470996080,1017,1446041028464365959,robocape,1480.0,1620.0
1446041028503000122,1018,1446041028501722097,robocape,1485.0,1620.0
1446041028532871997,1019,1446041028529809951,robocape,1486.0,1620.0
1446041028567437580,1020,1446041028562828063,robocape,1486.0,1380.0
1446041028602374872,1021,1446041028601123094,robocape,1485.0,1380.0
1446041028630196330,1022,1446041028628568887,robocape,1480.0,1380.0
1446041028663260122,1023,1446041028661331892,robocape,1480.0,1380.0
1446041028696277205,1024,1446041028694556951,robocape,1478.0,1380.0
1446041028728943997,1025,1446041028727225065,robocape,1481.0,1380.0
1446041028761852497,1026,1446041028760050058,robocape,1486.0,1620.0
1446041028796910497,1027,1446041028793544054,robocape,1486.0,1620.0
1446041028829853247,1028,1446041028826442003,robocape,1484.0,1380.0
1446041028860893163,1029,1446041028859555006,robocape,1480.0,1620.0
1446041028900977122,1030,1446041028896250963,robocape,1478.0,1620.0
1446041028926979372,1031,1446041028925621986,robocape,1480.0,1380.0
1446041028961808372,1032,1446041028957585096,robocape,1478.0,1380.0
1446041028995632455,1033,1446041028994220972,robocape,1485.0,1380.0
1446041029027670580,1034,1446041029026329994,robocape,1486.0,1380.0
1446041029057762039,1035,1446041029056082963,robocape,1486.0,1620.0
1446041029090712164,1036,1446041029088645935,robocape,1485.0,1620.0
1446041029124772039,1037,1446041029123338937,robocape,1480.0,1620.0
1446041029158649747,1038,1446041029157263040,robocape,1477.0,1380.0
1446041029193751289,1039,1446041029192254066,robocape,1478.0,1620.0
1446041029228865622,1040,1446041029227508068,robocape,1486.0,1620.0
1446041029263554997,1041,1446041029254137992,robocape,1485.0,1620.0
1446041029293172705,1042,1446041029285790920,robocape,1486.0,1380.0
1446041029320659205,1043,1446041029318970918,robocape,1485.0,1380.0
1446041029353506080,1044,1446041029351785898,robocape,1480.0,1620.0
1446041029386360164,1045,1446041029384586095,robocape,1480.0,1620.0
1446041029421061372,1046,1446041029419147968,robocape,1477.0,1380.0
1446041029454366289,1047,1446041029452703952,robocape,1486.0,1620.0
1446041029486055414,1048,1446041029483083963,robocape,1486.0,1380.0
1446041029521062289,1049,1446041029519663095,robocape,1485.0,1620.0
1446041029555144622,1050,1446041029551846027,robocape,1485.0,1380.0
1446041029589046205,1051,1446041029584337949,robocape,1480.0,1620.0
1446041029621480080,1052,1446041029620116949,robocape,1478.0,1620.0
1446041029650322414,1053,1446041029648999929,robocape,1480.0,1620.0
1446041029685610955,1054,1446041029684254884,robocape,1480.0,1620.0
1446041029715147289,1055,1446041029713305950,robocape,1486.0,1620.0
1446041029747640289,1056,1446041029745940923,robocape,1485.0,1380.0
1446041029781105497,1057,1446041029779153108,robocape,1486.0,1380.0
1446041029816313914,1058,1446041029814609050,robocape,1484.0,1380.0
1446041029851616456,1059,1446041029849777936,robocape,1480.0,1380.0
1446041029881410456,1060,1446041029877346038,robocape,1480.0,1380.0
1446041029918474122,1061,1446041029917129039,robocape,1480.0,1620.0
1446041029953073164,1062,1446041029951512098,robocape,1486.0,1380.0
1446041029982305747,1063,1446041029977044105,robocape,1485.0,1380.0
1446041030012781747,1064,1446041030008730888,robocape,1486.0,1380.0
1446041030046618039,1065,1446041030045279979,robocape,1485.0,1620.0
1446041030082203664,1066,1446041030074884891,robocape,1480.0,1620.0
1446041030109373039,1067,1446041030107583045,robocape,1480.0,1380.0
1446041030142363914,1068,1446041030140542030,robocape,1480.0,1380.0
1446041030175638164,1069,1446041030174227952,robocape,1486.0,1380.0
1446041030209277622,1070,1446041030207926034,robocape,1485.0,1620.0
1446041030244148622,1071,1446041030242793083,robocape,1485.0,1380.0
1446041030285394914,1072,1446041030280272006,robocape,1485.0,1620.0
1446041030310570539,1073,1446041030305845975,robocape,1480.0,1380.0
1446041030339099331,1074,1446041030337471008,robocape,1478.0,1620.0
1446041030372693206,1075,1446041030370309114,robocape,1480.0,1620.0
1446041030405749206,1076,1446041030404047012,robocape,1486.0,1620.0
1446041030439932664,1077,1446041030438110113,robocape,1485.0,1620.0
1446041030471483581,1078,1446041030470185041,robocape,1485.0,1380.0
1446041030508685123,1079,1446041030507400989,robocape,1486.0,1620.0
1446041030541874331,1080,1446041030537194967,robocape,1478.0,1380.0
1446041030577230248,1081,1446041030573564052,robocape,1480.0,1380.0
1446041030604916831,1082,1446041030603544950,robocape,1478.0,1380.0
1446041030641452331,1083,1446041030637306928,robocape,1480.0,1380.0
1446041030667814581,1084,1446041030666119098,robocape,1486.0,1620.0
1446041030701831331,1085,1446041030699577093,robocape,1485.0,1380.0
1446041030734914289,1086,1446041030733110904,robocape,1485.0,1380.0
1446041030770269998,1087,1446041030768443107,robocape,1485.0,1620.0
1446041030802270998,1088,1446041030800900936,robocape,1480.0,1380.0
1446041030835825623,1089,1446041030834446907,robocape,1480.0,1380.0
1446041030869637539,1090,1446041030868277072,robocape,1477.0,1620.0
1446041030900524373,1091,1446041030899135112,robocape,1486.0,1380.0
1446041030934809123,1092,1446041030933547973,robocape,1486.0,1380.0
1446041030965579831,1093,1446041030961633920,robocape,1485.0,1620.0
1446041031002363373,1094,1446041030997574090,robocape,1485.0,1380.0
1446041031034478248,1095,1446041031027592897,robocape,1480.0,1620.0
1446041031062550789,1096,1446041031060512065,robocape,1478.0,1620.0
1446041031095292998,1097,1446041031093362092,robocape,1480.0,1380.0
1446041031129213206,1098,1446041031127307891,robocape,1486.0,1620.0
1446041031160108123,1099,1446041031158762931,robocape,1486.0,1620.0
1446041031195513081,1100,1446041031193559885,robocape,1486.0,1380.0
1446041031228357290,1101,1446041031226995944,robocape,1485.0,1620.0
1446041031271210456,1102,1446041031263946056,robocape,1480.0,1620.0
1446041031296407540,1103,1446041031293282032,robocape,1478.0,1380.0
1446041031325044331,1104,1446041031323339939,robocape,1478.0,1380.0
1446041031359186915,1105,1446041031357438087,robocape,1481.0,1620.0
1446041031392067415,1106,1446041031390206098,robocape,1485.0,1620.0
1446041031424098790,1107,1446041031421727895,robocape,1486.0,1380.0
1446041031458952540,1108,1446041031457607030,robocape,1486.0,1620.0
1446041031494484873,1109,1446041031492296934,robocape,1485.0,1620.0
1446041031529771081,1110,1446041031526457071,robocape,1480.0,1380.0
1446041031559179873,1111,1446041031557821989,robocape,1480.0,1620.0
1446041031590145165,1112,1446041031585962057,robocape,1480.0,1620.0
1446041031626118706,1113,1446041031624875068,robocape,1485.0,1620.0
1446041031654022540,1114,1446041031652005910,robocape,1486.0,1620.0
1446041031686859415,1115,1446041031685192108,robocape,1485.0,1620.0
1446041031719476581,1116,1446041031717780113,robocape,1484.0,1620.0
1446041031754869040,1117,1446041031752835988,robocape,1480.0,1380.0
1446041031786572123,1118,1446041031785177946,robocape,1480.0,1620.0
1446041031821094248,1119,1446041031816368103,robocape,1480.0,1620.0
1446041031857837748,1120,1446041031856036901,robocape,1485.0,1380.0
1446041031884452832,1121,1446041031883080959,robocape,1485.0,1620.0
1446041031920629248,1122,1446041031914802074,robocape,1485.0,1380.0
1446041031951695707,1123,1446041031947666883,robocape,1485.0,1380.0
1446041031986012915,1124,1446041031984684944,robocape,1480.0,1380.0
1446041032020595540,1125,1446041032013703107,robocape,1480.0,1380.0
1446041032048352582,1126,1446041032046338081,robocape,1478.0,1620.0
1446041032081203040,1127,1446041032079173088,robocape,1486.0,1380.0
1446041032113929373,1128,1446041032112181901,robocape,1485.0,1620.0
1446041032148908540,1129,1446041032147084951,robocape,1485.0,1620.0
1446041032180763457,1130,1446041032177787065,robocape,1485.0,1380.0
1446041032215861790,1131,1446041032210926055,robocape,1480.0,1380.0
1446041032250759457,1132,1446041032245897054,robocape,1480.0,1620.0
1446041032283460207,1133,1446041032277821063,robocape,1480.0,1380.0
1446041032316187248,1134,1446041032314831972,robocape,1477.0,1380.0
1446041032344184998,1135,1446041032342484951,robocape,1485.0,1620.0
1446041032377879498,1136,1446041032375297069,robocape,1486.0,1380.0
1446041032409128790,1137,1446041032407825946,robocape,1486.0,1380.0
1446041032444038665,1138,1446041032441289901,robocape,1485.0,1620.0
1446041032479242082,1139,1446041032477416038,robocape,1480.0,1620.0
1446041032516051248,1140,1446041032511051893,robocape,1478.0,1620.0
1446041032545234040,1141,1446041032540610074,robocape,1480.0,1620.0
1446041032574834290,1142,1446041032573420047,robocape,1485.0,1380.0
1446041032612388332,1143,1446041032611116886,robocape,1485.0,1620.0
1446041032639504874,1144,1446041032637795925,robocape,1486.0,1620.0
1446041032672654499,1145,1446041032670761108,robocape,1485.0,1380.0
1446041032705928499,1146,1446041032704181909,robocape,1478.0,1620.0
1446041032739283915,1147,1446041032737998008,robocape,1480.0,1620.0
1446041032772547582,1148,1446041032769370079,robocape,1478.0,1620.0
1446041032809798874,1149,1446041032806196928,robocape,1486.0,1380.0
1446041032845404665,1150,1446041032842545986,robocape,1484.0,1380.0
1446041032873952290,1151,1446041032869309902,robocape,1485.0,1620.0
1446041032905458457,1152,1446041032904171943,robocape,1486.0,1380.0
1446041032940998707,1153,1446041032936732053,robocape,1480.0,1620.0
1446041032968281832,1154,1446041032966599941,robocape,1480.0,1620.0
1446041033001884415,1155,1446041032999897956,robocape,1480.0,1380.0
1446041033034004499,1156,1446041033032239913,robocape,1480.0,1620.0
1446041033066968707,1157,1446041033065206050,robocape,1485.0,1380.0
1446041033115381040,1158,1446041033111012935,robocape,1486.0,1620.0
1446041033147578957,1159,1446041033135695934,robocape,1486.0,1620.0
1446041033177423832,1160,1446041033171180009,robocape,1485.0,1620.0
1446041033206615624,1161,1446041033199196100,robocape,1480.0,1380.0
1446041033231158415,1162,1446041033229430913,robocape,1478.0,1380.0
1446041033268877582,1163,1446041033267179965,robocape,1480.0,1620.0
1446041033299679291,1164,1446041033296402931,robocape,1485.0,1620.0
1446041033336412124,1165,1446041033333082914,robocape,1486.0,1380.0
1446041033370426082,1166,1446041033367090940,robocape,1485.0,1380.0
1446041033399935499,1167,1446041033393810033,robocape,1485.0,1380.0
1446041033434365249,1168,1446041033431488990,robocape,1477.0,1620.0
1446041033461181291,1169,1446041033459526062,robocape,1492.0,1380.0
1446041033494423249,1170,1446041033492415904,robocape,1495.0,1620.0
1446041033527558082,1171,1446041033525306940,robocape,1499.0,1620.0
1446041033561050541,1172,1446041033559240102,robocape,1465.0,1620.0
1446041033592867249,1173,1446041033590775966,robocape,1486.0,1620.0
1446041033627342874,1174,1446041033623963117,robocape,1494.0,1620.0
1446041033661308332,1175,1446041033656805992,robocape,1497.0,1620.0
1446041033691363374,1176,1446041033690015077,robocape,1481.0,1380.0
1446041033732066416,1177,1446041033728279113,robocape,1503.0,1620.0
1446041033761486874,1178,1446041033755528926,robocape,1569.0,1380.0
1446041033789723124,1179,1446041033788383007,robocape,1637.0,1380.0
1446041033827150707,1180,1446041033825876951,robocape,1666.0,1620.0
1446041033861133291,1181,1446041033853925943,robocape,1645.0,1380.0
1446041033888803791,1182,1446041033886991024,robocape,1568.0,1380.0
1446041033921478624,1183,1446041033919771909,robocape,1478.0,1380.0
1446041033954737916,1184,1446041033953012943,robocape,1477.0,1380.0
1446041033990399124,1185,1446041033988646030,robocape,1480.0,1620.0
1446041034022334749,1186,1446041034021049976,robocape,1485.0,1380.0
1446041034056131208,1187,1446041034054776906,robocape,1486.0,1380.0
1446041034090068541,1188,1446041034088700056,robocape,1485.0,1620.0
1446041034125990541,1189,1446041034122684955,robocape,1486.0,1620.0
1446041034156262291,1190,1446041034151123046,robocape,1480.0,1380.0
1446041034186025916,1191,1446041034182435989,robocape,1478.0,1620.0
1446041034218416791,1192,1446041034217091083,robocape,1478.0,1380.0
1446041034253251208,1193,1446041034251883029,robocape,1486.0,1380.0
1446041034283585708,1194,1446041034281579971,robocape,1485.0,1620.0
1446041034317266833,1195,1446041034315563917,robocape,1486.0,1380.0
1446041034351764291,1196,1446041034350039005,robocape,1485.0,1620.0
1446041034384985374,1197,1446041034383102893,robocape,1481.0,1620.0
1446041034417053666,1198,1446041034415771007,robocape,1480.0,1620.0
1446041034451087166,1199,1446041034447762966,robocape,1481.0,1620.0
1446041034487112999,1200,1446041034484884023,robocape,1485.0,1380.0
1446041034517599208,1201,1446041034511189937,robocape,1486.0,1380.0
1446041034546383291,1202,1446041034545073032,robocape,1486.0,1620.0
1446041034583105541,1203,1446041034581861019,robocape,1485.0,1620.0
1446041034612075749,1204,1446041034610377073,robocape,1480.0,1380.0
1446041034644371374,1205,1446041034642618894,robocape,1480.0,1380.0
1446041034677301208,1206,1446041034675573110,robocape,1480.0,1620.0
1446041034712531416,1207,1446041034710805892,robocape,1480.0,1380.0
1446041034811574250,1208,1446041034808621883,robocape,1486.0,1380.0
1446041034845016875,1209,1446041034842839002,robocape,1480.0,1620.0
1446041034879183791,1210,1446041034877684116,robocape,1478.0,1620.0
1446041034913736666,1211,1446041034912360906,robocape,1480.0,1620.0
1446041034942105333,1212,1446041034940711975,robocape,1478.0,1620.0
1446041034975692708,1213,1446041034971088886,robocape,1485.0,1620.0
1446041035013250375,1214,1446041035008512020,robocape,1486.0,1620.0
1446041035038674500,1215,1446041035036993026,robocape,1485.0,1620.0
1446041035071752750,1216,1446041035069911003,robocape,1480.0,1380.0
1446041035122127833,1217,1446041035120874881,robocape,1480.0,1620.0
1446041035170146833,1218,1446041035168327093,robocape,1480.0,1620.0
1446041035207288583,1219,1446041035205440044,robocape,1486.0,1620.0
1446041035265455791,1220,1446041035262418031,robocape,1485.0,1380.0
1446041035286908708,1221,1446041035284921884,robocape,1486.0,1380.0
1446041035321890666,1222,1446041035320038080,robocape,1480.0,1380.0
1446041035416890875,1223,1446041035415194034,robocape,1480.0,1380.0
1446041035451554958,1224,1446041035449840068,robocape,1486.0,1380.0
1446041035482632000,1225,1446041035481236934,robocape,1486.0,1620.0
1446041035517093583,1226,1446041035513772010,robocape,1485.0,1380.0
1446041035552498750,1227,1446041035551060914,robocape,1486.0,1620.0
1446041035585959083,1228,1446041035584595918,robocape,1480.0,1380.0
1446041035615804250,1229,1446041035611799001,robocape,1480.0,1620.0
1446041035651892708,1230,1446041035646076917,robocape,1480.0,1620.0
1446041035683626250,1231,1446041035677762031,robocape,1486.0,1380.0
1446041035731155792,1232,1446041035729377031,robocape,1485.0,1380.0
1446041035762198667,1233,1446041035760852098,robocape,1486.0,1380.0
1446041035795691167,1234,1446041035794081926,robocape,1486.0,1620.0
1446041035829071583,1235,1446041035825861930,robocape,1480.0,1380.0
1446041035863399792,1236,1446041035858688116,robocape,1480.0,1380.0
1446041035916336958,1237,1446041035909101009,robocape,1482.0,1380.0
1446041035963891083,1238,1446041035959202051,robocape,1486.0,1380.0
1446041035998374625,1239,1446041035995073080,robocape,1485.0,1620.0
1446041036028582042,1240,1446041036023984909,robocape,1486.0,1620.0
1446041036059608375,1241,1446041036058315992,robocape,1480.0,1620.0
1446041036094284417,1242,1446041036092756986,robocape,1480.0,1380.0
1446041036128567417,1243,1446041036121552944,robocape,1480.0,1620.0
1446041036165106500,1244,1446041036160339117,robocape,1485.0,1380.0
1446041036189429417,1245,1446041036187302112,robocape,1486.0,1620.0
1446041036222217875,1246,1446041036220494031,robocape,1486.0,1380.0
1446041036264439167,1247,1446041036260864973,robocape,1485.0,1380.0
1446041036294064917,1248,1446041036287043094,robocape,1480.0,1620.0
1446041036324633209,1249,1446041036319591999,robocape,1478.0,1620.0
1446041036352663459,1250,1446041036351413965,robocape,1481.0,1380.0
1446041036393379750,1251,1446041036388966083,robocape,1478.0,1620.0
1446041036425142292,1252,1446041036417382955,robocape,1485.0,1380.0
1446041036452268750,1253,1446041036450177907,robocape,1485.0,1380.0
1446041036485219709,1254,1446041036483362913,robocape,1486.0,1380.0
1446041036519005917,1255,1446041036515772104,robocape,1485.0,1380.0
1446041036556173250,1256,1446041036554449081,robocape,1481.0,1620.0
1446041036586011625,1257,1446041036582721948,robocape,1480.0,1620.0
1446041036619838084,1258,1446041036614222049,robocape,1486.0,1620.0
1446041036653200375,1259,1446041036648438930,robocape,1485.0,1620.0
1446041036681457542,1260,1446041036680119037,robocape,1486.0,1380.0
1446041036720965792,1261,1446041036717688083,robocape,1486.0,1380.0
1446041036747641126,1262,1446041036745918989,robocape,1485.0,1620.0
1446041036780589417,1263,1446041036778645992,robocape,1480.0,1380.0
1446041036814448292,1264,1446041036811937093,robocape,1478.0,1380.0
1446041036847003126,1265,1446041036845300912,robocape,1480.0,1620.0
1446041036880482959,1266,1446041036879040002,robocape,1486.0,1620.0
1446041036915045001,1267,1446041036913729906,robocape,1485.0,1380.0
1446041036949671876,1268,1446041036948278903,robocape,1485.0,1380.0
1446041036982969126,1269,1446041036979279041,robocape,1486.0,1620.0
1446041037018538501,1270,1446041037017258882,robocape,1481.0,1620.0
1446041037047792959,1271,1446041037042972087,robocape,1480.0,1620.0
1446041037075724709,1272,1446041037074388980,robocape,1480.0,1380.0
1446041037110473459,1273,1446041037109209060,robocape,1485.0,1620.0
1446041037147291792,1274,1446041037140121936,robocape,1486.0,1620.0
1446041037174675209,1275,1446041037172998905,robocape,1484.0,1620.0
1446041037207712209,1276,1446041037206020116,robocape,1486.0,1620.0
1446041037239831876,1277,1446041037238456964,robocape,1480.0,1620.0
1446041037281016001,1278,1446041037274126052,robocape,1481.0,1620.0
1446041037310522834,1279,1446041037304485082,robocape,1478.0,1620.0
1446041037341997376,1280,1446041037338846921,robocape,1480.0,1380.0
1446041037377206042,1281,1446041037370173931,robocape,1486.0,1620.0
1446041037405003584,1282,1446041037403125047,robocape,1486.0,1380.0
1446041037438168251,1283,1446041037436486005,robocape,1485.0,1620.0
1446041037472840293,1284,1446041037471049070,robocape,1486.0,1380.0
1446041037503655043,1285,1446041037502244949,robocape,1478.0,1380.0
1446041037538908793,1286,1446041037537494897,robocape,1480.0,1380.0
1446041037572480251,1287,1446041037571111917,robocape,1477.0,1380.0
1446041037606960334,1288,1446041037605577945,robocape,1485.0,1380.0
1446041037637494418,1289,1446041037636233091,robocape,1485.0,1620.0
1446041037672261584,1290,1446041037667138099,robocape,1486.0,1380.0
1446041037704702209,1291,1446041037698751926,robocape,1485.0,1380.0
1446041037737337668,1292,1446041037733310937,robocape,1480.0,1380.0
1446041037771006543,1293,1446041037769678115,robocape,1480.0,1380.0
1446041037799367543,1294,1446041037797480106,robocape,1480.0,1620.0
1446041037832038209,1295,1446041037830357074,robocape,1486.0,1380.0
1446041037865148876,1296,1446041037863409042,robocape,1486.0,1380.0
1446041037897703876,1297,1446041037896199941,robocape,1486.0,1380.0
1446041037931926001,1298,1446041037930571079,robocape,1486.0,1620.0
1446041037965163334,1299,1446041037961762905,robocape,1480.0,1380.0
1446041038000148501,1300,1446041037998702049,robocape,1480.0,1620.0
1446041038034102626,1301,1446041038027409076,robocape,1478.0,1380.0
1446041038069475918,1302,1446041038066191911,robocape,1484.0,1380.0
1446041038099324834,1303,1446041038097902059,robocape,1485.0,1620.0
1446041038129721626,1304,1446041038128417015,robocape,1486.0,1380.0
1446041038165793210,1305,1446041038164463043,robocape,1486.0,1620.0
1446041038193525960,1306,1446041038191881895,robocape,1482.0,1380.0
1446041038227148335,1307,1446041038224737882,robocape,1480.0,1620.0
1446041038261701585,1308,1446041038260097980,robocape,1480.0,1380.0
1446041038295657251,1309,1446041038290692090,robocape,1478.0,1380.0
1446041038328308210,1310,1446041038324949979,robocape,1486.0,1380.0
1446041038362057293,1311,1446041038360696077,robocape,1485.0,1620.0
1446041038390148710,1312,1446041038388816118,robocape,1486.0,1620.0
1446041038427011585,1313,1446041038421952962,robocape,1486.0,1380.0
1446041038461446335,1314,1446041038454709053,robocape,1480.0,1380.0
1446041038494621918,1315,1446041038487539052,robocape,1480.0,1380.0
1446041038523492376,1316,1446041038521343946,robocape,1480.0,1380.0
1446041038555193335,1317,1446041038553325891,robocape,1484.0,1380.0
1446041038588549543,1318,1446041038586837053,robocape,1486.0,1620.0
1446041038623867543,1319,1446041038621479034,robocape,1486.0,1380.0
1446041038656766835,1320,1446041038655375957,robocape,1486.0,1620.0
1446041038691681668,1321,1446041038690272092,robocape,1478.0,1620.0
1446041038725172001,1322,1446041038721813917,robocape,1481.0,1620.0
1446041038760249751,1323,1446041038755160093,robocape,1478.0,1620.0
1446041038789214085,1324,1446041038784481048,robocape,1486.0,1380.0
1446041038818126668,1325,1446041038816581010,robocape,1486.0,1380.0
1446041038855409002,1326,1446041038854083061,robocape,1486.0,1380.0
