%time,field.header.seq,field.header.stamp,field.header.frame_id,field.temperature,field.variance
1446040796484511053,494,1446040796112808942,robocape,1700.0,1380.0
1446040796485473344,495,1446040796151352882,robocape,1700.0,1620.0
1446040796485868178,496,1446040796197762012,robocape,1700.0,1380.0
1446040796490124386,497,1446040796226284980,robocape,1700.0,1380.0
1446040796543014219,498,1446040796254014968,robocape,1700.0,1380.0
1446040796543126761,499,1446040796301084041,robocape,1700.0,1380.0
1446040796543236886,500,1446040796452157020,robocape,1700.0,1620.0
1446040796543267969,501,1446040796490381002,robocape,1700.0,1380.0
1446040796543368594,502,1446040796532217025,robocape,1700.0,1620.0
1446040796573533469,503,1446040796571857929,robocape,1700.0,1620.0
1446040796603612136,504,1446040796598443031,robocape,1700.0,1380.0
1446040796631914261,505,1446040796628117084,robocape,1700.0,1380.0
1446040796668451553,506,1446040796661465883,robocape,1700.0,1620.0
1446040796712985094,507,1446040796711369991,robocape,1700.0,1380.0
1446040796810419761,508,1446040796808718919,robocape,1700.0,1380.0
1446040796964779178,509,1446040796959717988,robocape,1700.0,1620.0
1446040796995043303,510,1446040796990510940,robocape,1700.0,1380.0
1446040797040511386,511,1446040797038719892,robocape,1700.0,1380.0
1446040797073263470,512,1446040797071542978,robocape,1700.0,1620.0
1446040797106183095,513,1446040797104434967,robocape,1700.0,1620.0
1446040797139156761,514,1446040797137423992,robocape,1700.0,1620.0
1446040797172342553,515,1446040797170456886,robocape,1700.0,1620.0
1446040797207278470,516,1446040797205482959,robocape,1700.0,1380.0
1446040797257961845,517,1446040797256638050,robocape,1700.0,1620.0
1446040797286939386,518,1446040797285125970,robocape,1700.0,1620.0
1446040797319642136,519,1446040797318017959,robocape,1700.0,1380.0
1446040797376469845,520,1446040797375108957,robocape,1700.0,1620.0
1446040797409060261,521,1446040797405786991,robocape,1700.0,1620.0
1446040797438478803,522,1446040797433587074,robocape,1700.0,1620.0
1446040797535642428,523,1446040797534264087,robocape,1700.0,1380.0
1446040797584777178,524,1446040797583069086,robocape,1700.0,1380.0
1446040797636629470,525,1446040797630605936,robocape,1700.0,1620.0
1446040797714466220,526,1446040797712766885,robocape,1700.0,1380.0
1446040797884464262,527,1446040797883100986,robocape,1700.0,1620.0
1446040797927714345,528,1446040797926009893,robocape,1700.0,1620.0
1446040797983012262,529,1446040797975761890,robocape,1700.0,1380.0
1446040798026655720,530,1446040798024621963,robocape,1700.0,1620.0
1446040798059437595,531,1446040798057467937,robocape,1700.0,1380.0
1446040798093872387,532,1446040798092147111,robocape,1700.0,1620.0
1446040798127192053,533,1446040798125297069,robocape,1700.0,1620.0
1446040798159815387,534,1446040798157896995,robocape,1700.0,1620.0
1446040798226911053,535,1446040798224996089,robocape,1700.0,1380.0
1446040798259423720,536,1446040798257718086,robocape,1700.0,1380.0
1446040798343009595,537,1446040798339001893,robocape,1700.0,1620.0
1446040798377500137,538,1446040798373269081,robocape,1700.0,1620.0
1446040798441899387,539,1446040798440562963,robocape,1700.0,1380.0
1446040798470049845,540,1446040798468190908,robocape,1700.0,1380.0
1446040798653133345,541,1446040798651798009,robocape,1700.0,1380.0
1446040798815649887,542,1446040798814377069,robocape,1700.0,1620.0
1446040798886878762,543,1446040798885457038,robocape,1700.0,1380.0
1446040799014926137,544,1446040799011794090,robocape,1700.0,1620.0
1446040799050685637,545,1446040799049341917,robocape,1700.0,1620.0
1446040799094352637,546,1446040799092633962,robocape,1700.0,1620.0
1446040799127218679,547,1446040799125528097,robocape,1700.0,1620.0
1446040799177257512,548,1446040799175865888,robocape,1700.0,1620.0
1446040799211640971,549,1446040799207711935,robocape,1700.0,1620.0
1446040799259727762,550,1446040799258358001,robocape,1700.0,1380.0
1446040799296409012,551,1446040799294590950,robocape,1700.0,1620.0
1446040799329910054,552,1446040799328115940,robocape,1700.0,1380.0
1446040799360009346,553,1446040799358632087,robocape,1700.0,1380.0
1446040799406820054,554,1446040799404835939,robocape,1700.0,1620.0
1446040799439542387,555,1446040799437750101,robocape,1700.0,1380.0
1446040799472626887,556,1446040799470829010,robocape,1700.0,1380.0
1446040799512350846,557,1446040799507442951,robocape,1700.0,1380.0
1446040799545800179,558,1446040799542306900,robocape,1700.0,1380.0
1446040799575136262,559,1446040799570111989,robocape,1700.0,1620.0
1446040799605476179,560,1446040799602544069,robocape,1700.0,1380.0
1446040799643602346,561,1446040799640383958,robocape,1700.0,1380.0
1446040799688539471,562,1446040799687263965,robocape,1700.0,1620.0
1446040799721587429,563,1446040799720324039,robocape,1700.0,1620.0
1446040799756728721,564,1446040799754776954,robocape,1700.0,1380.0
1446040799789175054,565,1446040799785868883,robocape,1700.0,1620.0
1446040799818383388,566,1446040799817049026,robocape,1700.0,1380.0
1446040799856564721,567,1446040799851560115,robocape,1700.0,1380.0
1446040799887147346,568,1446040799885790109,robocape,1700.0,1620.0
1446040799932284596,569,1446040799930571079,robocape,1700.0,1380.0
1446040799965418471,570,1446040799963649988,robocape,1700.0,1620.0
1446040799999660138,571,1446040799997936010,robocape,1547.0,1620.0
1446040800032821096,572,1446040800030867099,robocape,1492.0,1620.0
1446040800065476596,573,1446040800063613891,robocape,1492.0,1620.0
1446040800099222638,574,1446040800097517967,robocape,1481.0,1380.0
1446040800130459221,575,1446040800129091024,robocape,1291.0,1380.0
1446040800163510263,576,1446040800160118103,robocape,1207.0,1620.0
1446040800217539846,577,1446040800213128089,robocape,1090.0,1620.0
1446040800325322554,578,1446040800324060916,robocape,1090.0,1380.0
1446040800424897513,579,1446040800422888994,robocape,1093.0,1380.0
1446040800523240721,580,1446040800521511077,robocape,1096.0,1620.0
1446040800571902971,581,1446040800570581912,robocape,1093.0,1380.0
1446040800611135930,582,1446040800606374979,robocape,1096.0,1380.0
1446040800659372138,583,1446040800658107042,robocape,1096.0,1620.0
1446040800703836596,584,1446040800702101945,robocape,1096.0,1620.0
1446040800736817846,585,1446040800734972953,robocape,1096.0,1620.0
1446040800770201930,586,1446040800768116950,robocape,1096.0,1620.0
1446040800803432721,587,1446040800801702976,robocape,1116.0,1620.0
1446040800835289555,588,1446040800833636999,robocape,1129.0,1620.0
1446040800901455180,589,1446040800899426937,robocape,1129.0,1620.0
1446040801069875888,590,1446040801064145088,robocape,1435.0,1380.0
1446040801099418430,591,1446040801098038911,robocape,1477.0,1620.0
1446040801132308596,592,1446040801130945920,robocape,1477.0,1620.0
1446040801427402263,593,1446040801425672054,robocape,1484.0,1620.0
1446040801495400055,594,1446040801491223096,robocape,1482.0,1380.0
1446040801542184222,595,1446040801540565013,robocape,1478.0,1380.0
1446040801601349680,596,1446040801599992036,robocape,1477.0,1380.0
1446040801629155263,597,1446040801622912883,robocape,1480.0,1380.0
1446040801659855430,598,1446040801655476093,robocape,1484.0,1380.0
1446040801694277013,599,1446040801693058013,robocape,1484.0,1620.0
1446040801728449055,600,1446040801721615076,robocape,1484.0,1380.0
1446040801756070180,601,1446040801754210948,robocape,1477.0,1620.0
1446040801788864055,602,1446040801787080049,robocape,1477.0,1380.0
1446040801893004472,603,1446040801885607004,robocape,1478.0,1620.0
1446040801939470889,604,1446040801936168909,robocape,1481.0,1620.0
1446040801972833347,605,1446040801967875003,robocape,1484.0,1380.0
1446040802155484805,606,1446040802152596950,robocape,1476.0,1380.0
1446040802188522639,607,1446040802181438922,robocape,1484.0,1380.0
1446040802215873055,608,1446040802214212894,robocape,1484.0,1620.0
1446040802271463180,609,1446040802270127058,robocape,1478.0,1380.0
1446040802417162889,610,1446040802415914058,robocape,1484.0,1380.0
1446040803151697347,611,1446040803150098085,robocape,1484.0,1380.0
1446040803176469056,612,1446040803173646926,robocape,1477.0,1380.0
1446040803195584972,613,1446040803193934917,robocape,1484.0,1620.0
1446040803221403764,614,1446040803215518951,robocape,1477.0,1620.0
1446040803245791764,615,1446040803244474887,robocape,1482.0,1620.0
1446040803267151431,616,1446040803265547037,robocape,1477.0,1380.0
1446040803297376223,617,1446040803296066999,robocape,1477.0,1620.0
1446040803321161848,618,1446040803316550016,robocape,1484.0,1380.0
1446040803341521848,619,1446040803340162038,robocape,1477.0,1620.0
1446040803366738514,620,1446040803365346908,robocape,1477.0,1380.0
1446040803395669431,621,1446040803390860080,robocape,1484.0,1380.0
1446040803416467139,622,1446040803415148973,robocape,1482.0,1620.0
1446040803442603639,623,1446040803441390037,robocape,1477.0,1620.0
1446040803470612056,624,1446040803469072103,robocape,1482.0,1380.0
1446040803502581514,625,1446040803492747068,robocape,1484.0,1620.0
1446040803517443264,626,1446040803515810966,robocape,1476.0,1380.0
1446040803544670181,627,1446040803542839050,robocape,1484.0,1380.0
