%time,field.header.seq,field.header.stamp,field.header.frame_id,field.temperature,field.variance
1464076439707820890,339,1464076439668932453,,0.0,-10.0
1464076439707902713,340,1464076439685499335,,0.0,-10.0
1464076439719913149,341,1464076439714432487,,0.0,-10.0
1464076439745985423,342,1464076439742454026,,0.0,-10.0
1464076439814752374,343,1464076439753979308,,0.0,-10.0
1464076439815002165,344,1464076439775131543,,0.0,10.0
1464076439815231852,345,1464076439791483895,,0.0,10.0
1464076439817330180,346,1464076439808895411,,0.0,-10.0
1464076439879543346,347,1464076439847119527,,0.0,-10.0
1464076439879842981,348,1464076439863049536,,0.0,10.0
1464076439899739750,349,1464076439884521718,,0.0,10.0
1464076439910211493,350,1464076439906522753,,0.0,-10.0
1464076439938746781,351,1464076439923079688,,0.0,-10.0
1464076439958691207,352,1464076439943668539,,0.0,10.0
1464076439982434477,353,1464076439963294163,,0.0,10.0
1464076440005909257,354,1464076439985975092,,0.0,-10.0
1464076440018439901,355,1464076440002866245,,0.0,-10.0
1464076440062189836,356,1464076440025877016,,0.0,-10.0
1464076440094312145,357,1464076440070077679,,0.0,-10.0
1464076440169576579,358,1464076440103828682,,0.0,10.0
1464076440169625068,359,1464076440136148179,,0.0,10.0
1464076440189492776,360,1464076440167735438,,0.0,-10.0
1464076440232170734,361,1464076440191691155,,0.0,-10.0
1464076440254205362,362,1464076440226140698,,0.0,-10.0
1464076440273817602,363,1464076440253537760,,0.0,-10.0
1464076440289412924,364,1464076440272788073,,0.0,-10.0
1464076440346420011,365,1464076440289611882,,0.0,-10.0
1464076440350592135,366,1464076440316731080,,0.0,-10.0
1464076440350995468,367,1464076440336180299,,0.0,-10.0
1464076440370903956,368,1464076440357823158,,0.0,-10.0
1464076440386634903,369,1464076440378739351,,0.0,-10.0
1464076440414530662,370,1464076440400465127,,0.0,10.0
1464076440428931300,371,1464076440421215435,,0.0,10.0
1464076440446578440,372,1464076440441667464,,0.0,10.0
1464076440466113961,373,1464076440462294336,,0.0,10.0
1464076440485324795,374,1464076440482522459,,0.0,-10.0
1464076440510894362,375,1464076440505554688,,0.0,-10.0
1464076440596896996,376,1464076440522951881,,0.0,10.0
1464076440613645909,377,1464076440543360785,,0.0,10.0
1464076440618056835,378,1464076440563881251,,0.0,-10.0
1464076440618095949,379,1464076440578086734,,0.0,-10.0
1464076440618131314,380,1464076440594508304,,0.0,-10.0
1464076440643583537,381,1464076440611591956,,0.0,-10.0
1464076440643632860,382,1464076440630900290,,0.0,-10.0
1464076440781171502,383,1464076440658090998,,0.0,-10.0
1464076440781457438,384,1464076440684061449,,0.0,10.0
1464076440782783008,385,1464076440707291075,,0.0,10.0
1464076440783125350,386,1464076440738748386,,0.0,10.0
1464076440783644255,387,1464076440761522648,,0.0,10.0
1464076440784077900,388,1464076440780513014,,0.0,10.0
1464076440818214215,389,1464076440803794514,,0.0,10.0
1464076440845921640,390,1464076440830724181,,0.0,-10.0
1464076440856160207,391,1464076440851502823,,0.0,-10.0
1464076440915568172,392,1464076440871849644,,0.0,-10.0
1464076440915624422,393,1464076440891895840,,0.0,-10.0
1464076440915666453,394,1464076440910482926,,0.0,10.0
1464076441180376317,395,1464076440935081245,,0.0,10.0
1464076441180637618,396,1464076440956171866,,0.0,-10.0
1464076441180914128,397,1464076440976832123,,0.0,-10.0
1464076441181187877,398,1464076440998070139,,0.0,10.0
1464076441181465793,399,1464076441018972791,,0.0,10.0
1464076441183557506,400,1464076441038729301,,0.0,10.0
1464076441185565782,401,1464076441059454870,,0.0,10.0
1464076441191337277,402,1464076441078558621,,0.0,-10.0
1464076441191686182,403,1464076441093038999,,0.0,-10.0
1464076441191942483,404,1464076441112922956,,0.0,10.0
1464076441192193733,405,1464076441133156235,,0.0,10.0
1464076441192696127,406,1464076441153817221,,0.0,10.0
1464076441195052215,407,1464076441174050917,,0.0,10.0
1464076441440463588,408,1464076441193852687,,0.0,10.0
1464076441440732910,409,1464076441214531850,,0.0,10.0
1464076441441008951,410,1464076441235109086,,0.0,-10.0
1464076441441290617,411,1464076441254465701,,0.0,-10.0
1464076441441575981,412,1464076441273518775,,0.0,-10.0
1464076441441860876,413,1464076441292406954,,0.0,-10.0
1464076441442120250,414,1464076441314517415,,0.0,10.0
1464076441442393062,415,1464076441331471536,,0.0,10.0
1464076441442658894,416,1464076441352956323,,0.0,10.0
1464076441442920092,417,1464076441372643978,,0.0,10.0
1464076441443210612,418,1464076441390561430,,0.0,-10.0
1464076441443671236,419,1464076441423075978,,0.0,-10.0
1464076441460199004,420,1464076441451726526,,0.0,10.0
1464076441479951867,421,1464076441462356238,,0.0,10.0
1464076441485095031,422,1464076441481045771,,0.0,-10.0
1464076441929367121,423,1464076441508516635,,0.0,-10.0
1464076441929620505,424,1464076441532015842,,0.0,10.0
1464076441929681234,425,1464076441560568787,,0.0,10.0
1464076441929719047,426,1464076441581793938,,0.0,10.0
1464076441929752328,427,1464076441602125394,,0.0,10.0
1464076441932282165,428,1464076441622506069,,0.0,10.0
1464076441934932731,429,1464076441648804852,,0.0,10.0
1464076441934997939,430,1464076441673930462,,0.0,10.0
1464076441935040387,431,1464076441692594422,,0.0,10.0
1464076441935075699,432,1464076441711930412,,0.0,10.0
1464076441935457521,433,1464076441734962850,,0.0,10.0
1464076441935513146,434,1464076441755670295,,0.0,-10.0
1464076441947071344,435,1464076441774700504,,0.0,-10.0
1464076441947409937,436,1464076441784104229,,0.0,-10.0
1464076441948054623,437,1464076441808912183,,0.0,-10.0
1464076441949133943,438,1464076441834948884,,0.0,-10.0
1464076441949208942,439,1464076441861577927,,0.0,-10.0
1464076441949554983,440,1464076441882249226,,0.0,10.0
1464076441949858524,441,1464076441891938888,,0.0,10.0
1464076441949907482,442,1464076441923614844,,0.0,-10.0
1464076441950334148,443,1464076441935883770,,0.0,-10.0
1464076441951458207,444,1464076441947381864,,0.0,-10.0
1464076442025114729,445,1464076441997800739,,0.0,-10.0
1464076442032897312,446,1464076442015588244,,0.0,-10.0
1464076442056269280,447,1464076442045882485,,0.0,-10.0
1464076442066792586,448,1464076442056587196,,0.0,10.0
1464076442089131067,449,1464076442084894047,,0.0,10.0
1464076442132859596,450,1464076442107832996,,0.0,10.0
1464076442161195197,451,1464076442127139767,,0.0,10.0
1464076442185862110,452,1464076442149523457,,0.0,-10.0
1464076442202841335,453,1464076442171603190,,0.0,-10.0
1464076442255209789,454,1464076442195743906,,0.0,10.0
1464076442255523069,455,1464076442213450682,,0.0,10.0
1464076442255823797,456,1464076442223249354,,0.0,-10.0
1464076442256234942,457,1464076442231675477,,0.0,-10.0
1464076442269028918,458,1464076442259372173,,0.0,10.0
1464076442311947241,459,1464076442303877366,,0.0,10.0
1464076442368073496,460,1464076442359999716,,0.0,-10.0
1464076442423866264,461,1464076442418077477,,0.0,-10.0
1464076442487407343,462,1464076442481385588,,0.0,10.0
1464076442550279310,463,1464076442547097652,,0.0,10.0
1464076442612568935,464,1464076442601238757,,0.0,10.0
1464076442648680765,465,1464076442625965409,,0.0,10.0
1464076442660601045,466,1464076442648270037,,0.0,10.0
1464076442678601622,467,1464076442666367384,,0.0,10.0
1464076442705148530,468,1464076442699323962,,0.0,-10.0
1464076442812497513,469,1464076442734079338,,0.0,-10.0
1464076442812534596,470,1464076442758843855,,0.0,-10.0
1464076442812613607,471,1464076442781919418,,0.0,-10.0
1464076442812754075,472,1464076442807311746,,0.0,-10.0
1464076444080866091,473,1464076442836438959,,0.0,-10.0
1464076444081128538,474,1464076442853695319,,0.0,-10.0
1464076444081425725,475,1464076442880595872,,0.0,-10.0
1464076444081602027,476,1464076442906575750,,0.0,-10.0
1464076444081728224,477,1464076442928127047,,0.0,-10.0
1464076444081775412,478,1464076442949695114,,0.0,10.0
1464076444082117859,479,1464076442973055103,,0.0,10.0
1464076444082169838,480,1464076442996016136,,0.0,-10.0
1464076444082208171,481,1464076443020244977,,0.0,-10.0
1464076444082456087,482,1464076443046725583,,0.0,10.0
1464076444084444780,483,1464076443068969065,,0.0,10.0
1464076444084897487,484,1464076443091331297,,0.0,10.0
1464076444084942278,485,1464076443116824874,,0.0,10.0
1464076444084982486,486,1464076443143832823,,0.0,-10.0
1464076444085393579,487,1464076443174149512,,0.0,-10.0
1464076444085440819,488,1464076443205371408,,0.0,-10.0
1464076444085478579,489,1464076443241457092,,0.0,-10.0
1464076444085894828,490,1464076443271492168,,0.0,-10.0
1464076444085937692,491,1464076443296424913,,0.0,-10.0
1464076444085973525,492,1464076443316438454,,0.0,10.0
1464076444086006859,493,1464076443339856464,,0.0,10.0
1464076444086257796,494,1464076443361689426,,0.0,-10.0
1464076444086495816,495,1464076443380231720,,0.0,-10.0
1464076444086733419,496,1464076443400886665,,0.0,-10.0
1464076444086971127,497,1464076443424181290,,0.0,-10.0
1464076444087263157,498,1464076443446665865,,0.0,10.0
1464076444088939559,499,1464076443468442265,,0.0,10.0
1464076444089262475,500,1464076443488457836,,0.0,10.0
1464076444089522891,501,1464076443509641060,,0.0,10.0
1464076444090978564,502,1464076443529180279,,0.0,10.0
1464076444091264397,503,1464076443560540143,,0.0,10.0
1464076444091549656,504,1464076443582781958,,0.0,-10.0
1464076444091804604,505,1464076443605067419,,0.0,-10.0
1464076444092068717,506,1464076443626282987,,0.0,10.0
1464076444092320123,507,1464076443648468917,,0.0,10.0
1464076444092594497,508,1464076443675729157,,0.0,-10.0
1464076444092856528,509,1464076443695646343,,0.0,-10.0
1464076444092904809,510,1464076443719147686,,0.0,10.0
1464076444093341943,511,1464076443745900844,,0.0,10.0
1464076444093390797,512,1464076443768742814,,0.0,10.0
1464076444093617047,513,1464076443791536867,,0.0,10.0
1464076444093679078,514,1464076443816445446,,0.0,10.0
1464076444093717046,515,1464076443839030802,,0.0,10.0
1464076444093754650,516,1464076443860965223,,0.0,-10.0
1464076444094009598,517,1464076443889254730,,0.0,-10.0
1464076444094058973,518,1464076443914551641,,0.0,10.0
1464076444094358034,519,1464076443941047560,,0.0,10.0
1464076444094648190,520,1464076443955937885,,0.0,-10.0
1464076444094926887,521,1464076443984589683,,0.0,-10.0
1464076444095204907,522,1464076444007849152,,0.0,-10.0
1464076444095251157,523,1464076444028130295,,0.0,-10.0
1464076444095290323,524,1464076444053918507,,0.0,-10.0
1464076444095658968,525,1464076444075469231,,0.0,-10.0
1464076444716925167,526,1464076444091965384,,0.0,10.0
1464076444716964073,527,1464076444126619979,,0.0,10.0
1464076444717000479,528,1464076444161389105,,0.0,-10.0
1464076444717042146,529,1464076444173037407,,0.0,-10.0
1464076444719822607,530,1464076444212626050,,0.0,10.0
1464076444722491715,531,1464076444272387088,,0.0,10.0
1464076444722552287,532,1464076444322457527,,0.0,-10.0
1464076444725801654,533,1464076444366469805,,0.0,-10.0
1464076444725879101,534,1464076444410884008,,0.0,-10.0
1464076444725960559,535,1464076444448537814,,0.0,-10.0
1464076444726005559,536,1464076444481227622,,0.0,10.0
1464076444726043372,537,1464076444512422434,,0.0,10.0
1464076444728403574,538,1464076444548058953,,0.0,-10.0
1464076444728464042,539,1464076444574557111,,0.0,-10.0
1464076444733255019,540,1464076444603486357,,0.0,10.0
1464076444733317206,541,1464076444632000551,,0.0,10.0
1464076444733370592,542,1464076444669270503,,0.0,-10.0
1464076444736851311,543,1464076444690229197,,0.0,-10.0
1464076444740652499,544,1464076444715752931,,0.0,-10.0
1464076445396120429,545,1464076444740106251,,0.0,-10.0
1464076445396395428,546,1464076444767137116,,0.0,-10.0
1464076445396707563,547,1464076444789873930,,0.0,-10.0
1464076445397012406,548,1464076444813675949,,0.0,10.0
1464076445397314488,549,1464076444846212997,,0.0,10.0
1464076445397696883,550,1464076444872473604,,0.0,10.0
1464076445398025580,551,1464076444896626248,,0.0,10.0
1464076445398305736,552,1464076444920215611,,0.0,-10.0
1464076445398601985,553,1464076444943085290,,0.0,-10.0
1464076445398905682,554,1464076444964828461,,0.0,-10.0
1464076445399178963,555,1464076444989148864,,0.0,-10.0
1464076445399471045,556,1464076445009221987,,0.0,-10.0
1464076445399749430,557,1464076445030565836,,0.0,-10.0
1464076445400036877,558,1464076445050850886,,0.0,10.0
1464076445400310991,559,1464076445071814476,,0.0,10.0
1464076445400648282,560,1464076445087312663,,0.0,-10.0
1464076445400963906,561,1464076445108083701,,0.0,-10.0
1464076445401242863,562,1464076445128793542,,0.0,10.0
1464076445401513852,563,1464076445148928696,,0.0,10.0
1464076445401803278,564,1464076445170234681,,0.0,10.0
1464076445402098382,565,1464076445189716712,,0.0,10.0
1464076445402411141,566,1464076445209584263,,0.0,10.0
1464076445402728380,567,1464076445229813427,,0.0,10.0
1464076445402993119,568,1464076445261669644,,0.0,10.0
1464076445403285306,569,1464076445296196583,,0.0,10.0
1464076445403563065,570,1464076445339988184,,0.0,-10.0
1464076445404017127,571,1464076445383554421,,0.0,-10.0
1464076445463117020,572,1464076445426268213,,0.0,10.0
1464076445482486291,573,1464076445469493566,,0.0,10.0
1464076445520026086,574,1464076445511918921,,0.0,-10.0
1464076445584080186,575,1464076445561327642,,0.0,-10.0
1464076445605968825,576,1464076445566152682,,0.0,-10.0
1464076445606021220,577,1464076445580525039,,0.0,-10.0
1464076445606057418,578,1464076445591973602,,0.0,10.0
1464076445684346427,579,1464076445617063951,,0.0,10.0
1464076445684888926,580,1464076445655532963,,0.0,-10.0
1464076445712724059,581,1464076445702284817,,0.0,-10.0
1464076445764598608,582,1464076445747560841,,0.0,-10.0
1464076445798945287,583,1464076445794346861,,0.0,-10.0
1464076445864940578,584,1464076445845131413,,0.0,10.0
1464076445906955726,585,1464076445900906367,,0.0,10.0
1464076445956973561,586,1464076445950340349,,0.0,-10.0
1464076446034649342,587,1464076446005893430,,0.0,-10.0
1464076446072346741,588,1464076446063038485,,0.0,-10.0
1464076446124208789,589,1464076446112893299,,0.0,-10.0
1464076446180323014,590,1464076446173732459,,0.0,10.0
1464076446230182984,591,1464076446223379409,,0.0,10.0
1464076446282868156,592,1464076446275861612,,0.0,10.0
1464076446334894058,593,1464076446316601398,,0.0,10.0
1464076446369957349,594,1464076446363099503,,0.0,-10.0
1464076446418716854,595,1464076446410558647,,0.0,-10.0
1464076446483283556,596,1464076446462700955,,0.0,10.0
1464076446560336578,597,1464076446514039723,,0.0,10.0
1464076446576451691,598,1464076446568958013,,0.0,10.0
1464076446614762266,599,1464076446582047405,,0.0,10.0
1464076446615075338,600,1464076446602103185,,0.0,-10.0
1464076446674518876,601,1464076446625779267,,0.0,-10.0
1464076446675008042,602,1464076446668002487,,0.0,10.0
1464076446728891543,603,1464076446707182487,,0.0,10.0
1464076446773287309,604,1464076446751062317,,0.0,10.0
1464076446796219800,605,1464076446766662015,,0.0,10.0
1464076446796579070,606,1464076446782424472,,0.0,10.0
1464076446850499394,607,1464076446815933497,,0.0,10.0
1464076446863337693,608,1464076446854914538,,0.0,10.0
1464076446885855497,609,1464076446875743701,,0.0,10.0
1464076446931098136,610,1464076446916573748,,0.0,-10.0
1464076446945324765,611,1464076446922923314,,0.0,-10.0
1464076446994095207,612,1464076446959079259,,0.0,10.0
1464076446994486664,613,1464076446975309580,,0.0,10.0
1464076447014508538,614,1464076446995262547,,0.0,10.0
1464076447082979239,615,1464076447024719864,,0.0,10.0
1464076447083027468,616,1464076447037203998,,0.0,-10.0
1464076447083065802,617,1464076447062700804,,0.0,-10.0
1464076447105220898,618,1464076447085713607,,0.0,10.0
1464076447105589595,619,1464076447090271147,,0.0,10.0
1464076447109911042,620,1464076447103069238,,0.0,-10.0
1464076447126782351,621,1464076447123111944,,0.0,-10.0
1464076447176251281,622,1464076447144314335,,0.0,-10.0
1464076447176577582,623,1464076447166561984,,0.0,-10.0
1464076447195886176,624,1464076447183145898,,0.0,10.0
1464076447215529040,625,1464076447204985891,,0.0,10.0
1464076447233786804,626,1464076447223202457,,0.0,-10.0
1464076447258371998,627,1464076447243170320,,0.0,-10.0
1464076447286396767,628,1464076447264776825,,0.0,10.0
1464076447286436246,629,1464076447283141671,,0.0,10.0
1464076447336485278,630,1464076447312058469,,0.0,10.0
1464076447336638247,631,1464076447328545560,,0.0,10.0
1464076447355396061,632,1464076447347799258,,0.0,-10.0
1464076447383780047,633,1464076447362991770,,0.0,-10.0
1464076447393898249,634,1464076447389158783,,0.0,-10.0
1464076447446305192,635,1464076447412787990,,0.0,-10.0
1464076447553693186,636,1464076447446698004,,0.0,10.0
1464076447553750060,637,1464076447476049227,,0.0,10.0
1464076447559517232,638,1464076447506913103,,0.0,10.0
1464076447559565357,639,1464076447534706361,,0.0,10.0
1464076447559826867,640,1464076447552174075,,0.0,-10.0
1464076447583401752,641,1464076447568955020,,0.0,-10.0
1464076447593242298,642,1464076447586065963,,0.0,-10.0
1464076447608647309,643,1464076447590557045,,0.0,-10.0
1464076447648476421,644,1464076447609799650,,0.0,10.0
1464076447648532775,645,1464076447642308104,,0.0,10.0
1464076447678365507,646,1464076447656658639,,0.0,10.0
1464076447678693319,647,1464076447664469243,,0.0,10.0
1464076447698491183,648,1464076447684156690,,0.0,10.0
1464076447718133109,649,1464076447708042772,,0.0,10.0
1464076447733094475,650,1464076447724151322,,0.0,10.0
1464076447753657389,651,1464076447744061685,,0.0,10.0
1464076447852844675,652,1464076447769464638,,0.0,10.0
1464076447852882748,653,1464076447803180017,,0.0,10.0
1464076447852919258,654,1464076447816349252,,0.0,10.0
1464076447852969675,655,1464076447841843611,,0.0,10.0
1464076447960613813,656,1464076447863293866,,0.0,10.0
1464076447960874854,657,1464076447880191477,,0.0,10.0
1464076447960919594,658,1464076447895032635,,0.0,10.0
1464076447960954333,659,1464076447912251807,,0.0,10.0
1464076447967894627,660,1464076447929155252,,0.0,10.0
1464076447968400407,661,1464076447949511916,,0.0,10.0
1464076448000089228,662,1464076447970705765,,0.0,-10.0
1464076448000261051,663,1464076447988351864,,0.0,-10.0
1464076448019476676,664,1464076448010881439,,0.0,-10.0
1464076448140579685,665,1464076448039693497,,0.0,-10.0
1464076448153259286,666,1464076448068307899,,0.0,-10.0
1464076448153620744,667,1464076448088999302,,0.0,-10.0
1464076448154266523,668,1464076448109891850,,0.0,-10.0
1464076448154328815,669,1464076448129663204,,0.0,-10.0
1464076448154727824,670,1464076448151412104,,0.0,-10.0
1464076448373656351,671,1464076448180634890,,0.0,-10.0
1464076448373823695,672,1464076448202449571,,0.0,-10.0
1464076448373860830,673,1464076448220291086,,0.0,-10.0
1464076448373915517,674,1464076448241126967,,0.0,-10.0
1464076448373949997,675,1464076448266834763,,0.0,-10.0
1464076448373983278,676,1464076448284711173,,0.0,10.0
1464076448374211819,677,1464076448313349169,,0.0,10.0
1464076448375258795,678,1464076448326708665,,0.0,10.0
1464076448379745189,679,1464076448340166441,,0.0,10.0
1464076448393294007,680,1464076448350901725,,0.0,-10.0
1464076448393831818,681,1464076448376658114,,0.0,-10.0
1464076448593187586,682,1464076448409609120,,0.0,-10.0
1464076448593255554,683,1464076448431972289,,0.0,-10.0
1464076448594398832,684,1464076448444947983,,0.0,-10.0
1464076448594471176,685,1464076448463434444,,0.0,-10.0
1464076448594513780,686,1464076448498810964,,0.0,-10.0
1464076448596164869,687,1464076448535558990,,0.0,-10.0
1464076448597425960,688,1464076448578833093,,0.0,-10.0
1464076448639776107,689,1464076448622563861,,0.0,-10.0
1464076448671183366,690,1464076448663762553,,0.0,10.0
1464076448722184167,691,1464076448705511295,,0.0,10.0
1464076448746592643,692,1464076448728539150,,0.0,10.0
1464076448784526656,693,1464076448760390314,,0.0,10.0
1464076448784948686,694,1464076448768730500,,0.0,10.0
1464076448803134419,695,1464076448797015008,,0.0,10.0
1464076448823857957,696,1464076448815068762,,0.0,10.0
1464076448853859335,697,1464076448833334390,,0.0,10.0
1464076448867341799,698,1464076448854997977,,0.0,-10.0
1464076448898064164,699,1464076448892538658,,0.0,-10.0
1464076448911269441,700,1464076448902499152,,0.0,-10.0
1464076448919470878,701,1464076448908684500,,0.0,-10.0
1464076448941348683,702,1464076448929464757,,0.0,-10.0
1464076448963891071,703,1464076448947983249,,0.0,-10.0
1464076448989578033,704,1464076448967005281,,0.0,10.0
1464076448993189117,705,1464076448982807687,,0.0,10.0
1464076449013930989,706,1464076449010371623,,0.0,10.0
1464076449051405992,707,1464076449037261812,,0.0,10.0
1464076449083861583,708,1464076449073643120,,0.0,-10.0
1464076449113682336,709,1464076449096338737,,0.0,-10.0
1464076449113797075,710,1464076449107860320,,0.0,-10.0
1464076449198164922,711,1464076449124254130,,0.0,-10.0
1464076449198931951,712,1464076449131732235,,0.0,10.0
1464076449200301531,713,1464076449172129315,,0.0,10.0
1464076449711182348,714,1464076449201391788,,0.0,10.0
1464076449711694378,715,1464076449226667033,,0.0,10.0
1464076449712574584,716,1464076449248512756,,0.0,-10.0
1464076449714071664,717,1464076449267720412,,0.0,-10.0
1464076449715496399,718,1464076449285397969,,0.0,10.0
1464076449716052804,719,1464076449303243130,,0.0,10.0
1464076449716105721,720,1464076449324071824,,0.0,10.0
1464076449716146085,721,1464076449342972502,,0.0,10.0
1464076449716187283,722,1464076449364241299,,0.0,10.0
1464076449716792125,723,1464076449384279735,,0.0,10.0
1464076449719011077,724,1464076449405132336,,0.0,10.0
1464076449720602688,725,1464076449426945975,,0.0,10.0
1464076449721621852,726,1464076449448681021,,0.0,10.0
1464076449722429870,727,1464076449468895706,,0.0,10.0
1464076449722836900,728,1464076449490050702,,0.0,10.0
1464076449722898098,729,1464076449511469394,,0.0,10.0
1464076449726912306,730,1464076449541300304,,0.0,10.0
1464076449726986994,731,1464076449564253940,,0.0,10.0
1464076449727026733,732,1464076449584725135,,0.0,-10.0
1464076449727061837,733,1464076449607529762,,0.0,-10.0
1464076449728034855,734,1464076449629825744,,0.0,10.0
1464076449730576151,735,1464076449652784224,,0.0,10.0
1464076449732224219,736,1464076449682384196,,0.0,-10.0
1464076449733362601,737,1464076449720895812,,0.0,-10.0
1464076450751482007,738,1464076449750992294,,0.0,-10.0
1464076450752364713,739,1464076449787078030,,0.0,-10.0
1464076450753246585,740,1464076449820700753,,0.0,-10.0
1464076450753984240,741,1464076449855664721,,0.0,-10.0
1464076450754860800,742,1464076449891779000,,0.0,-10.0
1464076450756058453,743,1464076449923714903,,0.0,-10.0
1464076450756659128,744,1464076449951339934,,0.0,-10.0
1464076450757110638,745,1464076449993854663,,0.0,-10.0
1464076450759090893,746,1464076450025964629,,0.0,10.0
1464076450759876776,747,1464076450055307676,,0.0,10.0
1464076450761270054,748,1464076450093523771,,0.0,-10.0
1464076450762134218,749,1464076450129542268,,0.0,-10.0
1464076450762647341,750,1464076450160913122,,0.0,-10.0
1464076450763567704,751,1464076450190446324,,0.0,-10.0
1464076450765856968,752,1464076450217634115,,0.0,10.0
1464076450766461915,753,1464076450250693923,,0.0,10.0
1464076450766909934,754,1464076450277669215,,0.0,-10.0
1464076450767526391,755,1464076450320868370,,0.0,-10.0
1464076450767818786,756,1464076450378793371,,0.0,-10.0
1464076450768494774,757,1464076450419780396,,0.0,-10.0
1464076450769791958,758,1464076450464447776,,0.0,-10.0
1464076450771163308,759,1464076450506116519,,0.0,-10.0
1464076450771796744,760,1464076450554232484,,0.0,10.0
1464076450772977626,761,1464076450581194807,,0.383869707584,10.0
1464076450773622885,762,1464076450623673027,,0.901667356491,-10.0
1464076450774624289,763,1464076450667350722,,1.50368595123,-10.0
1464076450775384495,764,1464076450708084779,,2.00536799431,10.0
1464076450777068397,765,1464076450749416387,,2.44113755226,10.0
1464076451266864792,766,1464076450795295587,,2.82283306122,10.0
1464076451267272134,767,1464076450836844278,,3.14091253281,10.0
1464076451268188278,768,1464076450871722987,,3.42544937134,-10.0
1464076451269376399,769,1464076450888480650,,3.66256332397,-10.0
1464076451271868268,770,1464076450917811457,,3.86015820503,10.0
1464076451272440714,771,1464076450961238944,,4.04527664185,10.0
1464076451272858578,772,1464076450998499157,,4.19954204559,-10.0
1464076451273435034,773,1464076451042908048,,4.30764055252,-10.0
1464076451274509198,774,1464076451086423296,,4.41817903519,10.0
1464076451276323829,775,1464076451129983075,,4.53181314468,10.0
1464076451277439555,776,1464076451171252288,,4.59977912903,-10.0
1464076451278736531,777,1464076451216016907,,4.66162776947,-10.0
1464076451279394185,778,1464076451259270697,,4.72920322418,-10.0
1464076451514161003,779,1464076451301586053,,4.78551626205,-10.0
1464076451514632565,780,1464076451344566979,,4.83792734146,10.0
1464076451515757718,781,1464076451386508117,,4.89849090576,10.0
1464076451516606257,782,1464076451429786751,,4.9320731163,10.0
1464076451517079121,783,1464076451471895856,,4.96005821228,10.0
1464076451519421614,784,1464076451514138191,,5.00026655197,-10.0
1464076451707396110,785,1464076451557268023,,5.03955316544,-10.0
1464076451710632820,786,1464076451602317017,,5.07229185104,-10.0
1464076451711664641,787,1464076451643739146,,5.11738348007,-10.0
1464076451712524847,788,1464076451691567142,,5.15495967865,-10.0
1464076451816139465,789,1464076451733122448,,5.18627309799,-10.0
1464076451817049983,790,1464076451777695974,,5.21846723557,-10.0
1464076451852580669,791,1464076451824077985,,5.23919630051,-10.0
1464076451882725901,792,1464076451871848794,,5.26256990433,10.0
1464076451944878442,793,1464076451918423201,,5.30085659027,10.0
1464076451970901654,794,1464076451962374281,,5.33920860291,10.0
1464076452020092616,795,1464076452012553000,,5.36472225189,10.0
1464076452067208896,796,1464076452057968452,,5.3671746254,10.0
1464076452151419555,797,1464076452114536217,,5.38802719116,10.0
1464076452205742899,798,1464076452157964225,,5.41185045242,10.0
1464076452207581123,799,1464076452200887860,,5.42525720596,10.0
1464076452257215313,800,1464076452220622651,,5.43642950058,10.0
1464076452272170013,801,1464076452266856589,,5.47208166122,10.0
1464076452323203261,802,1464076452311116887,,5.5017914772,-10.0
1464076452379482433,803,1464076452356672130,,5.500207901,-10.0
1464076452418606703,804,1464076452406980745,,5.52522993088,-10.0
1464076452457765140,805,1464076452450593388,,5.54608201981,-10.0
1464076452512160150,806,1464076452496588682,,5.56345844269,10.0
1464076452587732031,807,1464076452542639860,,5.57793903351,10.0
1464076452595148834,808,1464076452587362657,,5.59000587463,10.0
1464076452684063179,809,1464076452632479099,,5.57371997833,10.0
1464076452685631873,810,1464076452675027787,,5.61439323425,-14.3199996948
1464076452763472029,811,1464076452718410483,,5.64828777313,-15.6800003052
1464076452763976923,812,1464076452759259540,,5.6765332222,13.4399995804
1464076452809349406,813,1464076452785682646,,5.67899227142,-10.0
1464076452835602356,814,1464076452807881389,,5.68104171753,-10.0
1464076452858620315,815,1464076452828615864,,5.71106386185,-10.0
1464076452870600439,816,1464076452841257810,,5.72884654999,10.0
1464076452892217985,817,1464076452858468701,,5.74366521835,10.0
1464076452948617990,818,1464076452873751577,,5.75601434708,10.0
1464076452949219395,819,1464076452895685424,,5.76630544662,10.0
1464076452950073351,820,1464076452915937766,,5.77488136292,10.0
1464076452950565641,821,1464076452931761838,,5.78202772141,10.0
1464076453103160597,822,1464076452949525592,,5.78798294067,10.0
1464076453103748356,823,1464076452963119410,,5.79294586182,10.0
1464076453104332833,824,1464076452976534061,,5.79708147049,10.0
1464076453105397205,825,1464076452995548698,,5.80052804947,10.0
1464076453106080172,826,1464076453015444790,,5.80340003967,10.0
1464076453107075013,827,1464076453060774461,,5.80579328537,10.0
1464076453110130266,828,1464076453103941689,,5.83739471436,-10.0
1464076453256470030,829,1464076453147714488,,5.83412218094,-11.7600002289
1464076453257918255,830,1464076453191214944,,5.86100196838,-16.2399997711
1464076453258871273,831,1464076453234427641,,5.88340187073,-16.6399993896
1464076453430831281,832,1464076453275223990,,5.90206813812,-10.4799995422
1464076453432238569,833,1464076453300853244,,5.92531013489,-17.4400005341
1464076453433074556,834,1464076453317310231,,5.94467830658,-17.2000007629
1464076453434465177,835,1464076453333629666,,5.96081876755,-16.8799991608
1464076453434801583,836,1464076453358409860,,5.93697547913,-16.8799991608
1464076453435239081,837,1464076453373736382,,5.91710615158,-17.7600002289
1464076453436048767,838,1464076453395084085,,5.93015527725,-17.2800006866
1464076453438506104,839,1464076453417263765,,5.94102954865,-16.8799991608
1464076453439878965,840,1464076453434572156,,5.950091362,-16.3999996185
1464076453633516466,841,1464076453455387100,,5.92090654373,-16.4799995422
1464076453634057142,842,1464076453476908553,,5.9037156105,-16.9599990845
1464076453634103809,843,1464076453493484707,,5.88938951492,-17.2000007629
1464076453634139225,844,1464076453513579496,,5.90705823898,-17.1200008392
1464076453635488284,845,1464076453542375669,,5.92178201675,-17.1200008392
1464076453635540003,846,1464076453558174169,,5.93405199051,-16.5599994659
1464076453635853335,847,1464076453577187711,,5.91466999054,-16.4799995422
1464076453636927551,848,1464076453593693813,,5.92812490463,-16.4799995422
1464076453639409888,849,1464076453617069063,,5.93933773041,10.0
1464076453892091711,850,1464076453638628172,,5.94868135452,10.0
1464076453892784261,851,1464076453668649966,,5.95646810532,10.0
1464076453894011810,852,1464076453675350729,,5.96295690536,-10.0
1464076453894561912,853,1464076453704245183,,5.96836423874,-10.0
1464076453894640193,854,1464076453726778925,,5.97287034988,-10.0
1464076453895229671,855,1464076453752175211,,5.9766254425,-10.0
1464076453896424928,856,1464076453780462895,,5.95014762878,10.0
1464076453896991750,857,1464076453813892806,,5.96537637711,-10.2399997711
1464076453897385186,858,1464076453846111626,,5.97038030624,-16.1599998474
1464076453900406376,859,1464076453872263378,,5.96698045731,-16.5599994659
1464076454345900285,860,1464076453899389347,,5.97171735764,-15.8400001526
1464076454346338982,861,1464076453925423705,,5.97566461563,-17.2000007629
1464076454346887783,862,1464076453957125703,,5.9493470192,-18.0799999237
1464076454347282626,863,1464076453978181532,,5.92741584778,-16.4799995422
1464076454347936270,864,1464076454002361155,,5.97021865845,-17.1200008392
1464076454348847205,865,1464076454022788391,,5.96684598923,-17.1200008392
1464076454349305485,866,1464076454043758491,,5.9716053009,-17.4400005341
1464076454353537713,867,1464076454064592290,,5.97557115555,-17.2000007629
1464076454354021357,868,1464076454084622913,,5.97887611389,-17.2000007629
1464076454354610366,869,1464076454105994887,,5.98163032532,-17.6000003815
1464076454355055730,870,1464076454126432124,,5.98392534256,-17.1200008392
1464076454355515364,871,1464076454148486961,,5.99352455139,-17.2000007629
1464076454360709048,872,1464076454166691495,,5.99383735657,-17.1200008392
1464076454361188578,873,1464076454187400242,,6.01751756668,-17.1200008392
1464076454361862222,874,1464076454210961324,,6.01383161545,-17.1200008392
1464076454362514408,875,1464076454231505019,,6.01075983047,-16.8799991608
1464076454363030917,876,1464076454254530999,,6.03162002563,-16.7199993134
1464076454364569142,877,1464076454276871773,,6.02558374405,-17.0400009155
1464076454365444087,878,1464076454302475089,,6.04397296906,-16.4799995422
1464076454366164294,879,1464076454331682980,,6.05929756165,-16.8799991608
1464076454370472147,880,1464076454357421921,,6.08012056351,-16.8799991608
1464076454722317662,881,1464076454383925079,,6.06600046158,-16.8799991608
1464076454722811514,882,1464076454415102964,,6.07765388489,-17.2000007629
1464076454723128493,883,1464076454448119647,,6.08736515045,-17.8400001526
1464076454723402555,884,1464076454475671344,,6.07203769684,-17.2800006866
1464076454723679637,885,1464076454505954127,,6.09891748428,-17.2800006866
1464076454723935105,886,1464076454539779714,,6.11313676834,-17.2000007629
1464076454724236354,887,1464076454563526212,,6.12498617172,-17.1200008392
1464076454724515937,888,1464076454591256398,,6.11107540131,-17.0400009155
1464076454724777707,889,1464076454614837273,,6.12326860428,-17.2000007629
1464076454725152185,890,1464076454643699487,,6.13342952728,-17.2000007629
1464076454725803538,891,1464076454671399100,,6.14189720154,-17.2000007629
1464076454726209682,892,1464076454699826159,,6.14895343781,-17.1200008392
1464076454856878030,893,1464076454731681126,,6.16301393509,-17.1200008392
1464076454857154071,894,1464076454758519179,,6.17473077774,-16.4799995422
1464076454859560575,895,1464076454790258417,,6.17631483078,-17.6800003052
1464076454863314679,896,1464076454817047043,,6.17763471603,-16.8799991608
1464076454863795980,897,1464076454846158267,,6.18691492081,-16.2399997711
1464076455000793946,898,1464076454877444954,,6.21998691559,-16.5599994659
1464076455000861654,899,1464076454907175135,,6.21402835846,-16.5599994659
1464076455000899779,900,1464076454940743065,,6.20906257629,-15.6800003052
1464076455002205557,901,1464076454970939912,,6.20492458344,-15.9200000763
1464076455063507320,902,1464076455009606006,,6.2264122963,-15.7600002289
1464076455063548726,903,1464076455050724958,,6.21938276291,-10.8800001144
1464076455253183426,904,1464076455090473393,,6.21352481842,-10.0
1464076455253433894,905,1464076455097303167,,6.20864295959,-10.0
1464076455253484623,906,1464076455127586627,,6.24681711197,10.0
1464076455254846911,907,1464076455153586401,,6.24456691742,10.0
1464076455255126441,908,1464076455177163109,,6.23451137543,-10.0
1464076455255623315,909,1464076455223046944,,6.25106811523,-10.0
1464076455276469353,910,1464076455264173813,,6.27344799042,-10.0
1464076455328660671,911,1464076455306735105,,6.25052690506,-10.0
1464076455360561836,912,1464076455343797245,,6.26441431046,-16.2399997711
1464076455494093300,913,1464076455370976964,,6.24299860001,-16.1599998474
1464076455495499443,914,1464076455412899143,,6.25814056396,10.0
1464076455501342656,915,1464076455461594325,,6.24582290649,10.0
1464076456063140889,916,1464076455506225143,,6.24373817444,-10.0
1464076456063411253,917,1464076455552180332,,6.26733970642,-10.0
1464076456065211821,918,1464076455598072761,,6.28700780869,-10.0
1464076456066307183,919,1464076455641536238,,6.30339765549,-10.0
1464076456066624630,920,1464076455693466985,,6.28353691101,14.6400003433
1464076456067923272,921,1464076455743640913,,6.29192256927,22.3999996185
1464076456068309209,922,1464076455788005950,,6.27397441864,23.0400009155
1464076456068714937,923,1464076455831782499,,6.28395414352,22.4799995422
1464076456068767645,924,1464076455876800972,,6.29227018356,22.3999996185
1464076456069137123,925,1464076455920242731,,6.27426433563,22.2399997711
1464076456069225560,926,1464076455964990319,,6.28419542313,21.9200000763
1464076456069266967,927,1464076456008027443,,6.2757153511,22.2399997711
1464076456069715820,928,1464076456050243580,,6.26046848297,22.4799995422
1464076456162675102,929,1464076456090046650,,6.28128147125,22.3999996185
1464076456165066606,930,1464076456134863197,,6.26510715485,21.3600006104
1464076456196129439,931,1464076456183275515,,6.2516283989,22.8799991608
1464076456236389279,932,1464076456227748417,,6.24857616425,23.1200008392
1464076456279466455,933,1464076456272797619,,6.26278877258,23.1200008392
1464076456330906005,934,1464076456324652584,,6.24164390564,23.0400009155
1464076456369899390,935,1464076456365070080,,6.22402334213,23.1200008392
1464076456416716556,936,1464076456411575267,,6.21739196777,22.4799995422
1464076456469008343,937,1464076456461559873,,6.20381355286,23.1200008392
1464076456704991564,938,1464076456492290207,,6.23406934738,23.0400009155
1464076456705222657,939,1464076456510793022,,6.25928211212,23.1200008392
1464076456705264688,940,1464076456542357521,,6.28029298782,23.9200000763
1464076456705299011,941,1464076456566152093,,6.30652523041,23.1200008392
1464076456705537135,942,1464076456585767144,,6.32838535309,23.0400009155
1464076456705769895,943,1464076456624718446,,6.30436038971,22.9599990845
1464076456706191144,944,1464076456651346239,,6.30927562714,23.1200008392
1464076456708702856,945,1464076456681153347,,6.28038311005,23.1200008392
1464076456708769939,946,1464076456694803883,,6.25630617142,23.0400009155
1464076456791636228,947,1464076456724957240,,6.23624181747,23.0400009155
1464076456792139039,948,1464076456759667355,,6.26109266281,23.1200008392
1464076456792495600,949,1464076456772626226,,6.28180170059,22.5599994659
1464076456810245136,950,1464076456792691068,,5.74219799042,22.5599994659
1464076456820896618,951,1464076456818929279,,5.29056930542,23.1200008392
1464076456848081076,952,1464076456832719919,,4.91421127319,23.1200008392
1464076456892576999,953,1464076456857312822,,5.16812372208,22.3999996185
1464076456893215434,954,1464076456880103803,,5.36241149902,23.0400009155
1464076456921628223,955,1464076456903124522,,5.52431821823,23.1200008392
1464076456921931972,956,1464076456912817257,,5.65924024582,23.1200008392
1464076456942372698,957,1464076456937107765,,5.73868703842,23.1200008392
1464076456974637247,958,1464076456967083674,,5.84646368027,23.0400009155
1464076457013887038,959,1464076457006787369,,5.90275859833,23.1200008392
1464076457184682205,960,1464076457037925150,,5.98319005966,23.0400009155
1464076457184745955,961,1464076457062179825,,6.05021619797,23.1200008392
1464076457184783923,962,1464076457082721228,,6.07255268097,23.1200008392
1464076457185015121,963,1464076457104597420,,6.11610269547,24.1599998474
1464076457188057873,964,1464076457124414658,,6.16097688675,23.1200008392
1464076457189597817,965,1464076457143373930,,6.19837188721,23.0400009155
1464076457189939274,966,1464076457164627467,,6.220952034,23.1200008392
1464076457190730834,967,1464076457184095123,,6.20677995682,23.8400001526
1464076457343956882,968,1464076457205598138,,6.19497013092,23.1200008392
1464076457344011726,969,1464076457226310114,,6.18512868881,23.0400009155
1464076457344062611,970,1464076457246359019,,6.21849822998,23.1200008392
1464076457344113861,971,1464076457266947661,,6.24630641937,23.1200008392
1464076457344150944,972,1464076457284544697,,6.27820301056,23.1200008392
1464076457344293235,973,1464076457303080846,,6.30478382111,23.0400009155
1464076457366780414,974,1464076457330123169,,6.30962848663,23.2800006866
1464076457368391139,975,1464076457340533506,,6.33097171783,23.1200008392
1464076457368928742,976,1464076457351406810,,6.34875774384,23.1200008392
1464076457369191866,977,1464076457360811681,,6.36357927322,23.1200008392
1464076457403196567,978,1464076457387768796,,6.35862445831,23.2000007629
1464076457452333258,979,1464076457425510622,,6.36307811737,23.0400009155
1464076457525165146,980,1464076457454017576,,6.37551307678,23.1200008392
1464076457528502377,981,1464076457477337722,,6.37715196609,23.1200008392
1464076457530085602,982,1464076457502000989,,6.38724088669,23.1200008392
1464076457634737925,983,1464076457533338457,,6.38692522049,23.1200008392
1464076457635060737,984,1464076457560023698,,6.38666200638,23.1200008392
1464076457635548235,985,1464076457598570001,,6.37786006927,24.2399997711
1464076457652841262,986,1464076457644970919,,6.37052536011,23.1200008392
1464076457696315885,987,1464076457691494335,,6.40876817703,23.9200000763
1464076457740253163,988,1464076457733884274,,6.40486478806,23.1200008392
1464076457786360696,989,1464076457781651490,,6.40161180496,23.1200008392
1464076457836534884,990,1464076457831895313,,6.4255065918,23.1200008392
1464076457862022212,991,1464076457842510181,,6.44541883469,23.1200008392
1464076457862382054,992,1464076457846183452,,6.43540668488,23.1200008392
1464076457898678415,993,1464076457873806451,,6.41848087311,23.1200008392
1464076457899087112,994,1464076457894383010,,6.42168188095,23.1200008392
1464076457916731596,995,1464076457909767292,,6.42434930801,23.0400009155
1464076457976332218,996,1464076457934039206,,6.45362138748,23.1200008392
1464076457990938637,997,1464076457980732622,,6.43365955353,23.1200008392
1464076458022492771,998,1464076458004071779,,6.43433094025,22.4799995422
1464076458053532792,999,1464076458025158910,,6.45277261734,21.8400001526
1464076458086392860,1000,1464076458056018879,,6.46814060211,23.1200008392
1464076458094749869,1001,1464076458083472034,,6.45434188843,23.8400001526
1464076458126190514,1002,1464076458105069477,,6.43426036835,23.2800006866
1464076458156542880,1003,1464076458134719710,,6.45271396637,23.0400009155
1464076458401513317,1004,1464076458168836493,,6.45020961761,23.0400009155
1464076458401808733,1005,1464076458201390364,,6.46600484848,29.5200004578
1464076458403512062,1006,1464076458229504299,,6.4791674614,23.0400009155
1464076458403564197,1007,1464076458255181887,,6.45494794846,23.0400009155
1464076458403798623,1008,1464076458276345371,,6.47912025452,23.1200008392
1464076458405136537,1009,1464076458304342796,,6.4900970459,23.0400009155
1464076458406592835,1010,1464076458338162029,,6.49022912979,23.0400009155
1464076458407151635,1011,1464076458363340867,,6.4641661644,22.8799991608
1464076458407597467,1012,1464076458391910634,,6.48680210114,23.1200008392
1464076458583091372,1013,1464076458423609924,,6.50566530228,23.9200000763
1464076458583380954,1014,1464076458450549956,,6.52138471603,22.4799995422
1464076458583661422,1015,1464076458474069841,,6.54380559921,23.1200008392
1464076458583942724,1016,1464076458500300656,,6.55316829681,23.2800006866
1464076458584213608,1017,1464076458505232883,,6.5609703064,23.2800006866
1464076458594751966,1018,1464076458548434902,,6.56747198105,23.2800006866
1464076458597825447,1019,1464076458577090034,,6.57289028168,23.0400009155
1464076458598280602,1020,1464076458593269470,,6.57740545273,23.0400009155
1464076458633124623,1021,1464076458613581290,,6.57200145721,22.4799995422
1464076458642857357,1022,1464076458633155404,,6.56749820709,24.1599998474
1464076458680427361,1023,1464076458654613680,,6.56374549866,23.1200008392
1464076458680927985,1024,1464076458675344770,,6.56061792374,23.0400009155
1464076458701255951,1025,1464076458693156233,,6.55801153183,23.0400009155
1464076458737783145,1026,1464076458716992679,,6.5650062561,23.6800003052
1464076458772917217,1027,1464076458746800412,,6.57083559036,23.1200008392
1464076458779378762,1028,1464076458769105248,,6.5850148201,23.0400009155
1464076458909143623,1029,1464076458792921643,,6.57834243774,21.7600002289
1464076458910514452,1030,1464076458817059286,,6.57278203964,23.1200008392
1464076458910587004,1031,1464076458840295786,,6.56814861298,23.1200008392
1464076458912814602,1032,1464076458860693023,,6.56428718567,23.1200008392
1464076458913723298,1033,1464076458880108753,,6.57023620605,23.6000003815
1464076458913796996,1034,1464076458902851712,,6.60364198685,22.5599994659
1464076458977353388,1035,1464076458925410298,,6.63147974014,23.1200008392
1464076458978190781,1036,1464076458946846855,,6.6170630455,23.0400009155
1464076458979133747,1037,1464076458972641161,,6.6050491333,22.0799999237
1464076459040603322,1038,1464076458997356824,,6.59503793716,22.9599990845
1464076459040723114,1039,1464076459017812342,,6.58669519424,23.1200008392
1464076459093423441,1040,1464076459046431379,,6.59823131561,23.1200008392
1464076459093752971,1041,1464076459070188712,,6.59852313995,23.8400001526
1464076459124356014,1042,1464076459096040049,,6.6370267868,23.2000007629
1464076459135257704,1043,1464076459124857523,,6.62168598175,23.1200008392
1464076459185355278,1044,1464076459152919479,,6.60890197754,23.0400009155
1464076459188360113,1045,1464076459178276130,,6.60741519928,24.0799999237
1464076459208295893,1046,1464076459189560058,,6.60617637634,23.0400009155
1464076459208533861,1047,1464076459203052678,,6.6051440239,23.0400009155
1464076459234796083,1048,1464076459230834531,,6.64254379272,23.1200008392
1464076459271948639,1049,1464076459261536584,,6.63544988632,23.0400009155
1464076459304835270,1050,1464076459293240561,,6.66779899597,23.1200008392
1464076459331146606,1051,1464076459320705019,,6.65649604797,23.0400009155
1464076459426827234,1052,1464076459348737027,,6.68533754349,22.6399993896
1464076459427885305,1053,1464076459367877445,,6.67111158371,22.7199993134
1464076459432532271,1054,1464076459387908068,,6.66857814789,22.7199993134
1464076459434713047,1055,1464076459415330234,,6.68559360504,22.6399993896
1464076461125903616,1056,1464076459436190074,,6.67132472992,22.6399993896
1464076461126220594,1057,1464076459455924917,,6.66875600815,10.0
1464076461129203555,1058,1464076459477347984,,6.6955537796,-10.3199996948
1464076461129578346,1059,1464076459500245944,,6.71788549423,10.0
1464076461131250945,1060,1464076459522421145,,6.70755624771,-10.0
1464076461131561361,1061,1464076459550092685,,6.72788763046,-10.0
1464076461133846616,1062,1464076459572689239,,6.73501777649,10.0
1464076461134203177,1063,1464076459592527571,,6.74095964432,10.0
1464076461135745100,1064,1464076459613220276,,6.75572347641,-10.0
1464076461136026662,1065,1464076459631897205,,6.72976636887,-10.0
1464076461139381392,1066,1464076459653746366,,6.71745729446,10.0
1464076461139741496,1067,1464076459674172457,,6.69787788391,10.0
1464076461140030974,1068,1464076459695456879,,6.69088363647,10.0
1464076461140289203,1069,1464076459714208391,,6.67573308945,10.0
1464076461140551806,1070,1464076459734896721,,6.66310787201,-10.0
1464076461140822951,1071,1464076459756822548,,6.65258693695,-10.0
1464076461144269036,1072,1464076459778170980,,6.5994644165,10.0
1464076461144595806,1073,1464076459798914466,,6.55519580841,10.0
1464076461144903773,1074,1464076459820633158,,6.55349349976,10.0
1464076461145203252,1075,1464076459841024405,,6.51688671112,10.0
1464076461145483772,1076,1464076459861770808,,6.52156925201,-10.0
1464076461148461941,1077,1464076459882590023,,6.52547121048,-10.0
1464076461148825742,1078,1464076459902852885,,6.49353456497,-10.0
1464076461149115221,1079,1464076459922386687,,6.47550344467,-10.0
1464076461149385324,1080,1464076459943311787,,6.49624967575,-10.0
1464076461149658604,1081,1464076459966179642,,6.5135383606,-10.0
1464076461149940114,1082,1464076459991528220,,6.50089645386,10.0
1464076461152365472,1083,1464076460016698101,,6.51741075516,10.0
1464076461152668284,1084,1464076460039986528,,6.50412321091,10.0
1464076461152973804,1085,1464076460062863966,,6.48432731628,10.0
1464076461155876504,1086,1464076460085133646,,6.50360298157,-15.1999998093
1464076461156212754,1087,1464076460106429110,,6.48389387131,-16.6399993896
1464076461156480930,1088,1464076460130069203,,6.503241539,-16.8799991608
1464076461156748377,1089,1464076460150446440,,6.51936483383,-16.8799991608
1464076461157023376,1090,1464076460172986796,,6.49702835083,-17.2000007629
1464076461160777898,1091,1464076460195423403,,6.46983242035,-17.9200000763
1464076461161165969,1092,1464076460215233454,,6.48235702515,-17.5200004578
1464076461161469146,1093,1464076460235574805,,6.50196123123,-16.7999992371
1464076461161758624,1094,1464076460258455109,,6.47394275665,-17.1200008392
1464076461162025759,1095,1464076460278861773,,6.45917701721,-17.1200008392
1464076461162274716,1096,1464076460301310879,,6.47347784042,-17.1200008392
1464076461165780645,1097,1464076460322780613,,6.48539495468,-17.1200008392
1464076461166153873,1098,1464076460344366858,,6.4687204361,-17.2800006866
1464076461166461372,1099,1464076460365785185,,6.45482492447,-18.7999992371
1464076461166755486,1100,1464076460386734296,,6.45196866989,-18.7999992371
1464076461167041422,1101,1464076460406316743,,6.44086503983,-17.5200004578
1464076461168743449,1102,1464076460430503137,,6.43161201477,-17.5200004578
1464076461169125271,1103,1464076460452374380,,6.42390108109,-17.1200008392
1464076461171711670,1104,1464076460473449220,,6.44408082962,-16.4799995422
1464076461172094430,1105,1464076460496763116,,6.4342918396,-16.4799995422
1464076461172387554,1106,1464076460517178998,,6.46190690994,-17.5200004578
1464076461172665522,1107,1464076460545109184,,6.4849190712,-17.5200004578
1464076461174146612,1108,1464076460570803594,,6.46832370758,-17.5200004578
1464076461174521194,1109,1464076460593013795,,6.44591188431,-17.9200000763
1464076461174828016,1110,1464076460618859507,,6.4272351265,-17.6000003815
1464076461175101297,1111,1464076460640577574,,6.44685935974,-17.5200004578
1464076461175348379,1112,1464076460664258656,,6.43660736084,-17.2000007629
1464076461181496332,1113,1464076460686702867,,6.46383619308,-17.6000003815
1464076461181780602,1114,1464076460710663584,,6.48652696609,-17.2000007629
1464076461182050705,1115,1464076460733772636,,6.46108102798,-17.2000007629
1464076461182323256,1116,1464076460754631226,,6.44845867157,-17.7600002289
1464076461182606954,1117,1464076460776467366,,6.47371244431,-17.2000007629
1464076461182921067,1118,1464076460801343497,,6.48559045792,17.6000003815
1464076461183234973,1119,1464076460824259685,,6.50465536118,17.6000003815
1464076461183530180,1120,1464076460844950932,,6.47618818283,-10.0
1464076461186619026,1121,1464076460867303841,,6.50614213943,-10.0
1464076461187040431,1122,1464076460887288683,,6.52178192139,-10.0
1464076461187357774,1123,1464076460911293879,,6.53481531143,-10.0
1464076461187977825,1124,1464076460934531838,,6.50132131577,-10.0
1464076461188264074,1125,1464076460958029535,,6.51776456833,-10.0
1464076461188555219,1126,1464076460981546816,,6.53146743774,-10.0
1464076461188822406,1127,1464076461006478676,,6.53371953964,-10.0
1464076461189064593,1128,1464076461029537104,,6.5355963707,-10.0
1464076461189333290,1129,1464076461052095897,,6.5105547905,-10.0
1464076461191008077,1130,1464076461074749014,,6.48968696594,-10.0
1464076461191343076,1131,1464076461096711507,,6.4989027977,-10.0
1464076461191640575,1132,1464076461120939984,,6.50658226013,-17.2000007629
1464076461195435305,1133,1464076461142174406,,6.52214860916,-17.2000007629
1464076461195860668,1134,1464076461165189344,,6.49076557159,-16.6399993896
1464076461199208472,1135,1464076461183582836,,6.46461343765,-17.5200004578
1464076463794735627,1136,1464076461206748295,,6.47800779343,-17.2000007629
1464076463796391455,1137,1464076461228310060,,6.49833679199,-16.7199993134
1464076463798534887,1138,1464076461252105674,,6.50611066818,-17.6000003815
1464076463799021292,1139,1464076461271740100,,6.51258897781,-17.2000007629
1464076463799447281,1140,1464076461291370672,,6.53647613525,-17.5200004578
1464076463799777957,1141,1464076461315170088,,6.50270557404,-17.2000007629
1464076463803530603,1142,1464076461338549452,,6.51891803741,-17.2000007629
1464076463805121484,1143,1464076461361331579,,6.53242874146,-17.5200004578
1464076463805523150,1144,1464076461381168192,,6.5436873436,-18.2399997711
1464076463805823097,1145,1464076461400183401,,6.55306959152,-17.5200004578
1464076463806092627,1146,1464076461418861789,,6.56088829041,-17.5200004578
1464076463806385283,1147,1464076461440085013,,6.55823707581,-17.2800006866
1464076463808980797,1148,1464076461469913527,,6.55602788925,-17.2000007629
1464076463809372098,1149,1464076461502073910,,6.56335353851,-16.9599990845
1464076463809680118,1150,1464076461539943339,,6.56945800781,-17.1200008392
1464076463809980065,1151,1464076461581206926,,6.57454538345,-17.5200004578
1464076463810267408,1152,1464076461622536295,,6.56961774826,-17.3600006104
1464076463810534803,1153,1464076461649224921,,6.56551170349,-17.5200004578
1464076463810824854,1154,1464076461659448852,,6.56208992004,-17.5200004578
1464076463811111885,1155,1464076461690663508,,6.55923843384,-17.5200004578
1464076463811370842,1156,1464076461720313689,,6.55686235428,-17.8400001526
1464076463811647352,1157,1464076461759331032,,6.55488204956,-16.7199993134
1464076463814054689,1158,1464076461796720255,,6.56239843369,-17.6000003815
1464076463814393438,1159,1464076461818886706,,6.5686621666,-17.3600006104
1464076463814701823,1160,1464076461838694726,,6.60233020782,-18.2399997711
1464076463815005260,1161,1464076461866324495,,6.59277200699,-17.5200004578
1464076463816537079,1162,1464076461894654471,,6.59397363663,-17.6000003815
1464076463818663271,1163,1464076461923859497,,6.59497499466,-17.0400009155
1464076463819054207,1164,1464076461949910573,,6.58664274216,-17.5200004578
1464076463819378113,1165,1464076461975081339,,6.57969903946,-17.5200004578
1464076463820943785,1166,1464076461993646289,,6.57391262054,-17.1200008392
1464076463822556021,1167,1464076462007736512,,6.5690908432,-14.8800001144
1464076463822959978,1168,1464076462028706716,,6.56507253647,-17.2000007629
1464076463824480286,1169,1464076462049580671,,6.59933853149,-16.5599994659
1464076463824834400,1170,1464076462070775822,,6.63770627975,-17.5200004578
1464076463825160232,1171,1464076462090802279,,6.62225198746,-17.5200004578
1464076463825477992,1172,1464076462111102693,,6.60937356949,-17.2000007629
1464076463825774918,1173,1464076462130248631,,6.59864139557,-16.3999996185
1464076463828284182,1174,1464076462151310398,,6.62731266022,-17.5200004578
1464076463828708035,1175,1464076462172727840,,6.6512055397,-17.2000007629
1464076463829042201,1176,1464076462197372722,,6.63350152969,-17.6000003815
1464076463829367982,1177,1464076462219119174,,6.65636301041,-17.2000007629
1464076463832003391,1178,1464076462240846095,,6.637799263,-17.1200008392
1464076463832388651,1179,1464076462261878591,,6.62232971191,-17.5200004578
1464076463832684587,1180,1464076462282119995,,6.60943841934,-17.2000007629
1464076463835081456,1181,1464076462303000772,,6.6461224556,-17.5200004578
1464076463835488017,1182,1464076462323115093,,6.62926530838,-17.5200004578
1464076463837219523,1183,1464076462344366547,,6.6152176857,-17.5200004578
1464076463837935250,1184,1464076462366055603,,6.64112615585,-17.5200004578
1464076463838270249,1185,1464076462385049354,,6.66271686554,-17.5200004578
1464076463838626759,1186,1464076462402580401,,6.64309406281,-17.2000007629
1464076463838965716,1187,1464076462421338059,,6.63590860367,-17.6000003815
1464076463839282226,1188,1464076462440818007,,6.62075376511,-17.5200004578
1464076463839589985,1189,1464076462461085505,,6.64573955536,-17.5200004578
1464076463839907172,1190,1464076462481024982,,6.67637348175,-17.6000003815
1464076463840191026,1191,1464076462497294574,,6.70190191269,-17.5200004578
1464076463840460452,1192,1464076462521211125,,6.68491506577,-17.2000007629
1464076463844250025,1193,1464076462546570432,,6.66159248352,-17.2000007629
1464076463844398462,1194,1464076462567302251,,6.64215707779,-17.1200008392
1464076463844757680,1195,1464076462585770535,,6.62596082687,-17.5200004578
1464076463845032575,1196,1464076462605218452,,6.65989112854,-17.7600002289
1464076463845292210,1197,1464076462623525121,,6.64990615845,-17.5200004578
1464076463846884445,1198,1464076462640825023,,6.64158535004,-17.5200004578
1464076463847159965,1199,1464076462659663253,,6.66309928894,-17.5200004578
1464076463847426996,1200,1464076462678483828,,6.65257978439,-17.5200004578
1464076463847875328,1201,1464076462697711485,,6.64381313324,-17.5200004578
1464076463849557302,1202,1464076462719952831,,6.63650798798,-17.5200004578
1464076463849886677,1203,1464076462748911608,,6.62125349045,-18.6399993896
1464076463850206363,1204,1464076462769867645,,6.64615631104,-17.6000003815
1464076463851641516,1205,1464076462789635561,,6.666908741,-18.8799991608
1464076463851952869,1206,1464076462809797955,,6.65575408936,-18.8799991608
1464076463853375678,1207,1464076462829148320,,6.68471908569,-18.0
1464076463853680729,1208,1464076462849324776,,6.67059612274,-18.8799991608
1464076463853941301,1209,1464076462866080981,,6.68727493286,-17.8400001526
1464076463854253071,1210,1464076462886027594,,6.70117425919,-17.8400001526
1464076463854566404,1211,1464076462905050095,,6.71275663376,-18.5599994659
1464076463856101400,1212,1464076462925897331,,6.72240877151,-18.5599994659
1464076463856452076,1213,1464076462943574940,,6.70200395584,-18.4799995422
1464076463856764366,1214,1464076462959695001,,6.71344804764,-17.6000003815
1464076463857062439,1215,1464076462969642943,,6.7229847908,-17.6000003815
1464076463859966806,1216,1464076463007287113,,6.69331741333,-17.8400001526
1464076463860345711,1217,1464076463038473904,,6.70620965958,-17.8400001526
1464076463860649044,1218,1464076463066446798,,6.67933797836,-18.0
1464076463860970866,1219,1464076463100248635,,6.69456005096,-17.9200000763
1464076463861316802,1220,1464076463129086109,,6.66963005066,-17.8400001526
1464076463861631541,1221,1464076463161091649,,6.65802192688,-17.8400001526
1464076463864072368,1222,1464076463190719329,,6.67679643631,-17.9200000763
1464076463864435700,1223,1464076463221043050,,6.69244194031,-17.8400001526
1464076463864723772,1224,1464076463248784590,,6.69583511353,-18.3999996185
1464076463866950589,1225,1464076463278128158,,6.67069292068,-17.8400001526
1464076463867321265,1226,1464076463310646091,,6.68735551834,-17.9200000763
1464076463867789441,1227,1464076463338423673,,6.70124101639,-17.8400001526
1464076463868079544,1228,1464076463367425054,,6.67519760132,-17.6000003815
1464076463868388137,1229,1464076463400009654,,6.69110965729,-17.6000003815
1464076463870614381,1230,1464076463425340002,,6.70436954498,-17.2000007629
1464076463870953391,1231,1464076463452829460,,6.6778049469,-17.4400005341
1464076463871263442,1232,1464076463485133696,,6.69328260422,-17.4400005341
1464076463871529952,1233,1464076463510869096,,6.70618057251,-17.2000007629
1464076463871784430,1234,1464076463538779646,,6.71692895889,-17.2000007629
1464076463872026930,1235,1464076463570553207,,6.69743776321,-17.6000003815
1464076463872304794,1236,1464076463596213086,,6.70964288712,-17.2000007629
1464076463873817185,1237,1464076463626845973,,6.673183918,-17.2000007629
1464076463874193382,1238,1464076463668976172,,6.66098356247,-17.5200004578
1464076463875748066,1239,1464076463714066780,,6.65081644058,-17.6800003052
1464076463876088533,1240,1464076463755699585,,6.60657167435,-17.6800003052
1464076463876413845,1241,1464076463783967739,,6.56970071793,-17.6000003815
1464076463876674001,1242,1464076463812693860,,6.5389752388,-17.8400001526
1464076463877203895,1243,1464076463842617477,,6.47179937363,-17.5200004578
1464076463877934778,1244,1464076463868124596,,6.44880819321,-17.5200004578
1464076464929887062,1245,1464076463894805358,,6.404712677,-16.7199993134
1464076464929926906,1246,1464076463923956218,,6.35991382599,-17.5200004578
1464076464929962999,1247,1464076463950921406,,6.29159212112,-17.2800006866
1464076464929998624,1248,1464076463979348517,,6.2736992836,-16.3999996185
1464076464930035968,1249,1464076464007107297,,6.25073623657,-17.5200004578
1464076464930080551,1250,1464076464039189138,,6.20818042755,-17.5200004578
1464076464930116593,1251,1464076464066923803,,6.16514730453,-17.3600006104
1464076464930152426,1252,1464076464100784337,,6.1368560791,-17.4400005341
1464076464930186905,1253,1464076464127551713,,6.10571050644,-17.6000003815
1464076464930424248,1254,1464076464161161363,,6.05771875381,-17.5200004578
1464076464930695393,1255,1464076464186558847,,6.01059579849,-17.6800003052
1464076464930964194,1256,1464076464218080273,,5.971326828,-17.5200004578
1464076464931210548,1257,1464076464249582949,,5.92465305328,-18.4799995422
1464076464931464922,1258,1464076464276402304,,5.87893438339,-17.5200004578
1464076464932811533,1259,1464076464305513059,,5.83410930634,-17.5200004578
1464076464932876169,1260,1464076464336785215,,5.79675483704,-17.5200004578
1464076464939845160,1261,1464076464367806746,,5.74601078033,-16.5599994659
1464076464940811408,1262,1464076464398004321,,5.7300658226,-17.5200004578
1464076464941339271,1263,1464076464425451279,,5.69043636322,-18.3999996185
1464076464941392917,1264,1464076464454268546,,5.65741205215,-17.2000007629
1464076464941432239,1265,1464076464487387936,,5.62989187241,-19.3600006104
1464076464941470573,1266,1464076464515870360,,5.60695838928,-17.4400005341
1464076464941508489,1267,1464076464545710227,,5.56293869019,-17.4400005341
1464076464943105308,1268,1464076464574059370,,5.5323548317,-17.2000007629
1464076464943162026,1269,1464076464606479960,,5.48295974731,-17.8400001526
1464076464944835668,1270,1464076464635737069,,5.43601799011,-16.9599990845
1464076464948324721,1271,1464076464665773135,,5.40267896652,-16.7999992371
1464076464948403106,1272,1464076464696215866,,5.3866891861,-18.7199993134
1464076464948460085,1273,1464076464724733914,,5.33890485764,-17.5200004578
1464076464948502272,1274,1464076464756254350,,5.27756595612,-17.5200004578
1464076464948536856,1275,1464076464783765110,,5.17252540588,-17.2000007629
1464076464951396015,1276,1464076464811744202,,5.08043575287,-17.1200008392
1464076464953407155,1277,1464076464843865157,,4.91193246841,-17.5200004578
1464076464953783560,1278,1464076464872873204,,4.77151346207,-17.5200004578
1464076464954099341,1279,1464076464901532503,,4.56589889526,-17.5200004578
1464076464956091992,1280,1464076464929581959,,4.39455366135,-17.6000003815
1464076466440665146,1281,1464076464959691617,,4.251765728,-16.8799991608
1464076466444269772,1282,1464076464989477058,,4.08628988266,-16.8799991608
1464076466444325657,1283,1464076465020020935,,3.9975476265,-16.8799991608
1464076466445770497,1284,1464076465046903415,,3.92092752457,-12.0
1464076466447035650,1285,1464076465081223948,,3.90597438812,11.6000003815
1464076466447098723,1286,1464076465110194808,,3.90299654007,11.8400001526
1464076466447413930,1287,1464076465139567073,,3.90051484108,-10.0
1464076466448249657,1288,1464076465171510581,,3.82204294205,10.0
1464076466448519604,1289,1464076465197080096,,3.75915694237,10.0
1464076466448612781,1290,1464076465228777875,,3.59517335892,-10.0
1464076466448814135,1291,1464076465260208624,,3.45852041245,-10.0
1464076466449027103,1292,1464076465287075531,,3.344643116,-10.0
1464076466449294186,1293,1464076465316698837,,3.16662192345,-10.0
1464076466449335227,1294,1464076465343738661,,3.01717400551,-10.0
1464076466451969387,1295,1464076465373013530,,2.98517346382,-10.0
1464076466455425732,1296,1464076465401075746,,2.95850634575,-10.0
1464076466455488492,1297,1464076465426975469,,2.93628382683,-10.0
1464076466455526200,1298,1464076465456500546,,2.91607737541,-10.0
1464076466455970418,1299,1464076465490277434,,2.85232138634,-10.0
1464076466459202388,1300,1464076465518780118,,2.79783344269,10.0
1464076466460797697,1301,1464076465551929613,,2.70659828186,10.0
1464076466462139255,1302,1464076465582501666,,2.63056898117,10.0
1464076466462237432,1303,1464076465613425750,,2.56721115112,10.0
1464076466463783678,1304,1464076465644120407,,2.51876187325,-10.0
1464076466466227057,1305,1464076465680358070,,2.4783873558,-10.0
1464076466467431377,1306,1464076465714993186,,2.44584488869,10.0
1464076466467815126,1307,1464076465745891593,,2.39198684692,10.0
1464076466467868146,1308,1464076465776751458,,2.34615159035,-10.0
1464076466485517995,1309,1464076465805987161,,2.30890893936,-10.0
1464076466486490909,1310,1464076465833231463,,2.23650026321,-10.0
1464076466488445331,1311,1464076465864456952,,2.1761598587,-10.0
1464076466488829080,1312,1464076465892011930,,2.12587618828,-10.0
1464076466488881111,1313,1464076465921696173,,2.08472037315,-10.0
1464076466488921788,1314,1464076465950663023,,2.02307391167,10.0
1464076466489262464,1315,1464076465978266595,,1.97170186043,10.0
1464076466489578765,1316,1464076466006632508,,1.9288918972,10.0
1464076466489627567,1317,1464076466039672524,,1.89321684837,10.0
1464076466489662046,1318,1464076466067559636,,1.85619056225,10.0
1464076466490012306,1319,1464076466101265379,,1.82533526421,10.0
1464076466490063087,1320,1464076466127313643,,1.79962253571,-10.0
1464076466492366727,1321,1464076466158421528,,1.77819526196,-10.0
1464076466495155886,1322,1464076466186790254,,1.72650146484,-10.0
1464076466495216406,1323,1464076466216563664,,1.68342339993,-10.0
1464076466497350776,1324,1464076466246612438,,1.64752495289,10.0
1464076466497413484,1325,1464076466273563459,,1.61760962009,10.0
1464076466497542494,1326,1464076466301888956,,1.59268009663,-10.0
1464076466500346445,1327,1464076466328240552,,1.32723343372,-10.0
1464076466500401288,1328,1464076466357404849,,1.10602796078,10.0
1464076466502504876,1329,1464076466387916590,,1.11112499237,10.0
1464076466502576855,1330,1464076466418470310,,1.11537253857,10.0
1464076466506601792,1331,1464076466449694601,,0.929477155209,10.0
1464076466509653451,1332,1464076466478212442,,0.774564325809,-10.0
1464076466510337043,1333,1464076466504499975,,0.645470321178,-10.0
1464076468214560360,1334,1464076466533123961,,0.537891983986,10.0
1464076468214816941,1335,1464076466563727316,,0.448243349791,10.0
1464076468215080086,1336,1464076466590842504,,0.373536139727,10.0
1464076468215331562,1337,1464076466620517320,,0.31128013134,10.0
1464076468215621902,1338,1464076466647305374,,0.259400129318,10.0
1464076468215911409,1339,1464076466677392064,,0.216166779399,10.0
1464076468218423975,1340,1464076466706727245,,0.180138990283,-10.0
1464076468218761204,1341,1464076466738397369,,0.150115832686,-10.0
1464076468219028725,1342,1464076466768388486,,0.125096529722,-10.0
1464076468219292235,1343,1464076466800843712,,0.104247115552,-10.0
1464076468219586535,1344,1464076466827018538,,0.086872600019,10.0
1464076468219857756,1345,1464076467118950496,,0.0723938345909,10.0
1464076468220126423,1346,1464076467151301331,,0.0603281967342,10.0
1464076468220382431,1347,1464076467183696462,,0.0502735003829,10.0
1464076468222448937,1348,1464076467210792181,,0.0418945848942,-10.0
1464076468222840139,1349,1464076467238752895,,0.0349121540785,-10.0
1464076468223113860,1350,1464076467268325154,,0.0290934629738,10.0
1464076468223363460,1351,1464076467299196278,,0.0242445543408,10.0
1464076468223630356,1352,1464076467328440201,,0.0202037971467,-10.0
1464076468223898607,1353,1464076467356970657,,0.0168364979327,-10.0
1464076468224212027,1354,1464076467388428314,,0.0140304155648,10.0
1464076468224495959,1355,1464076467418659955,,0.0116920135915,10.0
1464076468224763377,1356,1464076467452794276,,0.00974334497005,10.0
1464076468225050018,1357,1464076467481451549,,0.00811945460737,10.0
1464076468225353956,1358,1464076467510918929,,0.00676621263847,10.0
1464076468225649089,1359,1464076467545285226,,0.00563851092011,10.0
1464076468227316840,1360,1464076467575803044,,0.00469875941053,10.0
1464076468227692672,1361,1464076467606601937,,0.00391563307494,10.0
1464076468227980095,1362,1464076467635604972,,0.00326302764006,10.0
1464076468228266059,1363,1464076467665626151,,0.00271918973885,10.0
1464076468228553899,1364,1464076467697022449,,0.00226599164307,-10.0
1464076468228835591,1365,1464076467726006312,,0.00188832648564,-10.0
1464076468229100195,1366,1464076467758841703,,0.00157360546291,-10.0
1464076468229357401,1367,1464076467786944855,,0.00131133792456,-10.0
1464076468229623881,1368,1464076467816747276,,0.00109278166201,-10.0
1464076468229888693,1369,1464076467848040472,,0.000910651404411,-10.0
1464076468230160227,1370,1464076467877760631,,0.000758876209147,10.0
1464076468230408837,1371,1464076467907593738,,0.000632396899164,10.0
1464076468230662552,1372,1464076467945475154,,0.000526997435372,-10.0
1464076468230893084,1373,1464076467980185488,,0.000439164548879,-10.0
1464076468231118772,1374,1464076468006972288,,0.000365970481653,-10.0
1464076468231352690,1375,1464076468038431676,,0.000304975401377,-10.0
1464076468231580670,1376,1464076468069697729,,0.000254146172665,-10.0
1464076468231799949,1377,1464076468087733578,,0.000211788486922,-10.0
1464076468232019124,1378,1464076468095166510,,0.00017649041547,10.0
1464076468232332908,1379,1464076468113891507,,0.00014707534865,10.0
1464076468232585113,1380,1464076468155995647,,0.000122562792967,10.0
1464076468439278043,1381,1464076468228049698,,0.000102135665657,10.0
1464076468439321700,1382,1464076468271071903,,8.51130607771e-05,-10.0
1464076468439375986,1383,1464076468301916539,,7.09275554982e-05,-10.0
1464076468439433085,1384,1464076468327059761,,5.91062998865e-05,10.0
1464076468439476691,1385,1464076468358860545,,4.92552535434e-05,10.0
1464076468439513420,1386,1464076468370329222,,4.10460452258e-05,-10.0
1464076468444721989,1387,1464076468400411252,,3.42050407198e-05,-10.0
1464076468444795186,1388,1464076468439624909,,2.85042024188e-05,10.0
1464076468543454840,1389,1464076468470948009,,2.37535023189e-05,10.0
1464076468545708013,1390,1464076468507214970,,1.97945864784e-05,-10.0
1464076468546279107,1391,1464076468536869486,,1.64954890352e-05,-10.0
1464076468629808555,1392,1464076468558680333,,1.37462411658e-05,10.0
1464076468630450816,1393,1464076468581382310,,1.14552012747e-05,10.0
1464076468630885987,1394,1464076468611744886,,9.54600182013e-06,10.0
1464076468673612955,1395,1464076468628035880,,7.95500181994e-06,10.0
1464076468674081001,1396,1464076468642386028,,6.62916863803e-06,10.0
1464076468708541944,1397,1464076468675795796,,5.5243076531e-06,10.0
1464076468715415450,1398,1464076468710811527,,4.60358978671e-06,-10.0
1464076468757254414,1399,1464076468753503486,,3.83632504963e-06,-10.0
1464076468801288512,1400,1464076468794411515,,3.19693776873e-06,-10.0
1464076469434617928,1401,1464076468827107337,,2.66411484517e-06,-10.0
1464076469434919418,1402,1464076468850301273,,2.22009589379e-06,-10.0
1464076469435211321,1403,1464076468879792359,,1.85008002518e-06,-10.0
1464076469435513592,1404,1464076468906507316,,1.541733468e-06,-10.0
1464076469435789240,1405,1464076468929735688,,1.28477790895e-06,-10.0
1464076469436066973,1406,1464076468953755268,,1.07064829535e-06,-10.0
1464076469436570601,1407,1464076468977532854,,8.92206969638e-07,-10.0
1464076469436850887,1408,1464076468999565220,,7.43505836454e-07,10.0
1464076469437115647,1409,1464076469013626642,,6.19588206519e-07,10.0
1464076469437379730,1410,1464076469036951655,,5.16323552802e-07,-10.0
1464076469437626882,1411,1464076469063288019,,4.30269636809e-07,-10.0
1464076469437859550,1412,1464076469088922366,,3.58558054359e-07,10.0
1464076469438095240,1413,1464076469113948577,,2.9879839758e-07,10.0
1464076469438329106,1414,1464076469146103729,,2.48998674124e-07,10.0
1464076469438576101,1415,1464076469170130863,,2.0749889984e-07,10.0
1464076469438822784,1416,1464076469195766147,,1.72915761709e-07,-10.0
1464076469439084679,1417,1464076469221308386,,1.44096475196e-07,-10.0
1464076469439386897,1418,1464076469248963028,,1.20080400734e-07,-10.0
1464076469439725688,1419,1464076469274293646,,1.00067005349e-07,-10.0
1464076469440020040,1420,1464076469298070919,,8.33891746765e-08,-10.0
1464076469440302253,1421,1464076469324231505,,6.94909800814e-08,-10.0
1464076469440581288,1422,1464076469346470647,,5.7909151252e-08,10.0
1464076469440866627,1423,1464076469375270500,,4.8257629004e-08,10.0
1464076469441740670,1424,1464076469402831159,,4.02146937972e-08,-10.0
1464076469442297125,1425,1464076469429299017,,3.35122471995e-08,-10.0
1464076470824959291,1426,1464076469454117983,,2.79268732584e-08,-10.0
1464076470825176643,1427,1464076469485421286,,2.32723955662e-08,-10.0
1464076470825216498,1428,1464076469509546572,,1.9393663564e-08,10.0
1464076470825423065,1429,1464076469539237765,,1.61613868954e-08,10.0
1464076470825476777,1430,1464076469565443936,,1.3467823301e-08,10.0
1464076470825511683,1431,1464076469595149664,,1.12231868243e-08,10.0
1464076470825972070,1432,1464076469620633813,,9.3526564271e-09,10.0
1464076470826224066,1433,1464076469648189106,,7.79388109606e-09,10.0
1464076470826271111,1434,1464076469677393654,,6.49490106142e-09,-10.0
1464076470826305495,1435,1464076469709327235,,5.41241762519e-09,-10.0
1464076470826503935,1436,1464076469736581246,,4.51034809501e-09,10.0
1464076470826546707,1437,1464076469761948176,,3.75862363455e-09,10.0
1464076470826826576,1438,1464076469789547908,,3.13218651016e-09,-10.0
1464076470827067945,1439,1464076469814176613,,2.61015564718e-09,-10.0
1464076470827133640,1440,1464076469839482901,,2.17512985401e-09,10.0
1464076470827172036,1441,1464076469866197442,,1.81260828569e-09,10.0
1464076470827211213,1442,1464076469891066578,,1.51050694175e-09,10.0
1464076470827398921,1443,1464076469926474396,,1.25875587731e-09,10.0
1464076470827779963,1444,1464076469953917470,,1.04896324959e-09,10.0
1464076470828601179,1445,1464076469985505852,,8.7413609684e-10,10.0
1464076470830090131,1446,1464076470010798751,,7.28446802878e-10,-10.0
1464076470830157805,1447,1464076470041144186,,6.07039030154e-10,-10.0
1464076470842665571,1448,1464076470073585459,,5.05865904721e-10,10.0
1464076470842793783,1449,1464076470098798336,,4.21554929853e-10,10.0
1464076470843014729,1450,1464076470122054268,,3.51295798007e-10,-10.0
1464076470843054897,1451,1464076470139949505,,2.92746521469e-10,-10.0
1464076470843095950,1452,1464076470151832568,,2.43955439183e-10,-10.0
1464076470843142890,1453,1464076470169577504,,2.03296213197e-10,-10.0
1464076470843183995,1454,1464076470201318636,,1.69413524875e-10,-10.0
1464076470843354354,1455,1464076470227810250,,1.41177944335e-10,-10.0
1464076470843430417,1456,1464076470260838090,,1.17648293885e-10,10.0
1464076470843497258,1457,1464076470291685747,,9.80402495299e-11,10.0
1464076470843711171,1458,1464076470320785527,,8.1700209098e-11,-10.0
1464076470843752328,1459,1464076470347368625,,6.80835110511e-11,-10.0
1464076470844972664,1460,1464076470381286241,,5.67362615222e-11,10.0
1464076470845026637,1461,1464076470409422527,,4.72802214047e-11,10.0
1464076470845086914,1462,1464076470437191837,,3.94001879733e-11,-10.0
1464076470845125988,1463,1464076470463043275,,3.2833492869e-11,-10.0
1464076470845163081,1464,1464076470475752866,,2.7361245214e-11,-10.0
1464076470845198403,1465,1464076470486572876,,2.28010388348e-11,-10.0
1464076470845237060,1466,1464076470499008121,,1.90008668521e-11,10.0
1464076470845272538,1467,1464076470516284803,,1.58340562884e-11,10.0
1464076470845306714,1468,1464076470557150478,,1.31950474852e-11,-10.0
1464076470846803376,1469,1464076470568077600,,1.09958734826e-11,-10.0
1464076470846859069,1470,1464076470598447573,,9.16322833583e-12,10.0
1464076470846893505,1471,1464076470611295016,,7.63602375775e-12,10.0
1464076470846936173,1472,1464076470621371122,,6.36335342058e-12,-10.0
1464076470847258397,1473,1464076470665951986,,5.30279466171e-12,-10.0
1464076470847304243,1474,1464076470705987640,,4.41899555143e-12,-10.0
1464076470847352538,1475,1464076470719149544,,3.68249658197e-12,-10.0
1464076470847389423,1476,1464076470752356809,,3.06874729621e-12,-10.0
1464076470847433237,1477,1464076470765919187,,2.55728944965e-12,-10.0
1464076470847471164,1478,1464076470787593434,,2.13107461365e-12,10.0
1464076470847506122,1479,1464076470797957276,,1.7758956198e-12,10.0
1464076470847929780,1480,1464076470830235170,,1.47991308878e-12,10.0
1464076470848144006,1481,1464076470840079651,,1.23326099766e-12,10.0
1464076474777758318,1482,1464076470873259460,,1.02771751612e-12,-10.0
1464076474778038655,1483,1464076470898281451,,8.56431299576e-13,-10.0
1464076474778633975,1484,1464076470924860798,,7.13692776752e-13,-10.0
1464076474779415701,1485,1464076470944611807,,5.94744034837e-13,-10.0
1464076474780439628,1486,1464076470966718360,,4.95620038066e-13,-10.0
1464076474780796966,1487,1464076470988940205,,4.13016707423e-13,-10.0
1464076474781082931,1488,1464076471010205850,,3.44180603072e-13,10.0
1464076474781347014,1489,1464076471032406596,,2.86817173744e-13,10.0
1464076474781603230,1490,1464076471054424062,,2.39014320488e-13,-10.0
1464076474782643256,1491,1464076471074511309,,1.99178604924e-13,-10.0
1464076474783318598,1492,1464076471095782320,,1.65982177547e-13,10.0
1464076474784170864,1493,1464076471116971537,,1.38318488065e-13,10.0
1464076474785362129,1494,1464076471137212681,,1.1526540898e-13,10.0
1464076474785783287,1495,1464076471159230616,,9.60545120006e-14,10.0
1464076474786842120,1496,1464076471179590959,,8.00454334434e-14,10.0
1464076474787422800,1497,1464076471201506002,,6.67045289989e-14,10.0
1464076474788275848,1498,1464076471222759612,,5.55871097578e-14,10.0
1464076474789395583,1499,1464076471250889281,,4.63225920296e-14,10.0
1464076474789825806,1500,1464076471279654854,,3.8602161154e-14,-10.0
1464076474790873021,1501,1464076471308629496,,3.2168468193e-14,-10.0
1464076474791560554,1502,1464076471328894604,,2.68070579569e-14,10.0
1464076474792444860,1503,1464076471350450173,,2.23392166581e-14,10.0
1464076474792728271,1504,1464076471372057370,,1.86160155759e-14,-10.0
1464076474793026426,1505,1464076471393672329,,1.55133474426e-14,-10.0
1464076474793296657,1506,1464076471414121655,,1.29277903825e-14,-10.0
1464076474794389457,1507,1464076471434328832,,1.07731587933e-14,-10.0
1464076474794690530,1508,1464076471455854756,,8.97763275125e-15,10.0
1464076474795865385,1509,1464076471475956591,,7.48136090838e-15,10.0
1464076474796273414,1510,1464076471496245248,,6.23446784717e-15,-10.0
1464076474797357306,1511,1464076471516649978,,5.1953900844e-15,-10.0
1464076474797707350,1512,1464076471543975155,,4.32949201934e-15,-10.0
1464076474798820625,1513,1464076471568924158,,3.60791015729e-15,-10.0
1464076474799451840,1514,1464076471589940619,,3.00659193892e-15,10.0
1464076474800304002,1515,1464076471610889354,,2.50549338831e-15,10.0
1464076474808868286,1516,1464076471636010382,,2.08791122751e-15,-10.0
1464076474809231042,1517,1464076471661925171,,1.73992605822e-15,-10.0
1464076474812315433,1518,1464076471680992815,,1.44993839949e-15,-10.0
1464076474812673604,1519,1464076471702406625,,1.20828201723e-15,-10.0
1464076474813118675,1520,1464076471720811743,,1.00690173396e-15,10.0
1464076474813402347,1521,1464076471741696449,,8.39084813594e-16,10.0
1464076474813647675,1522,1464076471774172367,,6.99237397601e-16,10.0
1464076474813897118,1523,1464076471798215651,,5.82697840157e-16,10.0
1464076474814158649,1524,1464076471823530848,,4.85581542288e-16,-10.0
1464076474814426014,1525,1464076471856289083,,4.04651302886e-16,-10.0
1464076474815005757,1526,1464076471890151163,,3.37209427895e-16,10.0
1464076474815604880,1527,1464076471928185537,,2.81007865403e-16,10.0
1464076474815925541,1528,1464076471958120287,,2.34173243227e-16,10.0
1464076474816203430,1529,1464076471978973110,,1.95144373767e-16,10.0
1464076474816469389,1530,1464076471997213703,,1.62620320296e-16,-10.0
1464076474816728314,1531,1464076472018924001,,1.3551693358e-16,-10.0
1464076474816996200,1532,1464076472040707132,,1.12930786807e-16,10.0
1464076474817243560,1533,1464076472061715206,,9.41089934172e-17,10.0
1464076474817495765,1534,1464076472084298661,,7.84241666955e-17,10.0
1464076474817755159,1535,1464076472105528150,,6.5353475555e-17,10.0
1464076474818127814,1536,1464076472126491836,,5.44612307321e-17,10.0
1464076474818646394,1537,1464076472146469053,,4.53843594949e-17,10.0
1464076474818926315,1538,1464076472169274236,,3.78203023363e-17,10.0
1464076474819178884,1539,1464076472189880481,,3.15169213709e-17,10.0
1464076474819420878,1540,1464076472211803650,,2.62641027967e-17,-10.0
1464076474820231778,1541,1464076472234377884,,2.1886753985e-17,-10.0
1464076474820554940,1542,1464076472256750552,,1.82389619299e-17,10.0
1464076474821730941,1543,1464076472281027286,,1.51991360445e-17,10.0
1464076474822896887,1544,1464076472302619322,,1.26659475309e-17,10.0
1464076474823242295,1545,1464076472325480250,,1.05549569651e-17,10.0
1464076474823508930,1546,1464076472344634115,,8.79579774662e-18,-10.0
1464076474824246633,1547,1464076472364593150,,7.32983186911e-18,-10.0
1464076474824633667,1548,1464076472385201479,,6.10819363785e-18,10.0
1464076474825722508,1549,1464076472405648356,,5.09016177846e-18,10.0
1464076474826084744,1550,1464076472426807409,,4.24180161992e-18,-10.0
1464076474827199946,1551,1464076472449273488,,3.5348347522e-18,-10.0
1464076474827834027,1552,1464076472471989584,,2.94569583362e-18,-10.0
1464076474828655138,1553,1464076472495161639,,2.45474656249e-18,-10.0
1464076474829259159,1554,1464076472517353476,,2.04562220434e-18,10.0
1464076474830042135,1555,1464076472538568482,,1.70468523921e-18,10.0
1464076474830586972,1556,1464076472559319662,,1.42057113607e-18,-10.0
1464076474831272421,1557,1464076472581214177,,1.1838092973e-18,-10.0
1464076474831863886,1558,1464076472603359074,,9.86507799445e-19,10.0
1464076474833260000,1559,1464076472625788373,,8.22089884569e-19,10.0
1464076474834182701,1560,1464076472646193051,,6.85074912424e-19,10.0
1464076474834535715,1561,1464076472668671530,,5.70895812052e-19,10.0
1464076474835338228,1562,1464076472690767559,,4.7574651866e-19,-10.0
1464076474835830707,1563,1464076472711681753,,3.96455440833e-19,-10.0
1464076474836922935,1564,1464076472724425729,,3.30379555569e-19,-10.0
1464076474837351334,1565,1464076472768405177,,2.7531631354e-19,-10.0
1464076474838359945,1566,1464076472804161477,,2.29430278517e-19,10.0
1464076474838982721,1567,1464076472847266361,,1.91191903072e-19,10.0
1464076474839784087,1568,1464076472890819755,,1.59326592356e-19,10.0
1464076474840655420,1569,1464076472934685630,,1.32772168913e-19,10.0
1464076474841345610,1570,1464076472979140053,,1.10643484865e-19,-10.0
1464076474841953747,1571,1464076473019768787,,9.22029083621e-20,-10.0
1464076474842903279,1572,1464076473066838982,,7.68357601996e-20,-10.0
1464076474843212791,1573,1464076473106023100,,6.40298023204e-20,-10.0
1464076474843753669,1574,1464076473139446153,,5.33581707545e-20,10.0
1464076474844154040,1575,1464076473148917146,,4.44651455266e-20,10.0
1464076474845179374,1576,1464076473169042476,,3.70542890159e-20,10.0
1464076474845479144,1577,1464076473192492055,,3.08785747184e-20,10.0
1464076474846174908,1578,1464076473209088967,,2.57321461372e-20,10.0
1464076474846651081,1579,1464076473230713460,,2.14434553836e-20,10.0
1464076474847893611,1580,1464076473251152680,,1.78695472301e-20,10.0
1464076474848988964,1581,1464076473272857820,,1.48912898969e-20,10.0
1464076474849413195,1582,1464076473293108133,,1.2409408786e-20,10.0
1464076474850456295,1583,1464076473311725445,,1.03411745268e-20,10.0
1464076474851343258,1584,1464076473351969959,,8.61764597755e-21,10.0
1464076474852015005,1585,1464076473392302049,,7.18137205186e-21,10.0
1464076474852951982,1586,1464076473433687346,,5.98447684451e-21,10.0
1464076474853621541,1587,1464076473476073179,,4.98706423904e-21,10.0
1464076474854389617,1588,1464076473518878137,,4.15588706782e-21,10.0
1464076474855003797,1589,1464076473565075123,,3.46323922318e-21,10.0
1464076474856133639,1590,1464076473603689917,,2.8860327533e-21,10.0
1464076474856573864,1591,1464076473649071626,,2.40502742905e-21,10.0
1464076474857610712,1592,1464076473708699027,,2.00418955787e-21,-10.0
1464076474858287565,1593,1464076473756594501,,1.6701580322e-21,-10.0
1464076474858638234,1594,1464076473805659776,,1.39179842749e-21,-10.0
1464076474858926126,1595,1464076473864715510,,1.15983212388e-21,-10.0
1464076474859242307,1596,1464076473904809722,,9.66526820387e-22,-10.0
1464076474860000641,1597,1464076473916310387,,8.05439050647e-22,-10.0
1464076474860311403,1598,1464076473947667038,,6.7119925936e-22,-10.0
1464076474860632221,1599,1464076473963049137,,5.59332724548e-22,-10.0
1464076474860973408,1600,1464076473997690963,,4.66110620619e-22,-10.0
1464076474861566645,1601,1464076474034384968,,3.88425542426e-22,-10.0
1464076474861993377,1602,1464076474066407323,,3.23687956229e-22,-10.0
1464076474863566883,1603,1464076474113521905,,2.69739967731e-22,-10.0
1464076474864676407,1604,1464076474143302862,,2.24783327479e-22,-10.0
1464076474865041351,1605,1464076474174401109,,1.87319452188e-22,-10.0
1464076474865548053,1606,1464076474199327345,,1.56099556111e-22,10.0
1464076474866152855,1607,1464076474235641454,,1.30082973944e-22,10.0
1464076474866944948,1608,1464076474259142193,,1.08402488805e-22,10.0
1464076474867593303,1609,1464076474296123569,,9.03354094412e-23,10.0
1464076474868534604,1610,1464076474318446432,,7.52795131267e-23,-10.0
1464076474868842085,1611,1464076474348041661,,6.27329328647e-23,-10.0
1464076474869148054,1612,1464076474384329721,,5.22774461575e-23,-10.0
1464076474869448189,1613,1464076474422526849,,4.35645405682e-23,-10.0
1464076474869782656,1614,1464076474455800121,,3.63037859105e-23,-10.0
1464076474870310405,1615,1464076474496385406,,3.02531565031e-23,-10.0
1464076474871272285,1616,1464076474530084838,,2.52109642785e-23,-10.0
1464076474871815403,1617,1464076474561867075,,2.10091376876e-23,-10.0
1464076474872263912,1618,1464076474589864416,,1.75076160545e-23,-10.0
1464076474872805519,1619,1464076474619149299,,1.45896810972e-23,-10.0
1464076474873108571,1620,1464076474656116713,,1.2158067844e-23,10.0
1464076474873784591,1621,1464076474676241940,,1.01317239922e-23,10.0
1464076474874706720,1622,1464076474714869342,,8.44310411566e-24,10.0
1464076474875016596,1623,1464076474738350023,,7.03592062229e-24,10.0
1464076474876370355,1624,1464076474758264879,,5.86326744819e-24,10.0
1464076474877387926,1625,1464076474806448506,,4.88605653552e-24,10.0
1464076474877887647,1626,1464076474827049957,,4.07171384534e-24,10.0
1464076474878824624,1627,1464076474850230452,,3.39309506833e-24,10.0
1464076474879932898,1628,1464076474870252473,,2.82757942082e-24,-10.0
