%time,field.header.seq,field.header.stamp,field.header.frame_id,field.temperature,field.variance
1464076439532278444,323,1464076439262173387,,1494.0,1414.0
1464076439532319590,324,1464076439281714897,,1494.0,1750.0
1464076439532364694,325,1464076439303565516,,1494.0,1482.0
1464076439532407194,326,1464076439325797227,,1494.0,1250.0
1464076439532696516,327,1464076439349271904,,1494.0,1415.0
1464076439532884797,328,1464076439371437782,,1493.0,1750.0
1464076439533199275,329,1464076439401893533,,1494.0,1483.0
1464076439533372920,330,1464076439436585263,,1493.0,1484.0
1464076439533511566,331,1464076439467626482,,1493.0,1479.0
1464076439533627243,332,1464076439499032804,,1493.0,1483.0
1464076439533754638,333,1464076439522421804,,1493.0,1484.0
1464076439564887940,334,1464076439558357749,,1493.0,1250.0
1464076439590720110,335,1464076439583765962,,1493.0,1414.0
1464076439664443402,336,1464076439606706317,,1494.0,1750.0
1464076439664797099,337,1464076439634253119,,1494.0,1483.0
1464076439664850328,338,1464076439646843918,,1493.0,1484.0
1464076439709917707,339,1464076439668868130,,1493.0,1483.0
1464076439710318748,340,1464076439685433554,,1493.0,1481.0
1464076439719506223,341,1464076439714378893,,1494.0,1480.0
1464076439745797715,342,1464076439742397360,,1493.0,1483.0
1464076439813652742,343,1464076439753920350,,1494.0,1484.0
1464076439813705450,344,1464076439775072845,,1494.0,1250.0
1464076439814472010,345,1464076439791426916,,1493.0,1414.0
1464076439814525031,346,1464076439808831088,,1493.0,1750.0
1464076439878916369,347,1464076439846133227,,1493.0,1482.0
1464076439879275534,348,1464076439862999849,,1493.0,1250.0
1464076439899381678,349,1464076439884470781,,1493.0,1414.0
1464076439910112796,350,1464076439906470462,,1493.0,1750.0
1464076439936440173,351,1464076439923030625,,1493.0,1481.0
1464076439951398101,352,1464076439943616820,,1494.0,1250.0
1464076439981366719,353,1464076439963246611,,1493.0,1415.0
1464076440002752912,354,1464076439985921707,,1493.0,1750.0
1464076440016140949,355,1464076440002821922,,1493.0,1482.0
1464076440038666305,356,1464076440025826391,,1493.0,1483.0
1464076440094273135,357,1464076440070013981,,1494.0,1482.0
1464076440168515488,358,1464076440103759568,,1493.0,1250.0
1464076440169184497,359,1464076440136090783,,1494.0,1416.0
1464076440184166384,360,1464076440167671324,,1493.0,1750.0
1464076440223065238,361,1464076440191636311,,1493.0,1483.0
1464076440247034028,362,1464076440226087938,,1494.0,1482.0
1464076440265075698,363,1464076440253472135,,1493.0,1481.0
1464076440278617276,364,1464076440272735417,,1493.0,1482.0
1464076440345712825,365,1464076440289556830,,1493.0,1482.0
1464076440349599169,366,1464076440316679257,,1491.0,1484.0
1464076440349721773,367,1464076440336119101,,1493.0,1484.0
1464076440367945839,368,1464076440357766595,,1493.0,1483.0
1464076440381205491,369,1464076440378682685,,1493.0,1482.0
1464076440410728276,370,1464076440400404189,,1493.0,1250.0
1464076440425185633,371,1464076440421151425,,1493.0,1415.0
1464076440445113444,372,1464076440441603714,,1494.0,1414.0
1464076440465560733,373,1464076440462238346,,1493.0,1414.0
1464076440484930213,374,1464076440482456209,,1493.0,1750.0
1464076440508942909,375,1464076440505498595,,1493.0,1482.0
1464076440588023269,376,1464076440522901725,,1493.0,1250.0
1464076440595433302,377,1464076440543311827,,1494.0,1414.0
1464076440595781686,378,1464076440563827084,,1494.0,1750.0
1464076440596210331,379,1464076440578029911,,1493.0,1485.0
1464076440596599861,380,1464076440594447523,,1494.0,1483.0
1464076440642840622,381,1464076440611528311,,1494.0,1485.0
1464076440643167236,382,1464076440630849978,,1494.0,1483.0
1464076440779476766,383,1464076440658038863,,1493.0,1482.0
1464076440779757078,384,1464076440684009575,,1493.0,1250.0
1464076440780051296,385,1464076440707235554,,1494.0,1416.0
1464076440780353066,386,1464076440738694897,,1493.0,1418.0
1464076440780834419,387,1464076440761472700,,1494.0,1422.0
1464076440792382096,388,1464076440780454003,,1494.0,1420.0
1464076440816477032,389,1464076440803747274,,1493.0,1419.0
1464076440835685991,390,1464076440830670848,,1492.0,1750.0
1464076440855961822,391,1464076440851447563,,1492.0,1490.0
1464076440899317747,392,1464076440871788654,,1493.0,1492.0
1464076440899371705,393,1464076440891843913,,1493.0,1493.0
1464076440918152593,394,1464076440910434176,,1494.0,1250.0
1464076441170479103,395,1464076440935029266,,1493.0,1423.0
1464076441170755301,396,1464076440956113949,,1493.0,1750.0
1464076441171002487,397,1464076440976775092,,1493.0,1491.0
1464076441171437434,398,1464076440998014722,,1494.0,1250.0
1464076441171483632,399,1464076441018909406,,1494.0,1419.0
1464076441175381955,400,1464076441038679040,,1494.0,1420.0
1464076441175663621,401,1464076441059406068,,1493.0,1418.0
1464076441175911172,402,1464076441078491121,,1494.0,1750.0
1464076441176176067,403,1464076441092980718,,1494.0,1488.0
1464076441178810592,404,1464076441112873737,,1493.0,1250.0
1464076441179175278,405,1464076441133102381,,1494.0,1414.0
1464076441179680537,406,1464076441153766284,,1493.0,1412.0
1464076441180072255,407,1464076441173999875,,1493.0,1411.0
1464076441436950837,408,1464076441193800812,,1494.0,1414.0
1464076441437178649,409,1464076441214474975,,1493.0,1413.0
1464076441437409117,410,1464076441235057993,,1493.0,1750.0
1464076441437728335,411,1464076441254413722,,1494.0,1478.0
1464076441437968699,412,1464076441273472317,,1493.0,1476.0
1464076441438230521,413,1464076441292355287,,1494.0,1476.0
1464076441438492395,414,1464076441314455436,,1493.0,1250.0
1464076441438778592,415,1464076441331417995,,1494.0,1411.0
1464076441439067342,416,1464076441352907833,,1493.0,1408.0
1464076441439321612,417,1464076441372587416,,1493.0,1408.0
1464076441439600049,418,1464076441390508878,,1494.0,1750.0
1464076441440100881,419,1464076441423024833,,1493.0,1473.0
1464076441459890723,420,1464076441451676006,,1494.0,1250.0
1464076441479810982,421,1464076441462306342,,1494.0,1405.0
1464076441487090807,422,1464076441480995719,,1491.0,1750.0
1464076441898258558,423,1464076441508465281,,1491.0,1477.0
1464076441898298871,424,1464076441531963030,,1493.0,1250.0
1464076441899152306,425,1464076441560513631,,1494.0,1418.0
1464076441913657996,426,1464076441581740344,,1493.0,1418.0
1464076441913962058,427,1464076441602073884,,1493.0,1422.0
1464076441914214713,428,1464076441622451069,,1494.0,1427.0
1464076441914466067,429,1464076441648747040,,1493.0,1431.0
1464076441914728566,430,1464076441673874889,,1494.0,1434.0
1464076441914994868,431,1464076441692537599,,1493.0,1434.0
1464076441915251690,432,1464076441711874787,,1494.0,1434.0
1464076441915299085,433,1464076441734909986,,1493.0,1432.0
1464076441915335596,434,1464076441755612118,,1493.0,1750.0
1464076441915586324,435,1464076441774647796,,1493.0,1502.0
1464076441915626897,436,1464076441784060948,,1493.0,1497.0
1464076441915792365,437,1464076441808862235,,1493.0,1503.0
1464076441916039188,438,1464076441834895707,,1494.0,1504.0
1464076441916287416,439,1464076441861529803,,1494.0,1506.0
1464076441928319519,440,1464076441882197716,,1493.0,1250.0
1464076441928916497,441,1464076441891896232,,1494.0,1438.0
1464076441929316183,442,1464076441923558595,,1494.0,1750.0
1464076441962443126,443,1464076441935828770,,1493.0,1510.0
1464076441962487396,444,1464076441947328323,,1494.0,1503.0
1464076442017385322,445,1464076441997429282,,1493.0,1505.0
1464076442031528826,446,1464076442015532098,,1494.0,1502.0
1464076442055892979,447,1464076442045822433,,1493.0,1504.0
1464076442065567537,448,1464076442056525686,,1493.0,1250.0
1464076442089092474,449,1464076442084832277,,1494.0,1432.0
1464076442117582762,450,1464076442107780913,,1494.0,1429.0
1464076442159144890,451,1464076442127081226,,1494.0,1426.0
1464076442185423049,452,1464076442149462989,,1493.0,1750.0
1464076442200248999,453,1464076442171540482,,1493.0,1493.0
1464076442252221724,454,1464076442195693386,,1493.0,1250.0
1464076442252262922,455,1464076442213393599,,1494.0,1422.0
1464076442252301203,456,1464076442223189302,,1494.0,1750.0
1464076442254794842,457,1464076442231630841,,1494.0,1487.0
1464076442268814127,458,1464076442259313736,,1494.0,1250.0
1464076442311508388,459,1464076442303828981,,1493.0,1424.0
1464076442366990531,460,1464076442359943727,,1493.0,1750.0
1464076442423408036,461,1464076442418024560,,1493.0,1496.0
1464076442487338020,462,1464076442481331891,,1494.0,1250.0
1464076442549658478,463,1464076442547038381,,1493.0,1428.0
1464076442611013730,464,1464076442601176882,,1493.0,1424.0
1464076442648560609,465,1464076442625899420,,1494.0,1418.0
1464076442660350473,466,1464076442648215558,,1494.0,1424.0
1464076442676817877,467,1464076442666322488,,1493.0,1421.0
1464076442703682961,468,1464076442699263442,,1493.0,1750.0
1464076442812350430,469,1464076442734024859,,1494.0,1491.0
1464076442812388138,470,1464076442758791303,,1493.0,1493.0
1464076442812423138,471,1464076442781864418,,1494.0,1489.0
1464076442812457253,472,1464076442807261173,,1496.0,1490.0
1464076443156087738,473,1464076442836380053,,1493.0,1491.0
1464076443156126279,474,1464076442853647559,,1494.0,1491.0
1464076443156162737,475,1464076442880545247,,1494.0,1490.0
1464076443158739501,476,1464076442906522313,,1493.0,1486.0
1464076443158809762,477,1464076442928061839,,1494.0,1489.0
1464076443164355320,478,1464076442949643031,,1494.0,1250.0
1464076443164417715,479,1464076442972997760,,1494.0,1424.0
1464076443164466101,480,1464076442995957959,,1494.0,1750.0
1464076443164497611,481,1464076443020186227,,1493.0,1491.0
1464076443164541413,482,1464076443045520170,,1494.0,1420.0
1464076443164574850,483,1464076443068910940,,1493.0,1421.0
1464076443164861777,484,1464076443091275880,,1493.0,1419.0
1464076443165045526,485,1464076443116771749,,1494.0,1420.0
1464076443165495889,486,1464076443143772302,,1493.0,1750.0
1464076444530657229,487,1464076443174099616,,1493.0,1483.0
1464076444530698583,488,1464076443205317606,,1494.0,1483.0
1464076444530741343,489,1464076443241399853,,1494.0,1482.0
1464076444530776604,490,1464076443271435501,,1494.0,1491.0
1464076444530811291,491,1464076443296373872,,1493.0,1492.0
1464076444530845145,492,1464076443316389183,,1489.0,1250.0
1464076444530889624,493,1464076443339797349,,1493.0,1427.0
1464076444530937176,494,1464076443361639791,,1493.0,1750.0
1464076444530975093,495,1464076443380171356,,1493.0,1501.0
1464076444531008426,496,1464076443400821300,,1493.0,1505.0
1464076444531042072,497,1464076443424124154,,1494.0,1503.0
1464076444531076134,498,1464076443446605761,,1493.0,1250.0
1464076444531114155,499,1464076443468389140,,1494.0,1440.0
1464076444531148946,500,1464076443488399919,,1493.0,1445.0
1464076444531183738,501,1464076443509592102,,1493.0,1448.0
1464076444531218373,502,1464076443529122675,,1493.0,1452.0
1464076444531252384,503,1464076443560478893,,1494.0,1450.0
1464076444531287800,504,1464076443582720135,,1494.0,1750.0
1464076444531320977,505,1464076443605007263,,1493.0,1516.0
1464076444531353790,506,1464076443626227362,,1493.0,1250.0
1464076444531387383,507,1464076443648411470,,1493.0,1448.0
1464076444531421133,508,1464076443675662959,,1493.0,1750.0
1464076444531454258,509,1464076443695578166,,1493.0,1518.0
1464076444531487383,510,1464076443719088624,,1494.0,1250.0
1464076444531521029,511,1464076443745843813,,1493.0,1452.0
1464076444531556914,512,1464076443768692605,,1493.0,1448.0
1464076444531588841,513,1464076443791479732,,1493.0,1451.0
1464076444531621966,514,1464076443816395030,,1494.0,1452.0
1464076444531653476,515,1464076443838977729,,1493.0,1450.0
1464076444531694674,516,1464076443860903191,,1494.0,1750.0
1464076444531731601,517,1464076443889205668,,1494.0,1515.0
1464076444531765351,518,1464076443914495496,,1494.0,1250.0
1464076444531798840,519,1464076443940994904,,1494.0,1444.0
1464076444531832538,520,1464076443955876531,,1493.0,1750.0
1464076444531865559,521,1464076443984537652,,1492.0,1512.0
1464076444531898424,522,1464076444007790818,,1493.0,1509.0
1464076444531931184,523,1464076444028075920,,1493.0,1503.0
1464076444531965715,524,1464076444053870695,,1493.0,1510.0
1464076444531999569,525,1464076444075418814,,1493.0,1501.0
1464076444532043527,526,1464076444091913926,,1493.0,1250.0
1464076444532085194,527,1464076444126563260,,1493.0,1429.0
1464076444532121913,528,1464076444161337126,,1493.0,1750.0
1464076444532156652,529,1464076444172987980,,1494.0,1501.0
1464076444532190402,530,1464076444212572405,,1493.0,1250.0
1464076444532223214,531,1464076444272290318,,1493.0,1428.0
1464076444532256443,532,1464076444322407162,,1493.0,1750.0
1464076444532289985,533,1464076444366415430,,1493.0,1502.0
1464076444532323422,534,1464076444410828748,,1493.0,1500.0
1464076444532360922,535,1464076444448474533,,1493.0,1500.0
1464076444532398162,536,1464076444481174653,,1493.0,1250.0
1464076444534088470,537,1464076444512368736,,1494.0,1435.0
1464076444994736089,538,1464076444548006662,,1493.0,1750.0
1464076444995076244,539,1464076444574498466,,1493.0,1502.0
1464076444997697956,540,1464076444603417711,,1493.0,1250.0
1464076444998085038,541,1464076444631951176,,1493.0,1429.0
1464076445014714681,542,1464076444669214514,,1493.0,1750.0
1464076445015086190,543,1464076444690179301,,1493.0,1502.0
1464076445015465356,544,1464076444715688452,,1493.0,1500.0
1464076445015508273,545,1464076444740047553,,1493.0,1498.0
1464076445015771918,546,1464076444767080553,,1493.0,1498.0
1464076445016054782,547,1464076444789819503,,1493.0,1499.0
1464076445016337125,548,1464076444813612720,,1493.0,1250.0
1464076445016744676,549,1464076444846161331,,1494.0,1431.0
1464076445016796603,550,1464076444872413031,,1493.0,1431.0
1464076445017272487,551,1464076444896577029,,1493.0,1432.0
1464076445017320716,552,1464076444920160351,,1493.0,1750.0
1464076445017976495,553,1464076444943033259,,1493.0,1498.0
1464076445023714709,554,1464076444964773773,,1494.0,1498.0
1464076445024316791,555,1464076444989090843,,1493.0,1498.0
1464076445024372676,556,1464076445009169331,,1493.0,1498.0
1464076445391500233,557,1464076445030504378,,1493.0,1499.0
1464076445391871274,558,1464076445050798751,,1493.0,1250.0
1464076445392139606,559,1464076445071758695,,1493.0,1429.0
1464076445392417262,560,1464076445087252976,,1493.0,1750.0
1464076445392749553,561,1464076445108030420,,1493.0,1496.0
1464076445393071010,562,1464076445128735573,,1494.0,1250.0
1464076445393371009,563,1464076445148868228,,1493.0,1428.0
1464076445393654342,564,1464076445170170775,,1493.0,1426.0
1464076445393946789,565,1464076445189662181,,1494.0,1425.0
1464076445394257257,566,1464076445209521294,,1494.0,1426.0
1464076445394558454,567,1464076445229762073,,1493.0,1427.0
1464076445394845901,568,1464076445261617509,,1493.0,1425.0
1464076445395115328,569,1464076445296141895,,1496.0,1423.0
1464076445395398921,570,1464076445339924746,,1493.0,1750.0
1464076445395799388,571,1464076445383508015,,1493.0,1488.0
1464076445462656292,572,1464076445426217848,,1494.0,1250.0
1464076445480340516,573,1464076445469439764,,1494.0,1408.0
1464076445519392755,574,1464076445511863660,,1494.0,1750.0
1464076445583995967,575,1464076445561275038,,1493.0,1480.0
1464076445604801120,576,1464076445566103515,,1493.0,1473.0
1464076445658081133,577,1464076445580470664,,1493.0,1483.0
1464076445658231133,578,1464076445591922821,,1493.0,1250.0
1464076445682112423,579,1464076445617007129,,1493.0,1396.0
1464076445682595807,580,1464076445655483119,,1494.0,1750.0
1464076445710854169,581,1464076445702228983,,1494.0,1469.0
1464076445761836896,582,1464076445747422248,,1494.0,1469.0
1464076445798879922,583,1464076445794296445,,1493.0,1467.0
1464076445860958454,584,1464076445845076517,,1493.0,1250.0
1464076445906915466,585,1464076445900846888,,1493.0,1395.0
1464076445956380906,586,1464076445950284724,,1493.0,1750.0
1464076446030181229,587,1464076446005844419,,1493.0,1472.0
1464076446070706381,588,1464076446062988901,,1493.0,1470.0
1464076446122354211,589,1464076446112838820,,1494.0,1475.0
1464076446178654789,590,1464076446173685375,,1493.0,1250.0
1464076446229563038,591,1464076446223326232,,1493.0,1407.0
1464076446291061832,592,1464076446275814529,,1494.0,1412.0
1464076446334031404,593,1464076446316543586,,1494.0,1416.0
1464076446369893235,594,1464076446363043826,,1493.0,1750.0
1464076446417061390,595,1464076446410508490,,1493.0,1491.0
1464076446470141247,596,1464076446462642778,,1494.0,1250.0
1464076446553592794,597,1464076446513988578,,1493.0,1437.0
1464076446576019817,598,1464076446568896764,,1494.0,1440.0
1464076446606992755,599,1464076446581998395,,1493.0,1433.0
1464076446607115463,600,1464076446602009383,,1493.0,1750.0
1464076446648678893,601,1464076446625719632,,1493.0,1493.0
1464076446692333464,602,1464076446667834675,,1493.0,1250.0
1464076446726885611,603,1464076446707126705,,1494.0,1423.0
1464076446762069996,604,1464076446751009557,,1494.0,1428.0
1464076446786803002,605,1464076446766605452,,1494.0,1429.0
1464076446788045186,606,1464076446782371452,,1493.0,1423.0
1464076446850440748,607,1464076446815879278,,1493.0,1425.0
1464076446861737853,608,1464076446854865684,,1494.0,1412.0
1464076446885198207,609,1464076446875683701,,1497.0,1407.0
1464076446930716887,610,1464076446916518279,,1498.0,1750.0
1464076446944957943,611,1464076446922872950,,1498.0,1483.0
1464076446993070053,612,1464076446959025145,,1498.0,1250.0
1464076446993573802,613,1464076446975257393,,1494.0,1422.0
1464076447014148382,614,1464076446995209787,,1494.0,1419.0
1464076447048250635,615,1464076447024662469,,1493.0,1424.0
1464076447048336259,616,1464076447037153477,,1494.0,1493.0
1464076447100497317,617,1464076447062646533,,1494.0,1491.0
1464076447100769660,618,1464076447085654649,,1494.0,1250.0
1464076447101167316,619,1464076447090218855,,1493.0,1427.0
1464076447106705426,620,1464076447103021061,,1494.0,1750.0
1464076447126368811,621,1464076447123062257,,1493.0,1498.0
1464076447157707529,622,1464076447144262565,,1493.0,1512.0
1464076447179371116,623,1464076447166498130,,1494.0,1515.0
1464076447193610401,624,1464076447183094335,,1493.0,1250.0
1464076447215362426,625,1464076447204918027,,1493.0,1444.0
1464076447233423628,626,1464076447223146364,,1493.0,1750.0
1464076447258315800,627,1464076447243120268,,1494.0,1513.0
1464076447286355986,628,1464076447264711877,,1494.0,1250.0
1464076447287108640,629,1464076447283089640,,1493.0,1438.0
1464076447330485399,630,1464076447312002167,,1494.0,1433.0
1464076447340513757,631,1464076447328492071,,1494.0,1432.0
1464076447354796427,632,1464076447347742957,,1494.0,1750.0
1464076447383723068,633,1464076447362939270,,1494.0,1499.0
1464076447391872057,634,1464076447389089460,,1494.0,1499.0
1464076447422196871,635,1464076447412736428,,1493.0,1497.0
1464076447493198504,636,1464076447446644202,,1494.0,1250.0
1464076447493743086,637,1464076447474256419,,1493.0,1424.0
1464076447570508349,638,1464076447506862999,,1493.0,1424.0
1464076447574603077,639,1464076447534650684,,1493.0,1424.0
1464076447581997276,640,1464076447552119283,,1494.0,1750.0
1464076447582101651,641,1464076447568894968,,1493.0,1495.0
1464076447592658914,642,1464076447586006276,,1494.0,1488.0
1464076447605628150,643,1464076447590512670,,1494.0,1487.0
1464076447612567559,644,1464076447609748921,,1494.0,1250.0
1464076447652819899,645,1464076447642253417,,1494.0,1419.0
1464076447677685718,646,1464076447656452077,,1494.0,1422.0
1464076447678321445,647,1464076447664417732,,1493.0,1423.0
1464076447695375149,648,1464076447684109607,,1495.0,1423.0
1464076447713125258,649,1464076447707990688,,1494.0,1427.0
1464076447728831570,650,1464076447724101374,,1494.0,1423.0
1464076447753303900,651,1464076447744011217,,1495.0,1420.0
1464076447851868219,652,1464076447769407034,,1494.0,1423.0
1464076447851921032,653,1464076447803133246,,1494.0,1417.0
1464076447852123792,654,1464076447816302950,,1494.0,1421.0
1464076447852790040,655,1464076447841793767,,1494.0,1422.0
1464076447959535483,656,1464076447863240845,,1494.0,1422.0
1464076447959769388,657,1464076447880122154,,1493.0,1421.0
1464076447960022773,658,1464076447894555084,,1493.0,1422.0
1464076447960068867,659,1464076447912203110,,1493.0,1421.0
1464076447960285377,660,1464076447928858846,,1494.0,1417.0
1464076447960562824,661,1464076447949332177,,1493.0,1421.0
1464076447999553032,662,1464076447970611703,,1493.0,1750.0
1464076447999884906,663,1464076447988298739,,1493.0,1479.0
1464076448015739603,664,1464076448010830762,,1494.0,1478.0
1464076448134283920,665,1464076448039639487,,1494.0,1480.0
1464076448134566368,666,1464076448068256129,,1493.0,1491.0
1464076448134844908,667,1464076448088945761,,1493.0,1496.0
1464076448139949634,668,1464076448109840965,,1494.0,1495.0
1464076448140521560,669,1464076448129608048,,1494.0,1491.0
1464076448182657801,670,1464076448151363354,,1494.0,1490.0
1464076448185958209,671,1464076448180576296,,1494.0,1490.0
1464076448365872883,672,1464076448202390300,,1494.0,1492.0
1464076448365908508,673,1464076448220237127,,1494.0,1491.0
1464076448366406319,674,1464076448241079103,,1494.0,1493.0
1464076448366671474,675,1464076448266782471,,1494.0,1496.0
1464076448367021317,676,1464076448284659351,,1493.0,1250.0
1464076448367860013,677,1464076448313298336,,1494.0,1427.0
1464076448367917929,678,1464076448326657519,,1493.0,1427.0
1464076448373032030,679,1464076448340116546,,1494.0,1426.0
1464076448373321977,680,1464076448350845215,,1494.0,1750.0
1464076448428895005,681,1464076448376603323,,1494.0,1493.0
1464076448431107447,682,1464076448409550005,,1493.0,1493.0
1464076448589058951,683,1464076448431916612,,1493.0,1492.0
1464076448589112336,684,1464076448444886785,,1494.0,1494.0
1464076448589250461,685,1464076448463381319,,1494.0,1498.0
1464076448590366968,686,1464076448498756120,,1494.0,1497.0
1464076448591725038,687,1464076448535501074,,1493.0,1497.0
1464076448592146964,688,1464076448578777468,,1494.0,1502.0
1464076448639359024,689,1464076448622506674,,1494.0,1501.0
1464076448669983213,690,1464076448663707605,,1493.0,1250.0
1464076448715049603,691,1464076448705452649,,1494.0,1430.0
1464076448745497229,692,1464076448728486025,,1494.0,1429.0
1464076448776471730,693,1464076448760335940,,1493.0,1430.0
1464076448777146467,694,1464076448768677792,,1494.0,1428.0
1464076448801855047,695,1464076448796963185,,1494.0,1429.0
1464076448823492854,696,1464076448815018918,,1494.0,1425.0
1464076448852340797,697,1464076448833284598,,1494.0,1426.0
1464076448864488733,698,1464076448854796311,,1494.0,1750.0
1464076448896764532,699,1464076448892483606,,1494.0,1497.0
1464076448910935640,700,1464076448902451444,,1493.0,1501.0
1464076448913423290,701,1464076448908625438,,1493.0,1497.0
1464076448939937906,702,1464076448929409028,,1493.0,1497.0
1464076448961176807,703,1464076448947931114,,1492.0,1498.0
1464076448989508658,704,1464076448966948459,,1494.0,1250.0
1464076448993145055,705,1464076448982760447,,1494.0,1430.0
1464076449013465313,706,1464076449010309228,,1494.0,1426.0
1464076449047058712,707,1464076449037211916,,1494.0,1423.0
1464076449076216603,708,1464076449073588016,,1494.0,1750.0
1464076449111725622,709,1464076449096280195,,1494.0,1491.0
1464076449113623274,710,1464076449107804487,,1494.0,1490.0
1464076449197279820,711,1464076449124199287,,1494.0,1490.0
1464076449197320289,712,1464076449131675725,,1493.0,1250.0
1464076449197357164,713,1464076449172074731,,1493.0,1421.0
1464076449363566770,714,1464076449201340590,,1494.0,1418.0
1464076449364131716,715,1464076449226617137,,1494.0,1419.0
1464076449364591194,716,1464076449248459683,,1494.0,1750.0
1464076449365021193,717,1464076449267664788,,1494.0,1490.0
1464076449365406192,718,1464076449285346824,,1494.0,1250.0
1464076449365460932,719,1464076449303184692,,1494.0,1427.0
1464076449365497025,720,1464076449324009897,,1494.0,1430.0
1464076449366232857,721,1464076449342920784,,1494.0,1429.0
1464076449368165820,722,1464076449364187862,,1493.0,1430.0
1464076450168917996,723,1464076449384207548,,1494.0,1431.0
1464076450170391169,724,1464076449405078221,,1494.0,1432.0
1464076450173200276,725,1464076449426897017,,1493.0,1431.0
1464076450173706264,726,1464076449448627584,,1494.0,1432.0
1464076450174103763,727,1464076449468837217,,1494.0,1432.0
1464076450174567512,728,1464076449489999660,,1494.0,1432.0
1464076450175019125,729,1464076449511413457,,1493.0,1432.0
1464076450175506364,730,1464076449541252179,,1494.0,1434.0
1464076450176358653,731,1464076449564196545,,1492.0,1433.0
1464076450177433025,732,1464076449584671542,,1494.0,1750.0
1464076450178671720,733,1464076449607391950,,1493.0,1499.0
1464076450179795050,734,1464076449629767567,,1494.0,1250.0
1464076450180983380,735,1464076449652721880,,1494.0,1431.0
1464076450181597702,736,1464076449682324092,,1494.0,1750.0
1464076450183500874,737,1464076449720484771,,1493.0,1507.0
1464076450183569571,738,1464076449750937971,,1494.0,1501.0
1464076450183610352,739,1464076449787028030,,1494.0,1492.0
1464076450184453527,740,1464076449820649503,,1494.0,1498.0
1464076450185833263,741,1464076449855605399,,1494.0,1499.0
1464076450186489980,742,1464076449891727177,,1494.0,1499.0
1464076450186886594,743,1464076449923650112,,1494.0,1500.0
1464076450188179559,744,1464076449951273528,,1494.0,1501.0
1464076450189972262,745,1464076449993800549,,1494.0,1499.0
1464076450191138509,746,1464076450025900984,,1494.0,1250.0
1464076450193443399,747,1464076450055158249,,1494.0,1431.0
1464076450194052616,748,1464076450093466740,,1494.0,1750.0
1464076450195130686,749,1464076450128919770,,1494.0,1501.0
1464076450195186519,750,1464076450160857184,,1494.0,1503.0
1464076450197155524,751,1464076450190390126,,1494.0,1499.0
1464076450738677302,752,1464076450217402918,,1538.0,1250.0
1464076450740031413,753,1464076450250635433,,1580.0,1424.0
1464076450740667869,754,1464076450277617965,,1580.0,1750.0
1464076450741378701,755,1464076450320813630,,1580.0,1514.0
1464076450741537971,756,1464076450378743683,,1580.0,1502.0
1464076450742345417,757,1464076450419726386,,1580.0,1499.0
1464076450744722858,758,1464076450464394756,,1580.0,1512.0
1464076450745487804,759,1464076450506059488,,1580.0,1503.0
1464076450745950720,760,1464076450554174515,,1580.0,1250.0
1464076450746442750,761,1464076450581135797,,1580.0,1425.0
1464076450746813842,762,1464076450623621829,,1580.0,1750.0
1464076450750105813,763,1464076450667295462,,1580.0,1491.0
1464076450750765707,764,1464076450708028582,,1580.0,1250.0
1464076450847881228,765,1464076450749357065,,1580.0,1375.0
1464076450848527788,766,1464076450795237410,,1580.0,1335.0
1464076450850035857,767,1464076450836797195,,1580.0,1326.0
1464076451256892266,768,1464076450871672987,,1580.0,1720.0
1464076451257682316,769,1464076450888422056,,1580.0,1435.0
1464076451258174554,770,1464076450917399322,,1580.0,1250.0
1464076451258583199,771,1464076450961186236,,1580.0,1400.0
1464076451260603298,772,1464076450998448011,,1580.0,1750.0
1464076451261116213,773,1464076451042844455,,1580.0,1524.0
1464076451261647983,774,1464076451086372515,,1580.0,1250.0
1464076451262471470,775,1464076451129926409,,1580.0,1449.0
1464076451263752769,776,1464076451171193850,,1580.0,1750.0
1464076451264443965,777,1464076451215966074,,1580.0,1428.0
1464076451265327556,778,1464076451259222260,,1580.0,1420.0
1464076451506354514,779,1464076451301534594,,1580.0,1425.0
1464076451509352006,780,1464076451344518698,,1580.0,1250.0
1464076451512257206,781,1464076451386455929,,1580.0,1344.0
1464076451513071527,782,1464076451429727011,,1580.0,1339.0
1464076451513638140,783,1464076451471841846,,1580.0,1377.0
1464076451566557894,784,1464076451514078139,,1580.0,1750.0
1464076451569141689,785,1464076451557211096,,1580.0,1528.0
1464076451704447993,786,1464076451602264309,,1580.0,1554.0
1464076451706121114,787,1464076451643680656,,1580.0,1555.0
1464076451706771841,788,1464076451691505059,,1580.0,1511.0
1464076451814651187,789,1464076451733066614,,1580.0,1449.0
1464076451815411342,790,1464076451777636339,,1580.0,1393.0
1464076451851724265,791,1464076451824023193,,1580.0,1346.0
1464076451876883208,792,1464076451871775774,,1580.0,1250.0
1464076451940093663,793,1464076451918372836,,1580.0,1297.0
1464076451969695928,794,1464076451962314125,,1580.0,1353.0
1464076452019180066,795,1464076452012502271,,1580.0,1400.0
1464076452067004313,796,1464076452057914285,,1580.0,1458.0
1464076452136391679,797,1464076452114488040,,1580.0,1534.0
1464076452196568809,798,1464076452157909121,,1580.0,1492.0
1464076452224336339,799,1464076452200829006,,1580.0,1474.0
1464076452250767726,800,1464076452220566245,,1580.0,1441.0
1464076452271834909,801,1464076452266793881,,1580.0,1424.0
1464076452317017340,802,1464076452311062669,,1580.0,1750.0
1464076452368406421,803,1464076452356618015,,1580.0,1433.0
1464076452415222702,804,1464076452406929078,,1580.0,1436.0
1464076452457073163,805,1464076452450542295,,1580.0,1441.0
1464076452507200945,806,1464076452496534359,,1580.0,1250.0
1464076452579498459,807,1464076452542585590,,1580.0,1345.0
1464076452595089616,808,1464076452587308491,,1580.0,1353.0
1464076452659608192,809,1464076452632430974,,1580.0,1378.0
1464076452728286446,810,1464076452674973412,,1580.0,1750.0
1464076452730030608,811,1464076452718357514,,1580.0,1580.0
1464076452782521925,812,1464076452759205738,,1580.0,1250.0
1464076452808537689,813,1464076452785631605,,1580.0,1750.0
1464076452834692202,814,1464076452807822326,,1580.0,1501.0
1464076452851250231,815,1464076452828561021,,1580.0,1483.0
1464076452867006751,816,1464076452841203174,,1580.0,1250.0
1464076452891490123,817,1464076452858410524,,1580.0,1399.0
1464076452944753574,818,1464076452873689493,,1580.0,1424.0
1464076452945399145,819,1464076452895630685,,1580.0,1369.0
1464076452946619662,820,1464076452915834589,,1580.0,1387.0
1464076452947240130,821,1464076452931708400,,1580.0,1402.0
1464076453096356761,822,1464076452948817417,,1580.0,1401.0
1464076453097317019,823,1464076452963068733,,1580.0,1407.0
1464076453097944882,824,1464076452976481457,,1580.0,1414.0
1464076453098285141,825,1464076452995495781,,1580.0,1431.0
1464076453100874561,826,1464076453015394061,,1580.0,1414.0
1464076453102724765,827,1464076453060723992,,1580.0,1415.0
1464076453133128537,828,1464076453103892678,,1580.0,1750.0
1464076453254745190,829,1464076453147654384,,1580.0,1542.0
1464076453255318679,830,1464076453191162340,,1580.0,1601.0
1464076453255939927,831,1464076453234378839,,1580.0,1501.0
1464076453423764425,832,1464076453275171073,,1580.0,1323.0
1464076453424119632,833,1464076453300795796,,1580.0,1506.0
1464076453424478746,834,1464076453317254346,,1580.0,1425.0
1464076453425589055,835,1464076453333581906,,1580.0,1383.0
1464076453426985822,836,1464076453358314392,,1580.0,1457.0
1464076453427060926,837,1464076453373687997,,1580.0,1436.0
1464076453428368631,838,1464076453395038096,,1580.0,1408.0
1464076453429219150,839,1464076453417210067,,1580.0,1406.0
1464076453479127141,840,1464076453434523875,,1580.0,1439.0
1464076453479191464,841,1464076453455277622,,1580.0,1440.0
1464076453625998987,842,1464076453476849803,,1580.0,1441.0
1464076453626177632,843,1464076453493436894,,1580.0,1464.0
1464076453627170338,844,1464076453513524288,,1580.0,1446.0
1464076453627214817,845,1464076453542323951,,1580.0,1448.0
1464076453627425389,846,1464076453558110002,,1580.0,1446.0
1464076453630611162,847,1464076453577128284,,1580.0,1467.0
1464076453632691729,848,1464076453593644438,,1580.0,1463.0
1464076453633368186,849,1464076453617013177,,1580.0,1250.0
1464076453814461763,850,1464076453638580307,,1580.0,1372.0
1464076453815001969,851,1464076453668590643,,1580.0,1346.0
1464076453815423895,852,1464076453675301875,,1580.0,1739.0
1464076453815544364,853,1464076453704181485,,1580.0,1416.0
1464076453816815402,854,1464076453726726269,,1580.0,1439.0
1464076453817241807,855,1464076453752120315,,1580.0,1443.0
1464076453818837480,856,1464076453780375135,,1580.0,1250.0
1464076453821588462,857,1464076453813840827,,1580.0,1750.0
1464076453996987679,858,1464076453846058917,,1580.0,1553.0
1464076453999157309,859,1464076453872209837,,1580.0,1476.0
1464076454001135168,860,1464076453899341587,,1580.0,1457.0
1464076454002434904,861,1464076453925372923,,1580.0,1510.0
1464076454004473232,862,1464076453957063828,,1580.0,1492.0
1464076454005396771,863,1464076453978120959,,1580.0,1411.0
1464076454006028384,864,1464076454002299019,,1580.0,1462.0
1464076454245086858,865,1464076454022730215,,1580.0,1438.0
1464076454245540659,866,1464076454043695940,,1580.0,1455.0
1464076454246236334,867,1464076454064539998,,1580.0,1429.0
1464076454246675968,868,1464076454084565882,,1580.0,1435.0
1464076454246980447,869,1464076454105934731,,1580.0,1443.0
1464076454247334612,870,1464076454126369624,,1580.0,1430.0
1464076454249018879,871,1464076454148433888,,1580.0,1441.0
1464076454249499711,872,1464076454166632641,,1580.0,1445.0
1464076454250495489,873,1464076454187333992,,1580.0,1446.0
1464076454251413820,874,1464076454210908564,,1580.0,1449.0
1464076454252082568,875,1464076454231450488,,1580.0,1429.0
1464076454524544963,876,1464076454254481416,,1580.0,1449.0
1464076454524801056,877,1464076454276815731,,1580.0,1468.0
1464076454525198294,878,1464076454302422277,,1580.0,1431.0
1464076454525568502,879,1464076454331629074,,1580.0,1449.0
1464076454525853501,880,1464076454357370046,,1580.0,1444.0
1464076454526109750,881,1464076454383856225,,1580.0,1443.0
1464076454526420479,882,1464076454415045725,,1580.0,1462.0
1464076454526691676,883,1464076454448058762,,1580.0,1473.0
1464076454527158966,884,1464076454475613740,,1580.0,1456.0
1464076454530141927,885,1464076454504747516,,1580.0,1449.0
1464076454715150702,886,1464076454539722057,,1580.0,1468.0
1464076454716737260,887,1464076454563471213,,1580.0,1452.0
1464076454717089707,888,1464076454591204211,,1580.0,1459.0
1464076454717378977,889,1464076454614783262,,1580.0,1455.0
1464076454718051527,890,1464076454643642039,,1580.0,1456.0
1464076454718707098,891,1464076454671347694,,1580.0,1461.0
1464076454721779382,892,1464076454699771420,,1580.0,1458.0
1464076454854855067,893,1464076454731618991,,1580.0,1465.0
1464076454855136733,894,1464076454758359440,,1580.0,1436.0
1464076454855418919,895,1464076454790025709,,1580.0,1475.0
1464076454856136209,896,1464076454816997408,,1580.0,1444.0
1464076454856573552,897,1464076454846100663,,1580.0,1465.0
1464076454996529114,898,1464076454877382610,,1580.0,1460.0
1464076455020953371,899,1464076454907118572,,1580.0,1458.0
1464076455022024358,900,1464076454940676972,,1580.0,1445.0
1464076455028600590,901,1464076454970887620,,1580.0,1462.0
1464076455046847573,902,1464076455009544652,,1580.0,1452.0
1464076455109887716,903,1464076455050617875,,1580.0,1438.0
1464076455111922190,904,1464076455090416987,,1580.0,1450.0
1464076455113035156,905,1464076455097255354,,1580.0,1446.0
1464076455267132451,906,1464076455127531210,,1580.0,1250.0
1464076455267411408,907,1464076455153533276,,1580.0,1374.0
1464076455268561718,908,1464076455177112848,,1580.0,1750.0
1464076455269453799,909,1464076455222999548,,1580.0,1444.0
1464076455269816194,910,1464076455264117198,,1580.0,1472.0
1464076455322492250,911,1464076455306679220,,1580.0,1445.0
1464076455355298204,912,1464076455343740527,,1580.0,1539.0
1464076455484268171,913,1464076455370910037,,1580.0,1459.0
1464076455484931294,914,1464076455412839300,,1580.0,1250.0
1464076455486255978,915,1464076455461540054,,1580.0,1333.0
1464076456043075578,916,1464076455506171445,,1580.0,1720.0
1464076456043428755,917,1464076455552125437,,1580.0,1441.0
1464076456044687501,918,1464076455598018178,,1580.0,1489.0
1464076456045832654,919,1464076455641484155,,1580.0,1515.0
1464076456046113383,920,1464076455693412870,,1580.0,1250.0
1464076456047399473,921,1464076455743587319,,1580.0,1250.0
1464076456059956054,922,1464076455787952669,,1580.0,1309.0
1464076456060076522,923,1464076455831725989,,1580.0,1356.0
1464076456060126314,924,1464076455876747274,,1580.0,1406.0
1464076456060261939,925,1464076455920184293,,1580.0,1462.0
1464076456061979226,926,1464076455964938809,,1580.0,1532.0
1464076456062066934,927,1464076456007963329,,1580.0,1469.0
1464076456062618911,928,1464076456050187070,,1580.0,1471.0
1464076456161824010,929,1464076456089989359,,1580.0,1419.0
1464076456162297498,930,1464076456134813405,,1580.0,1409.0
1464076456189764664,931,1464076456183212026,,1580.0,1352.0
1464076456232918455,932,1464076456227690448,,1580.0,1376.0
1464076456278914894,933,1464076456272736369,,1580.0,1428.0
1464076456329404863,934,1464076456324599667,,1580.0,1436.0
1464076456369252777,935,1464076456365014663,,1580.0,1475.0
1464076456416107234,936,1464076456411523965,,1580.0,1511.0
1464076456468134074,937,1464076456461511331,,1580.0,1463.0
1464076456702856101,938,1464076456492224895,,1580.0,1446.0
1464076456702895684,939,1464076456510734741,,1580.0,1445.0
1464076456703267662,940,1464076456542303615,,1580.0,1444.0
1464076456703655838,941,1464076456566083239,,1580.0,1400.0
1464076456703965421,942,1464076456585712405,,1580.0,1437.0
1464076456704166827,943,1464076456624666571,,1580.0,1424.0
1464076456704207712,944,1464076456651297385,,1580.0,1406.0
1464076456704532607,945,1464076456681104441,,1580.0,1427.0
1464076456704656461,946,1464076456694745706,,1580.0,1428.0
1464076456790344877,947,1464076456724903334,,1580.0,1429.0
1464076456790877844,948,1464076456759129700,,1580.0,1434.0
1464076456791286645,949,1464076456772575393,,1580.0,1457.0
1464076456809722325,950,1464076456792645287,,1580.0,1434.0
1464076456820857139,951,1464076456818877040,,1580.0,1437.0
1464076456847172797,952,1464076456832675024,,1580.0,1444.0
1464076456891480960,953,1464076456857252614,,1580.0,1451.0
1464076456892058614,954,1464076456880043334,,1580.0,1421.0
1464076456914875689,955,1464076456903075720,,1580.0,1437.0
1464076456925660243,956,1464076456912769757,,1580.0,1447.0
1464076456941583221,957,1464076456937054848,,1580.0,1438.0
1464076456974029072,958,1464076456967029507,,1580.0,1422.0
1464076457017655257,959,1464076457006727317,,1580.0,1442.0
1464076457125511634,960,1464076457037866869,,1580.0,1444.0
1464076457125613301,961,1464076457062124408,,1580.0,1436.0
1464076457126881318,962,1464076457082666958,,1580.0,1439.0
1464076457127423296,963,1464076457104534139,,1580.0,1417.0
1464076457130099903,964,1464076457124363304,,1580.0,1468.0
1464076457253188427,965,1464076457143323045,,1580.0,1433.0
1464076457253653999,966,1464076457164575384,,1580.0,1448.0
1464076457256245138,967,1464076457184040227,,1580.0,1439.0
1464076457258096904,968,1464076457205539909,,1580.0,1446.0
1464076457258506590,969,1464076457226258343,,1580.0,1449.0
1464076457258991433,970,1464076457246308967,,1580.0,1438.0
1464076457343665424,971,1464076457266895474,,1580.0,1446.0
1464076457343702612,972,1464076457284487354,,1580.0,1456.0
1464076457343824903,973,1464076457303021106,,1580.0,1445.0
1464076457366176874,974,1464076457330056503,,1580.0,1448.0
1464076457368349629,975,1464076457340480016,,1580.0,1457.0
1464076457368386764,976,1464076457347401144,,1580.0,1440.0
1464076457368601295,977,1464076457360764493,,1580.0,1446.0
1464076457403149067,978,1464076457387703379,,1580.0,1448.0
1464076457452284873,979,1464076457425450934,,1580.0,1446.0
1464076457522866558,980,1464076457453966587,,1580.0,1445.0
1464076457524427908,981,1464076457477281316,,1580.0,1436.0
1464076457524856397,982,1464076457501942083,,1580.0,1437.0
1464076457633804073,983,1464076457533281739,,1580.0,1434.0
1464076457634049333,984,1464076457559975886,,1580.0,1435.0
1464076457634424593,985,1464076457598506199,,1580.0,1434.0
1464076457652350013,986,1464076457644914096,,1580.0,1461.0
1464076457695714585,987,1464076457691440169,,1580.0,1454.0
1464076457739452176,988,1464076457733826878,,1580.0,1475.0
1464076457785732364,989,1464076457781602844,,1580.0,1430.0
1464076457835986813,990,1464076457831839636,,1580.0,1423.0
1464076457861292161,991,1464076457842455962,,1580.0,1423.0
1464076457861631900,992,1464076457846138712,,1580.0,1439.0
1464076457897682637,993,1464076457873705045,,1580.0,1439.0
1464076457898112896,994,1464076457894278271,,1580.0,1412.0
1464076457914257176,995,1464076457909707448,,1580.0,1435.0
1464076457965559174,996,1464076457933988321,,1580.0,1407.0
1464076457987430938,997,1464076457980683143,,1580.0,1410.0
1464076458021650690,998,1464076458001089964,,1580.0,1443.0
1464076458045102762,999,1464076458024994535,,1580.0,1446.0
1464076458073527738,1000,1464076458055963202,,1580.0,1424.0
1464076458093616851,1001,1464076458083421566,,1580.0,1423.0
1464076458125509682,1002,1464076458105021404,,1580.0,1420.0
1464076458141187557,1003,1464076458134662106,,1580.0,1423.0
1464076458395903384,1004,1464076458168780972,,1580.0,1417.0
1464076458395969634,1005,1464076458201324791,,1580.0,1324.0
1464076458396312081,1006,1464076458229431539,,1580.0,1510.0
1464076458396670882,1007,1464076458255120480,,1580.0,1412.0
1464076458397019579,1008,1464076458276296205,,1580.0,1424.0
1464076458397305203,1009,1464076458304285349,,1580.0,1419.0
1464076458397648223,1010,1464076458337746196,,1580.0,1432.0
1464076458399446083,1011,1464076458363279149,,1580.0,1448.0
1464076458399999884,1012,1464076458391853343,,1580.0,1418.0
1464076458580841430,1013,1464076458423555810,,1580.0,1433.0
1464076458581111846,1014,1464076458450495634,,1580.0,1430.0
1464076458581380751,1015,1464076458474020258,,1580.0,1421.0
1464076458581630386,1016,1464076458500233625,,1580.0,1412.0
1464076458581679709,1017,1464076458505188247,,1580.0,1419.0
1464076458582171374,1018,1464076458548380007,,1580.0,1423.0
1464076458582687310,1019,1464076458577036284,,1580.0,1415.0
1464076458600175441,1020,1464076458593214886,,1580.0,1418.0
1464076458632717333,1021,1464076458613519051,,1580.0,1422.0
1464076458642290067,1022,1464076458633099832,,1580.0,1378.0
1464076458668650257,1023,1464076458654564149,,1580.0,1440.0
1464076458684933963,1024,1464076458675285135,,1580.0,1419.0
1464076458701061941,1025,1464076458693105712,,1580.0,1419.0
1464076458722791883,1026,1464076458716940492,,1580.0,1421.0
1464076458770970868,1027,1464076458746744787,,1580.0,1417.0
1464076458774109401,1028,1464076458769047592,,1580.0,1411.0
1464076458906854358,1029,1464076458792869195,,1580.0,1441.0
1464076458906904826,1030,1464076458817004755,,1580.0,1391.0
1464076458906947483,1031,1464076458840237609,,1580.0,1421.0
1464076458907410763,1032,1464076458860638336,,1580.0,1426.0
1464076458908111490,1033,1464076458880045524,,1580.0,1413.0
1464076458908933363,1034,1464076458902803744,,1580.0,1426.0
1464076458973060795,1035,1464076458925352798,,1580.0,1407.0
1464076458973312044,1036,1464076458946788574,,1580.0,1417.0
1464076458982281916,1037,1464076458972581577,,1580.0,1436.0
1464076459040366604,1038,1464076458997297657,,1580.0,1418.0
1464076459040524416,1039,1464076459017745831,,1580.0,1401.0
1464076459090630844,1040,1464076459046373098,,1580.0,1417.0
1464076459093353754,1041,1464076459070131889,,1580.0,1421.0
1464076459124302785,1042,1464076459095977965,,1580.0,1422.0
1464076459134423904,1043,1464076459124797315,,1580.0,1413.0
1464076459185199705,1044,1464076459152851146,,1580.0,1424.0
1464076459185232257,1045,1464076459178210089,,1580.0,1404.0
1464076459195054471,1046,1464076459189510006,,1580.0,1452.0
1464076459210032555,1047,1464076459202993720,,1580.0,1424.0
1464076459234404105,1048,1464076459230781406,,1580.0,1423.0
1464076459268040108,1049,1464076459261481636,,1580.0,1429.0
1464076459304787874,1050,1464076459293189937,,1580.0,1436.0
1464076459323484178,1051,1464076459320646061,,1580.0,1416.0
1464076459422910995,1052,1464076459348680257,,1580.0,1451.0
1464076459426209424,1053,1464076459367811091,,1580.0,1426.0
1464076459426267548,1054,1464076459387422705,,1580.0,1429.0
1464076459426514006,1055,1464076459415263307,,1580.0,1435.0
1464076460099515899,1056,1464076459436124553,,1580.0,1430.0
1464076460102991255,1057,1464076459455863146,,1580.0,1667.0
1464076460103052505,1058,1464076459477292620,,1580.0,1750.0
1464076460103341202,1059,1464076459500192559,,1580.0,1250.0
1464076460103614326,1060,1464076459522353332,,1580.0,1750.0
1464076460105867393,1061,1464076459550040133,,1580.0,1542.0
1464076460106453120,1062,1464076459572632573,,1580.0,1250.0
1464076460106781817,1063,1464076459592473040,,1580.0,1469.0
1464076460107109890,1064,1464076459613157777,,1580.0,1750.0
1464076460110961129,1065,1464076459631844445,,1580.0,1497.0
1464076460111358732,1066,1464076459653683866,,1580.0,1250.0
1464076460113112582,1067,1464076459674123394,,1580.0,1432.0
1464076460113171071,1068,1464076459695397296,,1580.0,1422.0
1464076460114945806,1069,1464076459714150631,,1580.0,1435.0
1464076460115014295,1070,1464076459734834377,,1580.0,1750.0
1464076460117906527,1071,1464076459756768225,,1580.0,1491.0
1464076460117976162,1072,1464076459778122230,,1580.0,1250.0
1464076460118360953,1073,1464076459798862904,,1580.0,1418.0
1464076460121422559,1074,1464076459820579252,,1580.0,1410.0
1464076460121492768,1075,1464076459840970499,,1580.0,1413.0
1464076460121815736,1076,1464076459861717735,,1580.0,1750.0
1464076460122108131,1077,1464076459882536638,,1580.0,1476.0
1464076460123925834,1078,1464076459902797260,,1580.0,1479.0
1464076460124329114,1079,1464076459922332937,,1580.0,1482.0
1464076460124666197,1080,1464076459943256162,,1580.0,1485.0
1464076460126828430,1081,1464076459966119851,,1580.0,1470.0
1464076460127148065,1082,1464076459991478064,,1580.0,1250.0
1464076460127415512,1083,1464076460016639976,,1580.0,1390.0
1464076460130245140,1084,1464076460039919601,,1580.0,1403.0
1464076460130322952,1085,1464076460062807352,,1580.0,1387.0
1464076460130583316,1086,1464076460085069480,,1580.0,1750.0
1464076460132434926,1087,1464076460106369683,,1580.0,1468.0
1464076460132886539,1088,1464076460130011964,,1580.0,1459.0
1464076462662504183,1089,1464076460150388055,,1580.0,1453.0
1464076462662890797,1090,1464076460172930442,,1580.0,1505.0
1464076462663143140,1091,1464076460195369601,,1580.0,1463.0
1464076462663392931,1092,1464076460215176423,,1580.0,1453.0
1464076462663648972,1093,1464076460235518712,,1580.0,1442.0
1464076462663897096,1094,1464076460258392348,,1580.0,1471.0
1464076462664143137,1095,1464076460278801148,,1580.0,1437.0
1464076462664381157,1096,1464076460301250567,,1580.0,1439.0
1464076462664620844,1097,1464076460322726811,,1580.0,1440.0
1464076462664868031,1098,1464076460344308733,,1580.0,1423.0
1464076462665165166,1099,1464076460365719821,,1580.0,1450.0
1464076462665426676,1100,1464076460386679973,,1580.0,1431.0
1464076462665752248,1101,1464076460406257004,,1580.0,1405.0
1464076462666049591,1102,1464076460430440273,,1580.0,1426.0
1464076462666338913,1103,1464076460452320318,,1580.0,1427.0
1464076462666639537,1104,1464076460473391251,,1580.0,1408.0
1464076462668106147,1105,1464076460496702959,,1580.0,1418.0
1464076462668515261,1106,1464076460517117957,,1580.0,1439.0
1464076462668846666,1107,1464076460545050903,,1580.0,1425.0
1464076462669123332,1108,1464076460570135210,,1580.0,1418.0
1464076462669429477,1109,1464076460592962806,,1580.0,1415.0
1464076462669723174,1110,1464076460618790132,,1580.0,1420.0
1464076462670015778,1111,1464076460640512053,,1580.0,1425.0
1464076462670307340,1112,1464076460664204125,,1580.0,1429.0
1464076462670601297,1113,1464076460686647502,,1580.0,1419.0
1464076462672414001,1114,1464076460710607125,,1580.0,1423.0
1464076462672791083,1115,1464076460733716230,,1580.0,1424.0
1464076462673089311,1116,1464076460754577841,,1580.0,1425.0
1464076462673384310,1117,1464076460776412991,,1580.0,1427.0
1464076462673674778,1118,1464076460800636155,,1580.0,1250.0
1464076462673945299,1119,1464076460824197602,,1580.0,1306.0
1464076462674244464,1120,1464076460844895463,,1580.0,1750.0
1464076462674606651,1121,1464076460867251549,,1580.0,1401.0
1464076462674961337,1122,1464076460887230089,,1580.0,1416.0
1464076462675228160,1123,1464076460911229296,,1580.0,1408.0
1464076462675515555,1124,1464076460934470015,,1580.0,1408.0
1464076462677262373,1125,1464076460957964066,,1580.0,1413.0
1464076462677721226,1126,1464076460981484472,,1580.0,1401.0
1464076462678048725,1127,1464076461006421124,,1580.0,1367.0
1464076462678436953,1128,1464076461029470593,,1580.0,1397.0
1464076462678743359,1129,1464076461052045429,,1580.0,1390.0
1464076462679133878,1130,1464076461074685472,,1580.0,1407.0
1464076462679446117,1131,1464076461096659736,,1580.0,1391.0
1464076462679750700,1132,1464076461120881807,,1580.0,1549.0
1464076462680006064,1133,1464076461142114927,,1580.0,1431.0
1464076462680280177,1134,1464076461165131792,,1580.0,1415.0
1464076462681974548,1135,1464076461183528253,,1580.0,1463.0
1464076462682389495,1136,1464076461206685379,,1580.0,1441.0
1464076462682707306,1137,1464076461228254019,,1580.0,1405.0
1464076462683016003,1138,1464076461252045622,,1580.0,1463.0
1464076462683286680,1139,1464076461271682600,,1580.0,1426.0
1464076462683525898,1140,1464076461291314995,,1580.0,1414.0
1464076462683840637,1141,1464076461315109098,,1580.0,1425.0
1464076462684109803,1142,1464076461338489609,,1580.0,1423.0
1464076462684547353,1143,1464076461361263245,,1580.0,1410.0
1464076462684821571,1144,1464076461381108348,,1580.0,1445.0
1464076462686882972,1145,1464076461400078089,,1580.0,1413.0
1464076462687273232,1146,1464076461418753143,,1580.0,1437.0
1464076462687619793,1147,1464076461439310953,,1580.0,1437.0
1464076462687925157,1148,1464076461469863788,,1580.0,1436.0
1464076462688202500,1149,1464076461502024222,,1580.0,1419.0
1464076462688471510,1150,1464076461536481786,,1580.0,1454.0
1464076462688696405,1151,1464076461581158750,,1580.0,1433.0
1464076462688936821,1152,1464076461622481660,,1580.0,1444.0
1464076462689179841,1153,1464076461649175182,,1580.0,1431.0
1464076462689431872,1154,1464076461659392342,,1580.0,1444.0
1464076462689730048,1155,1464076461690609029,,1580.0,1436.0
1464076462690015360,1156,1464076461718060205,,1580.0,1440.0
1464076462690311348,1157,1464076461759278637,,1580.0,1419.0
1464076462690610358,1158,1464076461796672859,,1580.0,1457.0
1464076462691304314,1159,1464076461818833841,,1580.0,1451.0
1464076462691638584,1160,1464076461838645976,,1580.0,1462.0
1464076462691938792,1161,1464076461866266058,,1580.0,1432.0
1464076462693581288,1162,1464076461894601711,,1580.0,1429.0
1464076462693919412,1163,1464076461923791685,,1580.0,1446.0
1464076462694175036,1164,1464076461949848959,,1580.0,1431.0
1464076462694424202,1165,1464076461975030454,,1580.0,1451.0
1464076462694659253,1166,1464076461993580664,,1580.0,1441.0
1464076462694903680,1167,1464076462007681043,,1580.0,1389.0
1464076462695149044,1168,1464076462028653435,,1580.0,1476.0
1464076462695391699,1169,1464076462049525046,,1580.0,1436.0
1464076462695653990,1170,1464076462070714572,,1580.0,1461.0
1464076462695917479,1171,1464076462090745300,,1580.0,1435.0
1464076462696215551,1172,1464076462111039152,,1580.0,1440.0
1464076462696495967,1173,1464076462130196600,,1580.0,1427.0
1464076462697308153,1174,1464076462151253263,,1580.0,1462.0
1464076462697649089,1175,1464076462172669507,,1580.0,1428.0
1464076462701797359,1176,1464076462197314910,,1580.0,1454.0
1464076462702163973,1177,1464076462219068862,,1580.0,1452.0
1464076462702522774,1178,1464076462240787241,,1580.0,1448.0
1464076462702841888,1179,1464076462261818747,,1580.0,1453.0
1464076462703150533,1180,1464076462282072703,,1580.0,1446.0
1464076462703449074,1181,1464076462302949470,,1580.0,1457.0
1464076462703738031,1182,1464076462323061500,,1580.0,1456.0
1464076462704044645,1183,1464076462344314412,,1580.0,1450.0
1464076462704350582,1184,1464076462366003572,,1580.0,1452.0
1464076462704620789,1185,1464076462384993938,,1580.0,1455.0
1464076462704883341,1186,1464076462402526808,,1580.0,1451.0
1464076462705134017,1187,1464076462421286966,,1580.0,1472.0
1464076462705384745,1188,1464076462440767070,,1580.0,1443.0
1464076462705621307,1189,1464076462461038369,,1580.0,1445.0
1464076462705850578,1190,1464076462480975451,,1580.0,1453.0
1464076462706088806,1191,1464076462497244470,,1580.0,1450.0
1464076462706307764,1192,1464076462521160396,,1580.0,1453.0
1464076462706533753,1193,1464076462546515276,,1580.0,1454.0
1464076462706754429,1194,1464076462567245637,,1580.0,1460.0
1464076462706974168,1195,1464076462585720431,,1580.0,1452.0
1464076462707194584,1196,1464076462605167514,,1580.0,1440.0
1464076462707417553,1197,1464076462623461840,,1580.0,1448.0
1464076462707763697,1198,1464076462640758148,,1580.0,1450.0
1464076462717991378,1199,1464076462659613254,,1580.0,1456.0
1464076462718056274,1200,1464076462678424974,,1580.0,1450.0
1464076462718848980,1201,1464076462697654975,,1580.0,1446.0
1464076463765947735,1202,1464076462719894498,,1580.0,1460.0
1464076463766252005,1203,1464076462748850306,,1580.0,1458.0
1464076463768125698,1204,1464076462769811448,,1580.0,1435.0
1464076463769668454,1205,1464076462789579884,,1580.0,1463.0
1464076463769995849,1206,1464076462809749414,,1580.0,1452.0
1464076463770274755,1207,1464076462829089935,,1580.0,1457.0
1464076463770577306,1208,1464076462849268995,,1580.0,1456.0
1464076463770838139,1209,1464076462866019002,,1580.0,1434.0
1464076463771092096,1210,1464076462885975720,,1580.0,1445.0
1464076463771341731,1211,1464076462904997335,,1580.0,1469.0
1464076463772750998,1212,1464076462925844258,,1580.0,1462.0
1464076463773090112,1213,1464076462943520461,,1580.0,1454.0
1464076463773345111,1214,1464076462959642657,,1580.0,1440.0
1464076463774705784,1215,1464076462969586277,,1580.0,1451.0
1464076463776117760,1216,1464076463007234457,,1580.0,1453.0
1464076463776398332,1217,1464076463037126564,,1580.0,1456.0
1464076463776658279,1218,1464076463066397423,,1580.0,1454.0
1464076463778516920,1219,1464076463100188739,,1580.0,1427.0
1464076463778799159,1220,1464076463127421843,,1580.0,1451.0
1464076463779161866,1221,1464076463161035451,,1580.0,1445.0
1464076463779434001,1222,1464076463190656257,,1580.0,1450.0
1464076463779714990,1223,1464076463220984457,,1580.0,1440.0
1464076463779987281,1224,1464076463248723028,,1580.0,1472.0
1464076463780277801,1225,1464076463278070866,,1580.0,1430.0
1464076463783410188,1226,1464076463310589633,,1580.0,1440.0
1464076463783785760,1227,1464076463338362371,,1580.0,1459.0
1464076463784068520,1228,1464076463367375366,,1580.0,1445.0
1464076463784348050,1229,1464076463399605749,,1580.0,1462.0
1464076463786754085,1230,1464076463425280576,,1580.0,1448.0
1464076463787078355,1231,1464076463452779356,,1542.0,1462.0
1464076463787344553,1232,1464076463485077238,,1538.0,1451.0
1464076463789191110,1233,1464076463510812690,,1498.0,1454.0
1464076463789541995,1234,1464076463538725428,,1498.0,1456.0
1464076463789821525,1235,1464076463570488988,,1493.0,1456.0
1464076463790113920,1236,1464076463596157409,,1494.0,1444.0
1464076463790437201,1237,1464076463626796129,,1494.0,1466.0
1464076463790718606,1238,1464076463668844193,,1493.0,1448.0
1464076463791023709,1239,1464076463714012406,,1388.0,1449.0
1464076463792765944,1240,1464076463755639846,,1353.0,1449.0
1464076463793260318,1241,1464076463783917322,,1355.0,1443.0
1464076464012709573,1242,1464076463812626516,,1359.0,1446.0
1464076464013110093,1243,1464076463842557738,,1385.0,1448.0
1464076464013439936,1244,1464076463868071784,,1385.0,1438.0
1464076464013730821,1245,1464076463894749994,,1382.0,1411.0
1464076464015358577,1246,1464076463923907051,,1368.0,1466.0
1464076464017007426,1247,1464076463950860781,,1356.0,1454.0
1464076464019221014,1248,1464076463977408418,,1399.0,1426.0
1464076464019799763,1249,1464076464007057818,,1387.0,1476.0
1464076464902165105,1250,1464076464039043461,,1386.0,1449.0
1464076464904617546,1251,1464076464066867814,,1388.0,1450.0
1464076464904918014,1252,1464076464100720952,,1402.0,1459.0
1464076464905209993,1253,1464076464127419943,,1401.0,1459.0
1464076464905464315,1254,1464076464160678864,,1402.0,1460.0
1464076464905717804,1255,1464076464186502909,,1399.0,1447.0
1464076464908528421,1256,1464076464218026314,,1385.0,1455.0
1464076464908883160,1257,1464076464249421282,,1373.0,1483.0
1464076464909153576,1258,1464076464276344648,,1373.0,1444.0
1464076464909494252,1259,1464076464305324362,,1386.0,1453.0
1464076464909538158,1260,1464076464336726725,,1386.0,1468.0
1464076464909776855,1261,1464076464367747736,,1394.0,1438.0
1464076464911294664,1262,1464076464397951978,,1369.0,1479.0
1464076464911652371,1263,1464076464425395602,,1367.0,1481.0
1464076464913220127,1264,1464076464454213233,,1370.0,1442.0
1464076464913497002,1265,1464076464487327728,,1369.0,1491.0
1464076464913768824,1266,1464076464515818849,,1370.0,1425.0
1464076464914047469,1267,1464076464545647051,,1371.0,1444.0
1464076464914318302,1268,1464076464574009006,,1370.0,1455.0
1464076464914607780,1269,1464076464606429648,,1364.0,1452.0
1464076464914999446,1270,1464076464635015509,,1370.0,1434.0
1464076464915047466,1271,1464076464665715635,,1359.0,1462.0
1464076464915239549,1272,1464076464696163209,,1360.0,1492.0
1464076464915536059,1273,1464076464724680112,,1353.0,1448.0
1464076464917029544,1274,1464076464756199663,,1354.0,1615.0
1464076464917308398,1275,1464076464783717923,,1353.0,1253.0
1464076464917650168,1276,1464076464811689775,,1355.0,1462.0
1464076464917946521,1277,1464076464843804584,,1370.0,1541.0
1464076464920235421,1278,1464076464872822684,,1371.0,1503.0
1464076464929827843,1279,1464076464901476617,,1396.0,1479.0
1464076465033342462,1280,1464076464929440136,,1398.0,1464.0
1464076465033384701,1281,1464076464959636201,,1401.0,1419.0
1464076465033423816,1282,1464076464987706126,,1401.0,1402.0
1464076465033461003,1283,1464076465019961091,,1401.0,1250.0
1464076466386648416,1284,1464076465046847009,,1489.0,1365.0
1464076466386692114,1285,1464076465081168635,,1493.0,1250.0
1464076466386728208,1286,1464076465110125641,,1494.0,1461.0
1464076466387037582,1287,1464076465139501917,,1498.0,1750.0
1464076466387689976,1288,1464076465171454070,,1492.0,1367.0
1464076466387973569,1289,1464076465197021241,,1493.0,1648.0
1464076466390469864,1290,1464076465228711469,,1494.0,1750.0
1464076466392206995,1291,1464076465260156697,,1494.0,1750.0
1464076466394164073,1292,1464076465287024906,,1492.0,1750.0
1464076466394950217,1293,1464076465316645973,,1493.0,1750.0
1464076466396562921,1294,1464076465343688348,,1494.0,1655.0
1464076466399096195,1295,1464076465372948218,,1494.0,1602.0
1464076466400781712,1296,1464076465401021997,,1263.0,1450.0
1464076466403202851,1297,1464076465426914167,,1258.0,1506.0
1464076466403268997,1298,1464076465456440338,,1242.0,1495.0
1464076466404900138,1299,1464076465490207278,,1254.0,1263.0
1464076466406845654,1300,1464076465518724598,,1242.0,1250.0
1464076466407211486,1301,1464076465551863623,,1242.0,1250.0
1464076466407617631,1302,1464076465582448177,,1243.0,1250.0
1464076466408081432,1303,1464076465613369136,,1242.0,1250.0
1464076466408455181,1304,1464076465644070668,,1240.0,1696.0
1464076466409644552,1305,1464076465679705781,,1268.0,1514.0
1464076466411148455,1306,1464076465714932457,,1268.0,1250.0
1464076466411196892,1307,1464076465745838051,,1314.0,1474.0
1464076466413643136,1308,1464076465776695937,,1322.0,1750.0
1464076466416397451,1309,1464076465804997893,,1309.0,1479.0
1464076466416503961,1310,1464076465833182869,,1322.0,1468.0
1464076466419484787,1311,1464076465864399817,,1396.0,1449.0
1464076466420999157,1312,1464076465891859639,,1481.0,1432.0
1464076466421052074,1313,1464076465921641330,,1481.0,1400.0
1464076466423764046,1314,1464076465950614846,,1494.0,1250.0
1464076466425222792,1315,1464076465978210918,,1494.0,1268.0
1464076466426484664,1316,1464076466006576415,,1494.0,1254.0
1464076466426556122,1317,1464076466039612055,,1493.0,1320.0
1464076466426876694,1318,1464076466067424741,,1494.0,1330.0
1464076466427258880,1319,1464076466101213921,,1493.0,1331.0
1464076466427853827,1320,1464076466127258747,,1493.0,1697.0
1464076466428088253,1321,1464076466158363247,,1493.0,1300.0
1464076466428360909,1322,1464076466186738848,,1493.0,1345.0
1464076466428415856,1323,1464076466216510904,,1493.0,1329.0
1464076466428852782,1324,1464076466246555094,,1494.0,1250.0
1464076466431191005,1325,1464076466273501897,,1494.0,1250.0
1464076466431846785,1326,1464076466301836508,,1493.0,1630.0
1464076466434171362,1327,1464076466328186802,,1493.0,1328.0
1464076466437393697,1328,1464076466357352297,,1493.0,1250.0
1464076466437579425,1329,1464076466387863100,,1493.0,1250.0
1464076466440599730,1330,1464076466418411612,,1494.0,1250.0
1464076467191051335,1331,1464076466449643143,,1493.0,1250.0
1464076467191099775,1332,1464076466478154108,,1493.0,1623.0
1464076467191135663,1333,1464076466504446486,,1494.0,1286.0
1464076467191169831,1334,1464076466533068544,,1494.0,1250.0
1464076467191213740,1335,1464076466563675650,,1493.0,1250.0
1464076467191256138,1336,1464076466590793129,,1494.0,1250.0
1464076467196996283,1337,1464076466620464664,,1494.0,1250.0
1464076467201539537,1338,1464076466647245322,,1493.0,1250.0
1464076467201578030,1339,1464076466677327793,,1493.0,1250.0
1464076467201719861,1340,1464076466706668704,,1493.0,1620.0
1464076467201762156,1341,1464076466738337682,,1494.0,1307.0
1464076467201815128,1342,1464076466768321872,,1505.0,1293.0
1464076467201850078,1343,1464076466800792566,,1494.0,1311.0
1464076467201884403,1344,1464076466826957444,,1493.0,1250.0
1464076467201922062,1345,1464076467118903725,,1493.0,1250.0
1464076467201959460,1346,1464076467151251694,,1494.0,1370.0
1464076467201996077,1347,1464076467183538693,,1493.0,1266.0
1464076468199626458,1348,1464076467210744781,,1495.0,1648.0
1464076468199903253,1349,1464076467238705026,,1494.0,1333.0
1464076468200170983,1350,1464076467268274628,,1494.0,1250.0
1464076468200429283,1351,1464076467299143042,,1494.0,1277.0
1464076468200683937,1352,1464076467328386808,,1493.0,1661.0
1464076468200965316,1353,1464076467356907938,,1493.0,1339.0
1464076468203163056,1354,1464076467388373304,,1494.0,1250.0
1464076468203465588,1355,1464076467418601663,,1493.0,1275.0
1464076468203737121,1356,1464076467452736711,,1493.0,1282.0
1464076468204009071,1357,1464076467481397161,,1493.0,1278.0
1464076468204255388,1358,1464076467510867927,,1493.0,1279.0
1464076468204526661,1359,1464076467545235317,,1493.0,1285.0
1464076468204825024,1360,1464076467575746101,,1494.0,1281.0
1464076468205144800,1361,1464076467606536607,,1493.0,1288.0
1464076468205529281,1362,1464076467635546935,,1494.0,1284.0
1464076468205789665,1363,1464076467665571918,,1494.0,1285.0
1464076468206051664,1364,1464076467696960557,,1493.0,1686.0
1464076468206342838,1365,1464076467725947233,,1494.0,1356.0
1464076468206608015,1366,1464076467758784396,,1494.0,1361.0
1464076468206846466,1367,1464076467786891663,,1493.0,1358.0
1464076468207087001,1368,1464076467816685592,,1493.0,1359.0
1464076468207338893,1369,1464076467847972432,,1493.0,1364.0
1464076468207614907,1370,1464076467877703688,,1494.0,1250.0
1464076468207923377,1371,1464076467907536899,,1494.0,1294.0
1464076468209585866,1372,1464076467945421285,,1493.0,1696.0
1464076468209941016,1373,1464076467980128754,,1493.0,1369.0
1464076468212667339,1374,1464076468006917950,,1493.0,1365.0
1464076468213012799,1375,1464076468037046034,,1493.0,1366.0
1464076468213273912,1376,1464076468069647038,,1493.0,1370.0
1464076468213520595,1377,1464076468087675906,,1494.0,1368.0
1464076468213757691,1378,1464076468095111755,,1494.0,1250.0
1464076468213999008,1379,1464076468113842483,,1494.0,1297.0
1464076468214255484,1380,1464076468155937663,,1493.0,1300.0
1464076468436616685,1381,1464076468227935343,,1493.0,1310.0
1464076468439212452,1382,1464076468269166327,,1494.0,1699.0
1464076468439270228,1383,1464076468301857981,,1493.0,1376.0
1464076468439343217,1384,1464076468327005944,,1493.0,1250.0
1464076468439398388,1385,1464076468358807822,,1493.0,1306.0
1464076468439458978,1386,1464076468370276864,,1493.0,1705.0
1464076468439504824,1387,1464076468400174572,,1493.0,1373.0
1464076468469424830,1388,1464076468438874911,,1493.0,1250.0
1464076468541971203,1389,1464076468470894401,,1493.0,1308.0
1464076468542636021,1390,1464076468507005798,,1494.0,1699.0
1464076468543100837,1391,1464076468536663857,,1494.0,1381.0
1464076468626914478,1392,1464076468558622765,,1494.0,1250.0
1464076468627617432,1393,1464076468581230967,,1493.0,1308.0
1464076468628131792,1394,1464076468611688777,,1493.0,1320.0
1464076468671241522,1395,1464076468627986804,,1494.0,1311.0
1464076468671652676,1396,1464076468642283760,,1493.0,1312.0
1464076468708050871,1397,1464076468675744115,,1493.0,1310.0
1464076468714841438,1398,1464076468710753178,,1493.0,1707.0
1464076468755969373,1399,1464076468753436123,,1493.0,1383.0
1464076468799888075,1400,1464076468794359314,,1493.0,1384.0
1464076469423346337,1401,1464076468827053833,,1493.0,1384.0
1464076469423813444,1402,1464076468850243705,,1494.0,1383.0
1464076469424346664,1403,1464076468879739480,,1494.0,1385.0
1464076469424721090,1404,1464076468906449800,,1493.0,1384.0
1464076469425186791,1405,1464076468929676505,,1493.0,1384.0
1464076469425635612,1406,1464076468953696189,,1494.0,1384.0
1464076469425976279,1407,1464076468977466429,,1493.0,1384.0
1464076469426457974,1408,1464076468999506610,,1494.0,1250.0
1464076469426951287,1409,1464076469013551725,,1494.0,1317.0
1464076469427409330,1410,1464076469036899454,,1494.0,1386.0
1464076469427998294,1411,1464076469063193878,,1493.0,1386.0
1464076469428455555,1412,1464076469088869903,,1493.0,1250.0
1464076469428773455,1413,1464076469113892311,,1493.0,1318.0
1464076469429422332,1414,1464076469146049703,,1493.0,1319.0
1464076469429948518,1415,1464076469170070377,,1493.0,1319.0
1464076469430269596,1416,1464076469195707694,,1493.0,1704.0
1464076469430679709,1417,1464076469221250974,,1494.0,1387.0
1464076469431004799,1418,1464076469248904575,,1493.0,1388.0
1464076469431569068,1419,1464076469274232535,,1493.0,1387.0
1464076469431951257,1420,1464076469298014498,,1494.0,1387.0
1464076469432663328,1421,1464076469324171332,,1494.0,1388.0
1464076469432997326,1422,1464076469346415684,,1493.0,1250.0
1464076469433261618,1423,1464076469375193448,,1493.0,1321.0
1464076469433743625,1424,1464076469402726182,,1494.0,1716.0
1464076469434144308,1425,1464076469429244366,,1493.0,1389.0
1464076470798921396,1426,1464076469454052184,,1493.0,1389.0
1464076470799208089,1427,1464076469485367365,,1494.0,1389.0
1464076470800217898,1428,1464076469509479626,,1493.0,1250.0
1464076470800263588,1429,1464076469539182750,,1493.0,1321.0
1464076470800297660,1430,1464076469565392567,,1493.0,1321.0
1464076470800331367,1431,1464076469595091523,,1493.0,1323.0
1464076470800366012,1432,1464076469620573640,,1494.0,1322.0
1464076470800400032,1433,1464076469648074022,,1493.0,1321.0
1464076470800430509,1434,1464076469677326396,,1493.0,1727.0
1464076470800463383,1435,1464076469709271803,,1493.0,1391.0
1464076470802698529,1436,1464076469736524564,,1493.0,1250.0
1464076470803199604,1437,1464076469761885503,,1493.0,1321.0
1464076470803464677,1438,1464076469789500707,,1493.0,1712.0
1464076470803729698,1439,1464076469814121182,,1493.0,1391.0
1464076470803969400,1440,1464076469839427886,,1493.0,1250.0
1464076470804599313,1441,1464076469866140290,,1494.0,1322.0
1464076470804640730,1442,1464076469890940085,,1493.0,1322.0
1464076470806384179,1443,1464076469926396093,,1494.0,1323.0
1464076470806838575,1444,1464076469953866050,,1493.0,1323.0
1464076470807050091,1445,1464076469985453702,,1493.0,1323.0
1464076470808700389,1446,1464076470010736598,,1493.0,1706.0
1464076470808869029,1447,1464076470041085368,,1493.0,1391.0
1464076470808910187,1448,1464076470073379673,,1493.0,1250.0
1464076470809545622,1449,1464076470098738163,,1493.0,1323.0
1464076470809595167,1450,1464076470121996856,,1493.0,1711.0
1464076470809632104,1451,1464076470139893969,,1493.0,1392.0
1464076470809754169,1452,1464076470151775417,,1494.0,1391.0
1464076470812926813,1453,1464076470169516081,,1494.0,1391.0
1464076470813161513,1454,1464076470201262631,,1493.0,1391.0
1464076470813751363,1455,1464076470227746378,,1494.0,1391.0
1464076470814895844,1456,1464076470260783075,,1494.0,1250.0
1464076470814971699,1457,1464076470291631097,,1493.0,1323.0
1464076470817280824,1458,1464076470320730043,,1493.0,1713.0
1464076470817456810,1459,1464076470347314495,,1493.0,1392.0
1464076470817495727,1460,1464076470381232737,,1494.0,1250.0
1464076470817528131,1461,1464076470409367095,,1494.0,1323.0
1464076470817561526,1462,1464076470437133175,,1494.0,1715.0
1464076470817593879,1463,1464076470462986384,,1494.0,1391.0
1464076470818402851,1464,1464076470475698581,,1494.0,1392.0
1464076470818806139,1465,1464076470486505305,,1493.0,1392.0
1464076470819252252,1466,1464076470498957899,,1493.0,1250.0
1464076470819472885,1467,1464076470516230778,,1493.0,1323.0
1464076470819694301,1468,1464076470557090670,,1493.0,1716.0
1464076470819941817,1469,1464076470568028055,,1494.0,1393.0
1464076470823199745,1470,1464076470598391151,,1493.0,1250.0
1464076470823593134,1471,1464076470611232342,,1493.0,1324.0
1464076470823639293,1472,1464076470621311783,,1493.0,1719.0
1464076470823674719,1473,1464076470665901243,,1493.0,1392.0
1464076470823729630,1474,1464076470705930020,,1494.0,1392.0
1464076470824042685,1475,1464076470719097551,,1494.0,1391.0
1464076470824257275,1476,1464076470752299866,,1493.0,1392.0
1464076470824563766,1477,1464076470765871258,,1493.0,1392.0
1464076470824611227,1478,1464076470787541910,,1494.0,1250.0
1464076470824911778,1479,1464076470797676939,,1493.0,1324.0
1464076471282542107,1480,1464076470830177029,,1493.0,1324.0
1464076471283430789,1481,1464076470840035420,,1492.0,1324.0
1464076471283993496,1482,1464076470873200538,,1493.0,1704.0
1464076471284055388,1483,1464076470898224508,,1493.0,1392.0
1464076471287334468,1484,1464076470924801354,,1494.0,1392.0
1464076471289368101,1485,1464076470944553405,,1494.0,1392.0
1464076471289513609,1486,1464076470966668971,,1494.0,1391.0
1464076471289580763,1487,1464076470988873468,,1493.0,1392.0
1464076471289624265,1488,1464076471010142603,,1493.0,1250.0
1464076471289665370,1489,1464076471032030346,,1494.0,1324.0
1464076471289702620,1490,1464076471054365452,,1494.0,1707.0
1464076471289738307,1491,1464076471074441915,,1493.0,1392.0
1464076471289780454,1492,1464076471095723762,,1493.0,1250.0
1464076471289975091,1493,1464076471116909541,,1493.0,1323.0
1464076471290013278,1494,1464076471137152560,,1493.0,1324.0
1464076471290203383,1495,1464076471159179560,,1494.0,1324.0
1464076471290260794,1496,1464076471179539643,,1493.0,1324.0
1464076471290316903,1497,1464076471201443953,,1493.0,1324.0
1464076471290353893,1498,1464076471222699387,,1493.0,1324.0
1464076471293818075,1499,1464076471250835047,,1494.0,1324.0
1464076471297716648,1500,1464076471279601558,,1493.0,1740.0
1464076474680472687,1501,1464076471308574949,,1494.0,1392.0
1464076474681269626,1502,1464076471328843340,,1494.0,1250.0
1464076474681597476,1503,1464076471350395470,,1493.0,1324.0
1464076474682380244,1504,1464076471372004022,,1493.0,1707.0
1464076474682762224,1505,1464076471393609864,,1494.0,1392.0
1464076474683727385,1506,1464076471414073830,,1494.0,1392.0
1464076474684823625,1507,1464076471434271264,,1494.0,1392.0
1464076474685314906,1508,1464076471455800158,,1493.0,1250.0
1464076474686554257,1509,1464076471475901315,,1493.0,1324.0
1464076474687595377,1510,1464076471496191691,,1494.0,1718.0
1464076474688267281,1511,1464076471516599079,,1494.0,1392.0
1464076474689419264,1512,1464076471543926757,,1493.0,1392.0
1464076474690294818,1513,1464076471568868778,,1493.0,1391.0
1464076474690926554,1514,1464076471589887584,,1494.0,1250.0
1464076474692063586,1515,1464076471610829702,,1494.0,1323.0
1464076474692513814,1516,1464076471635962296,,1494.0,1710.0
1464076474693215674,1517,1464076471661874219,,1493.0,1392.0
1464076474694108941,1518,1464076471680934934,,1493.0,1392.0
1464076474694540518,1519,1464076471702040170,,1493.0,1391.0
1464076474695561684,1520,1464076471720756259,,1493.0,1250.0
1464076474696913462,1521,1464076471741637110,,1494.0,1323.0
1464076474698071125,1522,1464076471774116622,,1494.0,1324.0
1464076474698436642,1523,1464076471798154488,,1494.0,1324.0
1464076474699308028,1524,1464076471823481147,,1494.0,1716.0
1464076474699651508,1525,1464076471854476396,,1494.0,1392.0
1464076474700829071,1526,1464076471890095575,,1494.0,1250.0
1464076474701262889,1527,1464076471928133804,,1493.0,1323.0
1464076474702600236,1528,1464076471957406966,,1493.0,1323.0
1464076474703119598,1529,1464076471978914708,,1493.0,1324.0
1464076474704193956,1530,1464076471997160824,,1494.0,1711.0
1464076474704630743,1531,1464076472018871539,,1493.0,1392.0
1464076474705766107,1532,1464076472040650450,,1493.0,1321.0
1464076474706453328,1533,1464076472061662795,,1493.0,1323.0
1464076474707315492,1534,1464076472084243489,,1493.0,1323.0
1464076474707737119,1535,1464076472105472457,,1493.0,1324.0
1464076474709034194,1536,1464076472126432393,,1494.0,1323.0
1464076474709803156,1537,1464076472146412684,,1493.0,1323.0
1464076474710612285,1538,1464076472169217189,,1494.0,1323.0
1464076474711114715,1539,1464076472189823486,,1493.0,1323.0
1464076474712327236,1540,1464076472211745092,,1494.0,1719.0
1464076474712875304,1541,1464076472234316565,,1493.0,1391.0
1464076474713774197,1542,1464076472256696683,,1493.0,1250.0
1464076474714483819,1543,1464076472280976126,,1493.0,1323.0
1464076474715084089,1544,1464076472302560817,,1493.0,1323.0
1464076474715905773,1545,1464076472325428986,,1493.0,1323.0
1464076474716292911,1546,1464076472344583164,,1493.0,1704.0
1464076474717475997,1547,1464076472364536572,,1493.0,1391.0
1464076474717877566,1548,1464076472385104369,,1493.0,1250.0
1464076474719002928,1549,1464076472405591413,,1493.0,1323.0
1464076474719872802,1550,1464076472426754269,,1493.0,1707.0
1464076474720245405,1551,1464076472449212534,,1493.0,1392.0
1464076474721060421,1552,1464076472471930089,,1493.0,1391.0
1464076474721804011,1553,1464076472495105842,,1494.0,1391.0
1464076474722201516,1554,1464076472517296898,,1493.0,1250.0
1464076474723032682,1555,1464076472538516384,,1493.0,1323.0
1464076474723684581,1556,1464076472559264647,,1493.0,1697.0
1464076474724553570,1557,1464076472581155359,,1494.0,1392.0
1464076474725383903,1558,1464076472603301663,,1494.0,1250.0
1464076474726504055,1559,1464076472625723407,,1494.0,1323.0
1464076474727041755,1560,1464076472646139078,,1493.0,1322.0
1464076474728060629,1561,1464076472668610419,,1493.0,1323.0
1464076474728685384,1562,1464076472690711762,,1494.0,1703.0
1464076474729634343,1563,1464076472711619757,,1494.0,1391.0
1464076474730329535,1564,1464076472724318095,,1494.0,1391.0
1464076474731341792,1565,1464076472768358602,,1493.0,1391.0
1464076474732501695,1566,1464076472804108494,,1494.0,1250.0
1464076474733269406,1567,1464076472847212180,,1493.0,1323.0
1464076474733691241,1568,1464076472890768074,,1494.0,1323.0
1464076474734756743,1569,1464076472934627906,,1493.0,1323.0
1464076474735084645,1570,1464076472979089831,,1493.0,1707.0
1464076474735886950,1571,1464076473019710438,,1493.0,1391.0
1464076474736714261,1572,1464076473066790948,,1493.0,1391.0
1464076474737743138,1573,1464076473105971576,,1493.0,1391.0
1464076474738969204,1574,1464076473139390982,,1493.0,1250.0
1464076474739358270,1575,1464076473148864371,,1493.0,1323.0
1464076474739654497,1576,1464076473168997829,,1493.0,1323.0
1464076474740262373,1577,1464076473192431466,,1493.0,1323.0
1464076474740619502,1578,1464076473209043851,,1493.0,1323.0
1464076474740918282,1579,1464076473230656778,,1494.0,1323.0
1464076474741187575,1580,1464076473251098394,,1493.0,1323.0
1464076474741454836,1581,1464076473272802805,,1493.0,1323.0
1464076474742289545,1582,1464076473293052233,,1493.0,1323.0
1464076474743346242,1583,1464076473311676786,,1493.0,1323.0
1464076474743900666,1584,1464076473351917653,,1492.0,1323.0
1464076474744818366,1585,1464076473392242397,,1493.0,1323.0
1464076474745564561,1586,1464076473433635353,,1493.0,1323.0
1464076474746368741,1587,1464076473476024676,,1494.0,1323.0
1464076474747244034,1588,1464076473518822132,,1493.0,1323.0
1464076474747652896,1589,1464076473565019065,,1493.0,1323.0
1464076474748802952,1590,1464076473603628963,,1493.0,1323.0
1464076474749545761,1591,1464076473649018331,,1493.0,1323.0
1464076474750425586,1592,1464076473708640105,,1494.0,1728.0
1464076474751260087,1593,1464076473756532974,,1493.0,1391.0
1464076474752032748,1594,1464076473805602000,,1494.0,1391.0
1464076474755930539,1595,1464076473864662787,,1493.0,1391.0
1464076474756894190,1596,1464076473904748247,,1494.0,1391.0
1464076474757423242,1597,1464076473916252923,,1494.0,1391.0
1464076474758261910,1598,1464076473947612336,,1493.0,1391.0
1464076474758860877,1599,1464076473962989224,,1493.0,1391.0
1464076474759962586,1600,1464076473997628498,,1493.0,1391.0
1464076474760304712,1601,1464076474034337247,,1494.0,1391.0
1464076474760892321,1602,1464076474066353819,,1494.0,1391.0
1464076474761210013,1603,1464076474113466994,,1494.0,1391.0
1464076474761498374,1604,1464076474143247535,,1493.0,1391.0
1464076474762726680,1605,1464076474174343489,,1493.0,1391.0
1464076474763710962,1606,1464076474199270298,,1494.0,1250.0
1464076474764239753,1607,1464076474235580187,,1494.0,1322.0
1464076474765038827,1608,1464076474259082124,,1493.0,1322.0
1464076474765723234,1609,1464076474296067721,,1494.0,1323.0
1464076474766825569,1610,1464076474318396939,,1493.0,1706.0
1464076474767268451,1611,1464076474347984874,,1493.0,1391.0
1464076474768233717,1612,1464076474384278040,,1494.0,1391.0
1464076474768651332,1613,1464076474422469958,,1493.0,1390.0
1464076474769799981,1614,1464076474455744273,,1494.0,1391.0
1464076474770187901,1615,1464076474496329089,,1494.0,1391.0
1464076474771098881,1616,1464076474530032167,,1493.0,1390.0
1464076474771714519,1617,1464076474561814612,,1493.0,1391.0
1464076474772582362,1618,1464076474589810964,,1494.0,1390.0
1464076474772978304,1619,1464076474619100119,,1493.0,1391.0
1464076474773869122,1620,1464076474656054508,,1494.0,1250.0
1464076474774232712,1621,1464076474676188644,,1494.0,1322.0
1464076474775061794,1622,1464076474714815890,,1493.0,1322.0
1464076474776329643,1623,1464076474736653202,,1493.0,1323.0
1464076474777017593,1624,1464076474758211219,,1493.0,1322.0
