%time,field.header.seq,field.header.stamp,field.header.frame_id,field.magnetic_field.x,field.magnetic_field.y,field.magnetic_field.z,field.magnetic_field_covariance0,field.magnetic_field_covariance1,field.magnetic_field_covariance2,field.magnetic_field_covariance3,field.magnetic_field_covariance4,field.magnetic_field_covariance5,field.magnetic_field_covariance6,field.magnetic_field_covariance7,field.magnetic_field_covariance8
1446040889265493514,2574,1446040889099178075,robocape_mag,19.8,30.9,-5.55,10.0,0.0,0.0,0.0,10.0,0.0,0.0,0.0,10.0
1446040889281682139,2575,1446040889159100055,robocape_mag,19.8,30.9,-5.55,10.0,0.0,0.0,0.0,10.0,0.0,0.0,0.0,10.0
1446040889295399264,2576,1446040889189232110,robocape_mag,-7.8,24.9,-4.35,10.0,0.0,0.0,0.0,10.0,0.0,0.0,0.0,10.0
1446040889296344305,2577,1446040889266746044,robocape_mag,-7.8,24.9,-4.35,10.0,0.0,0.0,0.0,10.0,0.0,0.0,0.0,10.0
1446040889305202597,2578,1446040889300096988,robocape_mag,-7.8,24.9,-4.35,10.0,0.0,0.0,0.0,10.0,0.0,0.0,0.0,10.0
1446040889357931305,2579,1446040889331355094,robocape_mag,-7.8,24.9,-4.35,10.0,0.0,0.0,0.0,10.0,0.0,0.0,0.0,10.0
1446040889384384305,2580,1446040889379334926,robocape_mag,-23.1,20.4,-0.45,10.0,0.0,0.0,0.0,10.0,0.0,0.0,0.0,10.0
1446040889414395139,2581,1446040889407677888,robocape_mag,-23.1,20.4,-0.45,10.0,0.0,0.0,0.0,10.0,0.0,0.0,0.0,10.0
1446040889444289597,2582,1446040889439559936,robocape_mag,-23.1,20.4,-0.45,10.0,0.0,0.0,0.0,10.0,0.0,0.0,0.0,10.0
1446040889481551222,2583,1446040889473620891,robocape_mag,-23.1,20.4,-0.45,10.0,0.0,0.0,0.0,10.0,0.0,0.0,0.0,10.0
1446040889511418930,2584,1446040889505929946,robocape_mag,-21.0,3.9,16.65,10.0,0.0,0.0,0.0,10.0,0.0,0.0,0.0,10.0
1446040889541144055,2585,1446040889536252975,robocape_mag,-21.0,3.9,16.65,10.0,0.0,0.0,0.0,10.0,0.0,0.0,0.0,10.0
1446040889577145680,2586,1446040889571089982,robocape_mag,-21.0,3.9,16.65,10.0,0.0,0.0,0.0,10.0,0.0,0.0,0.0,10.0
1446040889605095180,2587,1446040889600150108,robocape_mag,-21.0,3.9,16.65,10.0,0.0,0.0,0.0,10.0,0.0,0.0,0.0,10.0
1446040889635275222,2588,1446040889629908084,robocape_mag,-21.0,3.9,16.65,10.0,0.0,0.0,0.0,10.0,0.0,0.0,0.0,10.0
1446040889666460222,2589,1446040889659671068,robocape_mag,14.1,-20.4,9.15,10.0,0.0,0.0,0.0,10.0,0.0,0.0,0.0,10.0
1446040889703421180,2590,1446040889698574066,robocape_mag,14.1,-20.4,9.15,10.0,0.0,0.0,0.0,10.0,0.0,0.0,0.0,10.0
1446040889740609764,2591,1446040889735784053,robocape_mag,14.1,-20.4,9.15,10.0,0.0,0.0,0.0,10.0,0.0,0.0,0.0,10.0
1446040889771748805,2592,1446040889766639947,robocape_mag,14.1,-20.4,9.15,10.0,0.0,0.0,0.0,10.0,0.0,0.0,0.0,10.0
1446040889804185805,2593,1446040889799313068,robocape_mag,14.1,-20.4,9.15,10.0,0.0,0.0,0.0,10.0,0.0,0.0,0.0,10.0
1446040889837213805,2594,1446040889832360029,robocape_mag,25.8,-14.7,1.05,10.0,0.0,0.0,0.0,10.0,0.0,0.0,0.0,10.0
1446040889867496639,2595,1446040889862675905,robocape_mag,25.8,-14.7,1.05,10.0,0.0,0.0,0.0,10.0,0.0,0.0,0.0,10.0
1446040889900979722,2596,1446040889895849943,robocape_mag,25.8,-14.7,1.05,10.0,0.0,0.0,0.0,10.0,0.0,0.0,0.0,10.0
1446040889931928389,2597,1446040889927222013,robocape_mag,25.8,-14.7,1.05,10.0,0.0,0.0,0.0,10.0,0.0,0.0,0.0,10.0
1446040889967403347,2598,1446040889962601900,robocape_mag,25.8,-14.7,1.05,10.0,0.0,0.0,0.0,10.0,0.0,0.0,0.0,10.0
1446040890000518056,2599,1446040889995347023,robocape_mag,28.2,3.3,-8.55,10.0,0.0,0.0,0.0,10.0,0.0,0.0,0.0,10.0
1446040890039009181,2600,1446040890030786991,robocape_mag,28.2,3.3,-8.55,10.0,0.0,0.0,0.0,10.0,0.0,0.0,0.0,10.0
1446040890065473639,2601,1446040890060723066,robocape_mag,28.2,3.3,-8.55,10.0,0.0,0.0,0.0,10.0,0.0,0.0,0.0,10.0
1446040890104146389,2602,1446040890094275951,robocape_mag,28.2,3.3,-8.55,10.0,0.0,0.0,0.0,10.0,0.0,0.0,0.0,10.0
1446040890135505306,2603,1446040890130203008,robocape_mag,28.2,3.3,-8.55,10.0,0.0,0.0,0.0,10.0,0.0,0.0,0.0,10.0
1446040890165010764,2604,1446040890160260915,robocape_mag,40.8,18.3,-6.75,10.0,0.0,0.0,0.0,10.0,0.0,0.0,0.0,10.0
1446040890194155431,2605,1446040890189368963,robocape_mag,40.8,18.3,-6.75,10.0,0.0,0.0,0.0,10.0,0.0,0.0,0.0,10.0
1446040890224968056,2606,1446040890219983100,robocape_mag,40.8,18.3,-6.75,10.0,0.0,0.0,0.0,10.0,0.0,0.0,0.0,10.0
1446040890256342264,2607,1446040890251008033,robocape_mag,40.8,18.3,-6.75,10.0,0.0,0.0,0.0,10.0,0.0,0.0,0.0,10.0
1446040890295260472,2608,1446040890290327072,robocape_mag,40.8,18.3,-6.75,10.0,0.0,0.0,0.0,10.0,0.0,0.0,0.0,10.0
1446040890332535056,2609,1446040890327569007,robocape_mag,14.7,4.2,7.95,10.0,0.0,0.0,0.0,10.0,0.0,0.0,0.0,10.0
1446040890368410681,2610,1446040890361854076,robocape_mag,14.7,4.2,7.95,10.0,0.0,0.0,0.0,10.0,0.0,0.0,0.0,10.0
1446040890401445014,2611,1446040890396497964,robocape_mag,14.7,4.2,7.95,10.0,0.0,0.0,0.0,10.0,0.0,0.0,0.0,10.0
1446040890431942014,2612,1446040890426856994,robocape_mag,14.7,4.2,7.95,10.0,0.0,0.0,0.0,10.0,0.0,0.0,0.0,10.0
1446040890464631264,2613,1446040890459789037,robocape_mag,14.7,-15.0,1.35,10.0,0.0,0.0,0.0,10.0,0.0,0.0,0.0,10.0
1446040890502313056,2614,1446040890495246887,robocape_mag,32.1,-15.0,1.35,10.0,0.0,0.0,0.0,10.0,0.0,0.0,0.0,10.0
1446040890529569222,2615,1446040890524800062,robocape_mag,32.1,-15.0,1.35,10.0,0.0,0.0,0.0,10.0,0.0,0.0,0.0,10.0
1446040890561007097,2616,1446040890556111097,robocape_mag,32.1,-15.0,1.35,10.0,0.0,0.0,0.0,10.0,0.0,0.0,0.0,10.0
1446040890592008597,2617,1446040890587131023,robocape_mag,32.1,-15.0,1.35,10.0,0.0,0.0,0.0,10.0,0.0,0.0,0.0,10.0
1446040890626011472,2618,1446040890621028900,robocape_mag,-9.3,-2.4,13.35,10.0,0.0,0.0,0.0,10.0,0.0,0.0,0.0,10.0
1446040890659005598,2619,1446040890654131889,robocape_mag,-9.3,-2.4,13.35,10.0,0.0,0.0,0.0,10.0,0.0,0.0,0.0,10.0
1446040890689521723,2620,1446040890684730052,robocape_mag,-9.3,-2.4,13.35,10.0,0.0,0.0,0.0,10.0,0.0,0.0,0.0,10.0
1446040890721235348,2621,1446040890716020107,robocape_mag,-9.3,-2.4,13.35,10.0,0.0,0.0,0.0,10.0,0.0,0.0,0.0,10.0
1446040890751274264,2622,1446040890746203899,robocape_mag,-9.3,-2.4,13.35,10.0,0.0,0.0,0.0,10.0,0.0,0.0,0.0,10.0
1446040890781470848,2623,1446040890775846958,robocape_mag,-9.3,-2.4,13.35,10.0,0.0,0.0,0.0,10.0,0.0,0.0,0.0,10.0
1446040890815659889,2624,1446040890810507059,robocape_mag,-24.0,-17.1,-4.95,10.0,0.0,0.0,0.0,10.0,0.0,0.0,0.0,10.0
1446040890854167223,2625,1446040890843961000,robocape_mag,-24.0,-17.1,-4.95,10.0,0.0,0.0,0.0,10.0,0.0,0.0,0.0,10.0
1446040890885093556,2626,1446040890879931926,robocape_mag,-24.0,-17.1,-4.95,10.0,0.0,0.0,0.0,10.0,0.0,0.0,0.0,10.0
1446040890916095681,2627,1446040890910619020,robocape_mag,-24.0,-17.1,-4.95,10.0,0.0,0.0,0.0,10.0,0.0,0.0,0.0,10.0
1446040890951648514,2628,1446040890946901082,robocape_mag,17.4,-14.7,0.45,10.0,0.0,0.0,0.0,10.0,0.0,0.0,0.0,10.0
1446040890980645848,2629,1446040890975569963,robocape_mag,17.4,-14.7,0.45,10.0,0.0,0.0,0.0,10.0,0.0,0.0,0.0,10.0
1446040891009405806,2630,1446040891004523992,robocape_mag,17.4,-14.7,0.45,10.0,0.0,0.0,0.0,10.0,0.0,0.0,0.0,10.0
1446040891042742014,2631,1446040891037733078,robocape_mag,17.4,-14.7,0.45,10.0,0.0,0.0,0.0,10.0,0.0,0.0,0.0,10.0
1446040891071181931,2632,1446040891066335916,robocape_mag,17.4,-14.7,0.45,10.0,0.0,0.0,0.0,10.0,0.0,0.0,0.0,10.0
1446040891105741389,2633,1446040891100555896,robocape_mag,-7.8,-18.9,-3.75,10.0,0.0,0.0,0.0,10.0,0.0,0.0,0.0,10.0
1446040891135284973,2634,1446040891130527973,robocape_mag,-7.8,-18.9,-3.75,10.0,0.0,0.0,0.0,10.0,0.0,0.0,0.0,10.0
1446040891174941806,2635,1446040891167812108,robocape_mag,-7.8,-18.9,-3.75,10.0,0.0,0.0,0.0,10.0,0.0,0.0,0.0,10.0
1446040891205228848,2636,1446040891200217962,robocape_mag,-7.8,-18.9,-3.75,10.0,0.0,0.0,0.0,10.0,0.0,0.0,0.0,10.0
1446040891235890681,2637,1446040891230976104,robocape_mag,-7.8,-18.9,-3.75,10.0,0.0,0.0,0.0,10.0,0.0,0.0,0.0,10.0
1446040891278945848,2638,1446040891265954017,robocape_mag,-15.0,12.9,-18.75,10.0,0.0,0.0,0.0,10.0,0.0,0.0,0.0,10.0
1446040891314644389,2639,1446040891309788942,robocape_mag,-15.0,12.9,-18.75,10.0,0.0,0.0,0.0,10.0,0.0,0.0,0.0,10.0
1446040891344748223,2640,1446040891339955091,robocape_mag,-15.0,12.9,-18.75,10.0,0.0,0.0,0.0,10.0,0.0,0.0,0.0,10.0
1446040891381756181,2641,1446040891376774072,robocape_mag,-15.0,12.9,-18.75,10.0,0.0,0.0,0.0,10.0,0.0,0.0,0.0,10.0
1446040891413760265,2642,1446040891408905029,robocape_mag,-15.0,12.9,-18.75,10.0,0.0,0.0,0.0,10.0,0.0,0.0,0.0,10.0
1446040891448343431,2643,1446040891443526029,robocape_mag,-8.7,23.4,-13.65,10.0,0.0,0.0,0.0,10.0,0.0,0.0,0.0,10.0
1446040891481559431,2644,1446040891476794958,robocape_mag,-8.7,23.4,-13.65,10.0,0.0,0.0,0.0,10.0,0.0,0.0,0.0,10.0
1446040891511177765,2645,1446040891506337881,robocape_mag,-8.7,23.4,-13.65,10.0,0.0,0.0,0.0,10.0,0.0,0.0,0.0,10.0
1446040891543089806,2646,1446040891538110017,robocape_mag,-8.7,23.4,-13.65,10.0,0.0,0.0,0.0,10.0,0.0,0.0,0.0,10.0
1446040891574697390,2647,1446040891569861888,robocape_mag,-8.7,23.4,-13.65,10.0,0.0,0.0,0.0,10.0,0.0,0.0,0.0,10.0
1446040891608509140,2648,1446040891603328943,robocape_mag,-3.0,31.5,-13.95,10.0,0.0,0.0,0.0,10.0,0.0,0.0,0.0,10.0
1446040891638364140,2649,1446040891633467912,robocape_mag,-3.0,31.5,-13.95,10.0,0.0,0.0,0.0,10.0,0.0,0.0,0.0,10.0
1446040891667652181,2650,1446040891662836074,robocape_mag,-3.0,31.5,-13.95,10.0,0.0,0.0,0.0,10.0,0.0,0.0,0.0,10.0
1446040891697225223,2651,1446040891692370891,robocape_mag,-3.0,31.5,-13.95,10.0,0.0,0.0,0.0,10.0,0.0,0.0,0.0,10.0
1446040891729814515,2652,1446040891725001096,robocape_mag,-3.0,31.5,-13.95,10.0,0.0,0.0,0.0,10.0,0.0,0.0,0.0,10.0
1446040891765625598,2653,1446040891757013082,robocape_mag,-22.5,10.2,-2.85,10.0,0.0,0.0,0.0,10.0,0.0,0.0,0.0,10.0
1446040891793060181,2654,1446040891788237094,robocape_mag,-22.5,10.2,-2.85,10.0,0.0,0.0,0.0,10.0,0.0,0.0,0.0,10.0
1446040891823929556,2655,1446040891818773984,robocape_mag,-22.5,10.2,-2.85,10.0,0.0,0.0,0.0,10.0,0.0,0.0,0.0,10.0
1446040891860066931,2656,1446040891852087020,robocape_mag,-22.5,10.2,-2.85,10.0,0.0,0.0,0.0,10.0,0.0,0.0,0.0,10.0
1446040891890403723,2657,1446040891885473966,robocape_mag,-22.5,10.2,-2.85,10.0,0.0,0.0,0.0,10.0,0.0,0.0,0.0,10.0
1446040891926356431,2658,1446040891920703887,robocape_mag,-10.2,-0.9,10.65,10.0,0.0,0.0,0.0,10.0,0.0,0.0,0.0,10.0
1446040891959164515,2659,1446040891954062938,robocape_mag,-10.2,-0.9,10.65,10.0,0.0,0.0,0.0,10.0,0.0,0.0,0.0,10.0
1446040891992249015,2660,1446040891987297058,robocape_mag,-10.2,-0.9,10.65,10.0,0.0,0.0,0.0,10.0,0.0,0.0,0.0,10.0
1446040892028121765,2661,1446040892022432088,robocape_mag,-10.2,-0.9,10.65,10.0,0.0,0.0,0.0,10.0,0.0,0.0,0.0,10.0
1446040892061223348,2662,1446040892056174993,robocape_mag,-10.2,-0.9,10.65,10.0,0.0,0.0,0.0,10.0,0.0,0.0,0.0,10.0
1446040892091501098,2663,1446040892086441993,robocape_mag,29.7,-3.6,-5.25,10.0,0.0,0.0,0.0,10.0,0.0,0.0,0.0,10.0
1446040892124092598,2664,1446040892118973016,robocape_mag,29.7,-3.6,-5.25,10.0,0.0,0.0,0.0,10.0,0.0,0.0,0.0,10.0
1446040892156992515,2665,1446040892152240037,robocape_mag,29.7,-3.6,-5.25,10.0,0.0,0.0,0.0,10.0,0.0,0.0,0.0,10.0
1446040892191795640,2666,1446040892186680078,robocape_mag,29.7,-3.6,-5.25,10.0,0.0,0.0,0.0,10.0,0.0,0.0,0.0,10.0
1446040892223512723,2667,1446040892218735933,robocape_mag,29.7,21.3,-21.15,10.0,0.0,0.0,0.0,10.0,0.0,0.0,0.0,10.0
1446040892256939598,2668,1446040892252206087,robocape_mag,50.4,21.3,-21.15,10.0,0.0,0.0,0.0,10.0,0.0,0.0,0.0,10.0
1446040892295322765,2669,1446040892290316104,robocape_mag,50.4,21.3,-21.15,10.0,0.0,0.0,0.0,10.0,0.0,0.0,0.0,10.0
1446040892334644265,2670,1446040892324414968,robocape_mag,50.4,21.3,-21.15,10.0,0.0,0.0,0.0,10.0,0.0,0.0,0.0,10.0
1446040892362479973,2671,1446040892357525110,robocape_mag,50.4,21.3,-21.15,10.0,0.0,0.0,0.0,10.0,0.0,0.0,0.0,10.0
1446040892391714390,2672,1446040892386842012,robocape_mag,45.0,12.3,-18.15,10.0,0.0,0.0,0.0,10.0,0.0,0.0,0.0,10.0
1446040892423634348,2673,1446040892418821096,robocape_mag,45.0,12.3,-18.15,10.0,0.0,0.0,0.0,10.0,0.0,0.0,0.0,10.0
1446040892456998098,2674,1446040892452064037,robocape_mag,45.0,12.3,-18.15,10.0,0.0,0.0,0.0,10.0,0.0,0.0,0.0,10.0
1446040892490352432,2675,1446040892485379934,robocape_mag,45.0,12.3,-18.15,10.0,0.0,0.0,0.0,10.0,0.0,0.0,0.0,10.0
1446040892523704765,2676,1446040892518882989,robocape_mag,45.0,12.3,-18.15,10.0,0.0,0.0,0.0,10.0,0.0,0.0,0.0,10.0
1446040892556933140,2677,1446040892552184104,robocape_mag,35.7,1.2,-4.05,10.0,0.0,0.0,0.0,10.0,0.0,0.0,0.0,10.0
1446040892590489765,2678,1446040892585582971,robocape_mag,35.7,1.2,-4.05,10.0,0.0,0.0,0.0,10.0,0.0,0.0,0.0,10.0
1446040892624570057,2679,1446040892618849039,robocape_mag,35.7,1.2,-4.05,10.0,0.0,0.0,0.0,10.0,0.0,0.0,0.0,10.0
1446040892658140473,2680,1446040892653328895,robocape_mag,35.7,1.2,-4.05,10.0,0.0,0.0,0.0,10.0,0.0,0.0,0.0,10.0
1446040892690448848,2681,1446040892685477972,robocape_mag,35.7,1.2,-4.05,10.0,0.0,0.0,0.0,10.0,0.0,0.0,0.0,10.0
1446040892727460057,2682,1446040892721443891,robocape_mag,20.4,5.1,15.45,10.0,0.0,0.0,0.0,10.0,0.0,0.0,0.0,10.0
1446040892761613682,2683,1446040892756602048,robocape_mag,20.4,5.1,15.45,10.0,0.0,0.0,0.0,10.0,0.0,0.0,0.0,10.0
1446040892790872640,2684,1446040892786036014,robocape_mag,20.4,5.1,15.45,10.0,0.0,0.0,0.0,10.0,0.0,0.0,0.0,10.0
1446040892823522724,2685,1446040892818772077,robocape_mag,20.4,5.1,15.45,10.0,0.0,0.0,0.0,10.0,0.0,0.0,0.0,10.0
1446040892856892807,2686,1446040892852099895,robocape_mag,20.4,5.1,15.45,10.0,0.0,0.0,0.0,10.0,0.0,0.0,0.0,10.0
1446040892890512807,2687,1446040892885700941,robocape_mag,26.4,14.7,-16.35,10.0,0.0,0.0,0.0,10.0,0.0,0.0,0.0,10.0
1446040892923911515,2688,1446040892919071912,robocape_mag,26.4,14.7,-16.35,10.0,0.0,0.0,0.0,10.0,0.0,0.0,0.0,10.0
1446040892957862349,2689,1446040892953075885,robocape_mag,26.4,14.7,-16.35,10.0,0.0,0.0,0.0,10.0,0.0,0.0,0.0,10.0
1446040892990294932,2690,1446040892985527038,robocape_mag,26.4,14.7,-16.35,10.0,0.0,0.0,0.0,10.0,0.0,0.0,0.0,10.0
1446040893025414390,2691,1446040893020600080,robocape_mag,26.4,20.1,-9.75,10.0,0.0,0.0,0.0,10.0,0.0,0.0,0.0,10.0
1446040893060592140,2692,1446040893055756092,robocape_mag,26.4,20.1,-9.75,10.0,0.0,0.0,0.0,10.0,0.0,0.0,0.0,10.0
1446040893091891015,2693,1446040893086744070,robocape_mag,26.4,20.1,-9.75,10.0,0.0,0.0,0.0,10.0,0.0,0.0,0.0,10.0
1446040893125329599,2694,1446040893120615005,robocape_mag,26.4,20.1,-9.75,10.0,0.0,0.0,0.0,10.0,0.0,0.0,0.0,10.0
1446040893157117765,2695,1446040893152403116,robocape_mag,26.4,20.1,-9.75,10.0,0.0,0.0,0.0,10.0,0.0,0.0,0.0,10.0
1446040893190264640,2696,1446040893185524940,robocape_mag,26.1,22.8,-9.45,10.0,0.0,0.0,0.0,10.0,0.0,0.0,0.0,10.0
1446040893223631724,2697,1446040893218924999,robocape_mag,26.1,22.8,-9.45,10.0,0.0,0.0,0.0,10.0,0.0,0.0,0.0,10.0
1446040893256816265,2698,1446040893252011060,robocape_mag,26.1,22.8,-9.45,10.0,0.0,0.0,0.0,10.0,0.0,0.0,0.0,10.0
1446040893296791974,2699,1446040893291675090,robocape_mag,26.1,22.8,-9.45,10.0,0.0,0.0,0.0,10.0,0.0,0.0,0.0,10.0
1446040893324604015,2700,1446040893319859981,robocape_mag,26.1,22.8,-9.45,10.0,0.0,0.0,0.0,10.0,0.0,0.0,0.0,10.0
1446040893362914515,2701,1446040893356048107,robocape_mag,31.2,23.1,-15.75,10.0,0.0,0.0,0.0,10.0,0.0,0.0,0.0,10.0
1446040893392451515,2702,1446040893387520074,robocape_mag,31.2,23.1,-15.75,10.0,0.0,0.0,0.0,10.0,0.0,0.0,0.0,10.0
1446040893423764599,2703,1446040893418934106,robocape_mag,31.2,23.1,-15.75,10.0,0.0,0.0,0.0,10.0,0.0,0.0,0.0,10.0
1446040893460770307,2704,1446040893455914974,robocape_mag,31.2,23.1,-15.75,10.0,0.0,0.0,0.0,10.0,0.0,0.0,0.0,10.0
1446040893490253557,2705,1446040893485486984,robocape_mag,31.2,23.1,-15.75,10.0,0.0,0.0,0.0,10.0,0.0,0.0,0.0,10.0
1446040893523738057,2706,1446040893518800020,robocape_mag,28.5,21.0,-15.45,10.0,0.0,0.0,0.0,10.0,0.0,0.0,0.0,10.0
1446040893556930516,2707,1446040893552231073,robocape_mag,28.5,21.0,-15.45,10.0,0.0,0.0,0.0,10.0,0.0,0.0,0.0,10.0
1446040893590119182,2708,1446040893585402011,robocape_mag,28.5,21.0,-15.45,10.0,0.0,0.0,0.0,10.0,0.0,0.0,0.0,10.0
1446040893628529682,2709,1446040893623363971,robocape_mag,28.5,21.0,-15.45,10.0,0.0,0.0,0.0,10.0,0.0,0.0,0.0,10.0
1446040893659671474,2710,1446040893654875040,robocape_mag,28.5,21.0,-15.45,10.0,0.0,0.0,0.0,10.0,0.0,0.0,0.0,10.0
1446040893690371724,2711,1446040893685659885,robocape_mag,32.1,21.6,-14.25,10.0,0.0,0.0,0.0,10.0,0.0,0.0,0.0,10.0
1446040893726192932,2712,1446040893721084117,robocape_mag,32.1,21.6,-14.25,10.0,0.0,0.0,0.0,10.0,0.0,0.0,0.0,10.0
1446040893756784557,2713,1446040893752043962,robocape_mag,32.1,21.6,-14.25,10.0,0.0,0.0,0.0,10.0,0.0,0.0,0.0,10.0
1446040893790300141,2714,1446040893785619974,robocape_mag,32.1,21.6,-14.25,10.0,0.0,0.0,0.0,10.0,0.0,0.0,0.0,10.0
1446040893826573266,2715,1446040893821595907,robocape_mag,26.7,22.2,-10.65,10.0,0.0,0.0,0.0,10.0,0.0,0.0,0.0,10.0
1446040893857249474,2716,1446040893852150917,robocape_mag,26.7,22.2,-10.65,10.0,0.0,0.0,0.0,10.0,0.0,0.0,0.0,10.0
1446040893893652849,2717,1446040893888775110,robocape_mag,26.7,22.2,-10.65,10.0,0.0,0.0,0.0,10.0,0.0,0.0,0.0,10.0
1446040893925011516,2718,1446040893919899940,robocape_mag,26.7,22.2,-10.65,10.0,0.0,0.0,0.0,10.0,0.0,0.0,0.0,10.0
1446040893963577849,2719,1446040893952272891,robocape_mag,26.7,22.2,-10.65,10.0,0.0,0.0,0.0,10.0,0.0,0.0,0.0,10.0
1446040893990298557,2720,1446040893985496044,robocape_mag,27.9,22.2,-15.45,10.0,0.0,0.0,0.0,10.0,0.0,0.0,0.0,10.0
1446040894023854391,2721,1446040894018954992,robocape_mag,27.9,22.2,-15.45,10.0,0.0,0.0,0.0,10.0,0.0,0.0,0.0,10.0
1446040894057177807,2722,1446040894052428007,robocape_mag,27.9,22.2,-15.45,10.0,0.0,0.0,0.0,10.0,0.0,0.0,0.0,10.0
1446040894090581016,2723,1446040894085623979,robocape_mag,27.9,22.2,-15.45,10.0,0.0,0.0,0.0,10.0,0.0,0.0,0.0,10.0
1446040894123912141,2724,1446040894119101047,robocape_mag,27.9,22.2,-15.45,10.0,0.0,0.0,0.0,10.0,0.0,0.0,0.0,10.0
1446040894157892349,2725,1446040894152760028,robocape_mag,27.6,21.3,-15.15,10.0,0.0,0.0,0.0,10.0,0.0,0.0,0.0,10.0
1446040894190685849,2726,1446040894185492038,robocape_mag,27.6,21.3,-15.15,10.0,0.0,0.0,0.0,10.0,0.0,0.0,0.0,10.0
1446040894223873308,2727,1446040894218866109,robocape_mag,27.6,21.3,-15.15,10.0,0.0,0.0,0.0,10.0,0.0,0.0,0.0,10.0
1446040894256840641,2728,1446040894252079963,robocape_mag,27.6,21.3,-15.15,10.0,0.0,0.0,0.0,10.0,0.0,0.0,0.0,10.0
1446040894295005599,2729,1446040894290129899,robocape_mag,27.6,21.3,-15.15,10.0,0.0,0.0,0.0,10.0,0.0,0.0,0.0,10.0
1446040894331561391,2730,1446040894324637889,robocape_mag,29.4,20.7,-16.35,10.0,0.0,0.0,0.0,10.0,0.0,0.0,0.0,10.0
1446040894365251891,2731,1446040894360233068,robocape_mag,29.4,20.7,-16.35,10.0,0.0,0.0,0.0,10.0,0.0,0.0,0.0,10.0
1446040894394400016,2732,1446040894389549016,robocape_mag,29.4,20.7,-16.35,10.0,0.0,0.0,0.0,10.0,0.0,0.0,0.0,10.0
1446040894430896724,2733,1446040894423535108,robocape_mag,29.4,20.7,-16.35,10.0,0.0,0.0,0.0,10.0,0.0,0.0,0.0,10.0
1446040894464533891,2734,1446040894459074974,robocape_mag,29.4,20.4,-17.85,10.0,0.0,0.0,0.0,10.0,0.0,0.0,0.0,10.0
1446040894493618433,2735,1446040894488835096,robocape_mag,27.9,20.4,-17.85,10.0,0.0,0.0,0.0,10.0,0.0,0.0,0.0,10.0
1446040894531070599,2736,1446040894523411989,robocape_mag,27.9,20.4,-17.85,10.0,0.0,0.0,0.0,10.0,0.0,0.0,0.0,10.0
1446040894566459391,2737,1446040894559530019,robocape_mag,27.9,20.4,-17.85,10.0,0.0,0.0,0.0,10.0,0.0,0.0,0.0,10.0
1446040894595746808,2738,1446040894589951038,robocape_mag,27.9,20.4,-17.85,10.0,0.0,0.0,0.0,10.0,0.0,0.0,0.0,10.0
1446040894636416516,2739,1446040894627455949,robocape_mag,32.1,21.6,-14.85,10.0,0.0,0.0,0.0,10.0,0.0,0.0,0.0,10.0
1446040894663949974,2740,1446040894659091949,robocape_mag,32.1,21.6,-14.85,10.0,0.0,0.0,0.0,10.0,0.0,0.0,0.0,10.0
1446040894695039516,2741,1446040894690223932,robocape_mag,32.1,21.6,-14.85,10.0,0.0,0.0,0.0,10.0,0.0,0.0,0.0,10.0
1446040894724818474,2742,1446040894719984054,robocape_mag,32.1,21.6,-14.85,10.0,0.0,0.0,0.0,10.0,0.0,0.0,0.0,10.0
1446040894760445933,2743,1446040894755367040,robocape_mag,32.1,21.6,-14.85,10.0,0.0,0.0,0.0,10.0,0.0,0.0,0.0,10.0
1446040894796442183,2744,1446040894790608882,robocape_mag,26.4,20.1,-13.35,10.0,0.0,0.0,0.0,10.0,0.0,0.0,0.0,10.0
1446040894828061641,2745,1446040894822819948,robocape_mag,26.4,20.1,-13.35,10.0,0.0,0.0,0.0,10.0,0.0,0.0,0.0,10.0
1446040894861122641,2746,1446040894854159116,robocape_mag,26.4,20.1,-13.35,10.0,0.0,0.0,0.0,10.0,0.0,0.0,0.0,10.0
1446040894895296933,2747,1446040894890250921,robocape_mag,26.4,20.1,-13.35,10.0,0.0,0.0,0.0,10.0,0.0,0.0,0.0,10.0
1446040894927031516,2748,1446040894921930074,robocape_mag,26.4,20.1,-13.35,10.0,0.0,0.0,0.0,10.0,0.0,0.0,0.0,10.0
1446040894959320475,2749,1446040894954572916,robocape_mag,29.7,23.4,-13.05,10.0,0.0,0.0,0.0,10.0,0.0,0.0,0.0,10.0
1446040894990582683,2750,1446040894985476970,robocape_mag,29.7,23.4,-13.05,10.0,0.0,0.0,0.0,10.0,0.0,0.0,0.0,10.0
1446040895028568016,2751,1446040895023359060,robocape_mag,29.7,23.4,-13.05,10.0,0.0,0.0,0.0,10.0,0.0,0.0,0.0,10.0
1446040895064922141,2752,1446040895059992074,robocape_mag,29.7,23.4,-13.05,10.0,0.0,0.0,0.0,10.0,0.0,0.0,0.0,10.0
1446040895095321058,2753,1446040895090229034,robocape_mag,29.7,23.4,-13.05,10.0,0.0,0.0,0.0,10.0,0.0,0.0,0.0,10.0
1446040895129673350,2754,1446040895122736930,robocape_mag,28.8,20.1,-19.35,10.0,0.0,0.0,0.0,10.0,0.0,0.0,0.0,10.0
1446040895164298225,2755,1446040895159420013,robocape_mag,28.8,20.1,-19.35,10.0,0.0,0.0,0.0,10.0,0.0,0.0,0.0,10.0
1446040895198946558,2756,1446040895194111108,robocape_mag,28.8,20.1,-19.35,10.0,0.0,0.0,0.0,10.0,0.0,0.0,0.0,10.0
1446040895230200141,2757,1446040895225255966,robocape_mag,28.8,20.1,-19.35,10.0,0.0,0.0,0.0,10.0,0.0,0.0,0.0,10.0
1446040895269442766,2758,1446040895258824110,robocape_mag,28.8,20.7,-16.35,10.0,0.0,0.0,0.0,10.0,0.0,0.0,0.0,10.0
1446040895308275891,2759,1446040895303217887,robocape_mag,29.4,20.7,-16.35,10.0,0.0,0.0,0.0,10.0,0.0,0.0,0.0,10.0
1446040895343422308,2760,1446040895338162899,robocape_mag,29.4,20.7,-16.35,10.0,0.0,0.0,0.0,10.0,0.0,0.0,0.0,10.0
1446040895380573016,2761,1446040895372164964,robocape_mag,29.4,20.7,-16.35,10.0,0.0,0.0,0.0,10.0,0.0,0.0,0.0,10.0
1446040895413255933,2762,1446040895408240079,robocape_mag,29.4,20.7,-16.35,10.0,0.0,0.0,0.0,10.0,0.0,0.0,0.0,10.0
1446040895448839100,2763,1446040895443576097,robocape_mag,28.5,21.6,-18.45,10.0,0.0,0.0,0.0,10.0,0.0,0.0,0.0,10.0
1446040895482181808,2764,1446040895476497888,robocape_mag,28.5,21.6,-18.45,10.0,0.0,0.0,0.0,10.0,0.0,0.0,0.0,10.0
1446040895518074600,2765,1446040895510683059,robocape_mag,28.5,21.6,-18.45,10.0,0.0,0.0,0.0,10.0,0.0,0.0,0.0,10.0
1446040895551489392,2766,1446040895541737079,robocape_mag,28.5,21.6,-18.45,10.0,0.0,0.0,0.0,10.0,0.0,0.0,0.0,10.0
1446040895582579350,2767,1446040895573297977,robocape_mag,28.5,21.6,-18.45,10.0,0.0,0.0,0.0,10.0,0.0,0.0,0.0,10.0
1446040895612981142,2768,1446040895605274915,robocape_mag,32.1,21.6,-16.65,10.0,0.0,0.0,0.0,10.0,0.0,0.0,0.0,10.0
1446040895647115142,2769,1446040895641757965,robocape_mag,32.1,21.6,-16.65,10.0,0.0,0.0,0.0,10.0,0.0,0.0,0.0,10.0
1446040895678208600,2770,1446040895673296928,robocape_mag,32.1,21.6,-16.65,10.0,0.0,0.0,0.0,10.0,0.0,0.0,0.0,10.0
1446040895708702350,2771,1446040895703912973,robocape_mag,32.1,21.6,-16.65,10.0,0.0,0.0,0.0,10.0,0.0,0.0,0.0,10.0
1446040895744502142,2772,1446040895738322973,robocape_mag,32.1,20.4,-17.85,10.0,0.0,0.0,0.0,10.0,0.0,0.0,0.0,10.0
1446040895780149308,2773,1446040895773597955,robocape_mag,30.9,20.4,-17.85,10.0,0.0,0.0,0.0,10.0,0.0,0.0,0.0,10.0
1446040895812045933,2774,1446040895805094957,robocape_mag,30.9,20.4,-17.85,10.0,0.0,0.0,0.0,10.0,0.0,0.0,0.0,10.0
1446040895847768517,2775,1446040895842206001,robocape_mag,30.9,20.4,-17.85,10.0,0.0,0.0,0.0,10.0,0.0,0.0,0.0,10.0
1446040895879404892,2776,1446040895874337911,robocape_mag,30.9,20.4,-17.85,10.0,0.0,0.0,0.0,10.0,0.0,0.0,0.0,10.0
1446040895910610517,2777,1446040895905841112,robocape_mag,27.9,22.8,-11.85,10.0,0.0,0.0,0.0,10.0,0.0,0.0,0.0,10.0
1446040895946193225,2778,1446040895941059112,robocape_mag,27.9,22.8,-11.85,10.0,0.0,0.0,0.0,10.0,0.0,0.0,0.0,10.0
1446040895977751683,2779,1446040895972837924,robocape_mag,27.9,22.8,-11.85,10.0,0.0,0.0,0.0,10.0,0.0,0.0,0.0,10.0
1446040896010334017,2780,1446040896005331039,robocape_mag,27.9,22.8,-11.85,10.0,0.0,0.0,0.0,10.0,0.0,0.0,0.0,10.0
1446040896043907058,2781,1446040896039001941,robocape_mag,27.9,22.8,-11.85,10.0,0.0,0.0,0.0,10.0,0.0,0.0,0.0,10.0
1446040896079712683,2782,1446040896074414968,robocape_mag,28.2,20.1,-16.35,10.0,0.0,0.0,0.0,10.0,0.0,0.0,0.0,10.0
1446040896113778600,2783,1446040896106961965,robocape_mag,28.2,20.1,-16.35,10.0,0.0,0.0,0.0,10.0,0.0,0.0,0.0,10.0
1446040896149467600,2784,1446040896144181013,robocape_mag,28.2,20.1,-16.35,10.0,0.0,0.0,0.0,10.0,0.0,0.0,0.0,10.0
1446040896182733517,2785,1446040896177948951,robocape_mag,28.2,20.1,-16.35,10.0,0.0,0.0,0.0,10.0,0.0,0.0,0.0,10.0
1446040896213943808,2786,1446040896208950996,robocape_mag,28.2,20.1,-16.35,10.0,0.0,0.0,0.0,10.0,0.0,0.0,0.0,10.0
1446040896254241809,2787,1446040896246716976,robocape_mag,28.8,23.1,-12.75,10.0,0.0,0.0,0.0,10.0,0.0,0.0,0.0,10.0
1446040896292931309,2788,1446040896287691116,robocape_mag,28.8,23.1,-12.75,10.0,0.0,0.0,0.0,10.0,0.0,0.0,0.0,10.0
1446040896324741517,2789,1446040896319829940,robocape_mag,28.8,23.1,-12.75,10.0,0.0,0.0,0.0,10.0,0.0,0.0,0.0,10.0
1446040896361778767,2790,1446040896356627941,robocape_mag,28.8,23.1,-12.75,10.0,0.0,0.0,0.0,10.0,0.0,0.0,0.0,10.0
1446040896397116350,2791,1446040896392148017,robocape_mag,28.5,19.2,-17.25,10.0,0.0,0.0,0.0,10.0,0.0,0.0,0.0,10.0
1446040896431800392,2792,1446040896426791906,robocape_mag,28.5,19.2,-17.25,10.0,0.0,0.0,0.0,10.0,0.0,0.0,0.0,10.0
1446040896472560684,2793,1446040896464292049,robocape_mag,28.5,19.2,-17.25,10.0,0.0,0.0,0.0,10.0,0.0,0.0,0.0,10.0
1446040896499945184,2794,1446040896494631052,robocape_mag,28.5,19.2,-17.25,10.0,0.0,0.0,0.0,10.0,0.0,0.0,0.0,10.0
1446040896531390475,2795,1446040896526259899,robocape_mag,28.5,19.2,-17.25,10.0,0.0,0.0,0.0,10.0,0.0,0.0,0.0,10.0
1446040896570380642,2796,1446040896561377048,robocape_mag,31.2,21.9,-16.35,10.0,0.0,0.0,0.0,10.0,0.0,0.0,0.0,10.0
1446040896598777684,2797,1446040896593107938,robocape_mag,31.2,21.9,-16.35,10.0,0.0,0.0,0.0,10.0,0.0,0.0,0.0,10.0
1446040896637717600,2798,1446040896632601022,robocape_mag,31.2,21.9,-16.35,10.0,0.0,0.0,0.0,10.0,0.0,0.0,0.0,10.0
1446040896678305309,2799,1446040896668248891,robocape_mag,31.2,21.9,-16.35,10.0,0.0,0.0,0.0,10.0,0.0,0.0,0.0,10.0
1446040896705849767,2800,1446040896699958086,robocape_mag,28.8,20.1,-18.75,10.0,0.0,0.0,0.0,10.0,0.0,0.0,0.0,10.0
1446040896745838350,2801,1446040896735965967,robocape_mag,28.8,20.1,-18.75,10.0,0.0,0.0,0.0,10.0,0.0,0.0,0.0,10.0
1446040896776539975,2802,1446040896771611928,robocape_mag,28.8,20.1,-18.75,10.0,0.0,0.0,0.0,10.0,0.0,0.0,0.0,10.0
1446040896814081892,2803,1446040896809139966,robocape_mag,28.8,20.1,-18.75,10.0,0.0,0.0,0.0,10.0,0.0,0.0,0.0,10.0
1446040896850299684,2804,1446040896840239048,robocape_mag,28.8,20.1,-18.75,10.0,0.0,0.0,0.0,10.0,0.0,0.0,0.0,10.0
1446040896879491892,2805,1446040896874306917,robocape_mag,27.3,20.4,-19.05,10.0,0.0,0.0,0.0,10.0,0.0,0.0,0.0,10.0
1446040896920479350,2806,1446040896913508892,robocape_mag,27.3,20.4,-19.05,10.0,0.0,0.0,0.0,10.0,0.0,0.0,0.0,10.0
1446040896956945726,2807,1446040896948144912,robocape_mag,27.3,20.4,-19.05,10.0,0.0,0.0,0.0,10.0,0.0,0.0,0.0,10.0
1446040896984745934,2808,1446040896979715108,robocape_mag,27.3,20.4,-19.05,10.0,0.0,0.0,0.0,10.0,0.0,0.0,0.0,10.0
1446040897017418726,2809,1446040897012175083,robocape_mag,27.3,20.4,-19.05,10.0,0.0,0.0,0.0,10.0,0.0,0.0,0.0,10.0
1446040897054756934,2810,1446040897045557975,robocape_mag,30.6,21.3,-17.55,10.0,0.0,0.0,0.0,10.0,0.0,0.0,0.0,10.0
1446040897085974892,2811,1446040897081146955,robocape_mag,30.6,21.3,-17.55,10.0,0.0,0.0,0.0,10.0,0.0,0.0,0.0,10.0
1446040897121261642,2812,1446040897114839076,robocape_mag,30.6,21.3,-17.55,10.0,0.0,0.0,0.0,10.0,0.0,0.0,0.0,10.0
1446040897156005976,2813,1446040897150973081,robocape_mag,30.6,21.3,-17.55,10.0,0.0,0.0,0.0,10.0,0.0,0.0,0.0,10.0
1446040897192332434,2814,1446040897184809923,robocape_mag,27.0,20.7,-12.15,10.0,0.0,0.0,0.0,10.0,0.0,0.0,0.0,10.0
1446040897221177184,2815,1446040897214700937,robocape_mag,27.0,20.7,-12.15,10.0,0.0,0.0,0.0,10.0,0.0,0.0,0.0,10.0
1446040897256100184,2816,1446040897250216960,robocape_mag,27.0,20.7,-12.15,10.0,0.0,0.0,0.0,10.0,0.0,0.0,0.0,10.0
1446040897298398767,2817,1446040897293282985,robocape_mag,27.0,20.7,-12.15,10.0,0.0,0.0,0.0,10.0,0.0,0.0,0.0,10.0
1446040897332755142,2818,1446040897323540925,robocape_mag,27.0,20.7,-12.15,10.0,0.0,0.0,0.0,10.0,0.0,0.0,0.0,10.0
1446040897362385684,2819,1446040897355222940,robocape_mag,29.1,22.2,-14.25,10.0,0.0,0.0,0.0,10.0,0.0,0.0,0.0,10.0
1446040897396992517,2820,1446040897392087936,robocape_mag,29.1,22.2,-14.25,10.0,0.0,0.0,0.0,10.0,0.0,0.0,0.0,10.0
1446040897432232017,2821,1446040897427289962,robocape_mag,29.1,22.2,-14.25,10.0,0.0,0.0,0.0,10.0,0.0,0.0,0.0,10.0
1446040897467285226,2822,1446040897462186098,robocape_mag,29.1,22.2,-14.25,10.0,0.0,0.0,0.0,10.0,0.0,0.0,0.0,10.0
1446040897498223684,2823,1446040897492995023,robocape_mag,29.1,22.2,-14.25,10.0,0.0,0.0,0.0,10.0,0.0,0.0,0.0,10.0
1446040897532312892,2824,1446040897527090072,robocape_mag,30.0,19.5,-18.75,10.0,0.0,0.0,0.0,10.0,0.0,0.0,0.0,10.0
1446040897567131351,2825,1446040897562150955,robocape_mag,30.0,19.5,-18.75,10.0,0.0,0.0,0.0,10.0,0.0,0.0,0.0,10.0
1446040897601621559,2826,1446040897594969987,robocape_mag,30.0,19.5,-18.75,10.0,0.0,0.0,0.0,10.0,0.0,0.0,0.0,10.0
1446040897631283809,2827,1446040897626400947,robocape_mag,30.0,19.5,-18.75,10.0,0.0,0.0,0.0,10.0,0.0,0.0,0.0,10.0
1446040897670076809,2828,1446040897664535045,robocape_mag,30.6,18.3,-19.95,10.0,0.0,0.0,0.0,10.0,0.0,0.0,0.0,10.0
1446040897709537309,2829,1446040897701368093,robocape_mag,30.6,18.3,-19.95,10.0,0.0,0.0,0.0,10.0,0.0,0.0,0.0,10.0
1446040897738138351,2830,1446040897731209993,robocape_mag,30.6,18.3,-19.95,10.0,0.0,0.0,0.0,10.0,0.0,0.0,0.0,10.0
1446040897768026559,2831,1446040897762969970,robocape_mag,30.6,18.3,-19.95,10.0,0.0,0.0,0.0,10.0,0.0,0.0,0.0,10.0
1446040897802790601,2832,1446040897793467998,robocape_mag,30.6,18.3,-19.95,10.0,0.0,0.0,0.0,10.0,0.0,0.0,0.0,10.0
1446040897827955643,2833,1446040897822719097,robocape_mag,28.2,21.3,-15.75,10.0,0.0,0.0,0.0,10.0,0.0,0.0,0.0,10.0
1446040897866422351,2834,1446040897861283063,robocape_mag,28.2,21.3,-15.75,10.0,0.0,0.0,0.0,10.0,0.0,0.0,0.0,10.0
1446040897898917601,2835,1446040897891871929,robocape_mag,28.2,21.3,-15.75,10.0,0.0,0.0,0.0,10.0,0.0,0.0,0.0,10.0
1446040897934050018,2836,1446040897929014921,robocape_mag,28.2,21.3,-15.75,10.0,0.0,0.0,0.0,10.0,0.0,0.0,0.0,10.0
1446040897962978434,2837,1446040897957753896,robocape_mag,28.2,21.3,-15.75,10.0,0.0,0.0,0.0,10.0,0.0,0.0,0.0,10.0
1446040898002860143,2838,1446040897995682001,robocape_mag,29.1,19.2,-19.05,10.0,0.0,0.0,0.0,10.0,0.0,0.0,0.0,10.0
1446040898035856393,2839,1446040898030771970,robocape_mag,29.1,19.2,-19.05,10.0,0.0,0.0,0.0,10.0,0.0,0.0,0.0,10.0
1446040898072386601,2840,1446040898067518949,robocape_mag,29.1,19.2,-19.05,10.0,0.0,0.0,0.0,10.0,0.0,0.0,0.0,10.0
1446040898108528809,2841,1446040898100024938,robocape_mag,29.1,19.2,-19.05,10.0,0.0,0.0,0.0,10.0,0.0,0.0,0.0,10.0
1446040898139098434,2842,1446040898133779048,robocape_mag,29.1,19.2,-19.05,10.0,0.0,0.0,0.0,10.0,0.0,0.0,0.0,10.0
1446040898175272809,2843,1446040898169950008,robocape_mag,35.4,21.9,-21.75,10.0,0.0,0.0,0.0,10.0,0.0,0.0,0.0,10.0
1446040898212384518,2844,1446040898207437992,robocape_mag,35.4,21.9,-21.75,10.0,0.0,0.0,0.0,10.0,0.0,0.0,0.0,10.0
1446040898242342726,2845,1446040898237217903,robocape_mag,35.4,21.9,-21.75,10.0,0.0,0.0,0.0,10.0,0.0,0.0,0.0,10.0
1446040898284372101,2846,1446040898279345989,robocape_mag,35.4,21.9,-21.75,10.0,0.0,0.0,0.0,10.0,0.0,0.0,0.0,10.0
1446040898319183268,2847,1446040898314310073,robocape_mag,29.1,17.4,-17.85,10.0,0.0,0.0,0.0,10.0,0.0,0.0,0.0,10.0
1446040898354129101,2848,1446040898349106073,robocape_mag,29.1,17.4,-17.85,10.0,0.0,0.0,0.0,10.0,0.0,0.0,0.0,10.0
1446040898388799768,2849,1446040898383501052,robocape_mag,29.1,17.4,-17.85,10.0,0.0,0.0,0.0,10.0,0.0,0.0,0.0,10.0
1446040898423193351,2850,1446040898418206930,robocape_mag,29.1,17.4,-17.85,10.0,0.0,0.0,0.0,10.0,0.0,0.0,0.0,10.0
1446040898455724851,2851,1446040898449424028,robocape_mag,29.1,17.4,-17.85,10.0,0.0,0.0,0.0,10.0,0.0,0.0,0.0,10.0
1446040898492570810,2852,1446040898487782001,robocape_mag,29.1,15.0,-18.45,10.0,0.0,0.0,0.0,10.0,0.0,0.0,0.0,10.0
1446040898523159351,2853,1446040898516474008,robocape_mag,29.1,15.0,-18.45,10.0,0.0,0.0,0.0,10.0,0.0,0.0,0.0,10.0
1446040898561007310,2854,1446040898554270029,robocape_mag,29.1,15.0,-18.45,10.0,0.0,0.0,0.0,10.0,0.0,0.0,0.0,10.0
1446040898588518685,2855,1446040898583655118,robocape_mag,29.1,15.0,-18.45,10.0,0.0,0.0,0.0,10.0,0.0,0.0,0.0,10.0
1446040898619172935,2856,1446040898614401102,robocape_mag,29.1,15.0,-18.45,10.0,0.0,0.0,0.0,10.0,0.0,0.0,0.0,10.0
1446040898650102685,2857,1446040898644953966,robocape_mag,31.2,16.5,-18.15,10.0,0.0,0.0,0.0,10.0,0.0,0.0,0.0,10.0
1446040898691958101,2858,1446040898683044910,robocape_mag,31.2,16.5,-18.15,10.0,0.0,0.0,0.0,10.0,0.0,0.0,0.0,10.0
1446040898718255726,2859,1446040898713145017,robocape_mag,31.2,16.5,-18.15,10.0,0.0,0.0,0.0,10.0,0.0,0.0,0.0,10.0
1446040898753136101,2860,1446040898748140096,robocape_mag,31.2,16.5,-18.15,10.0,0.0,0.0,0.0,10.0,0.0,0.0,0.0,10.0
1446040898787662185,2861,1446040898778485059,robocape_mag,31.2,15.3,-17.55,10.0,0.0,0.0,0.0,10.0,0.0,0.0,0.0,10.0
1446040898817037226,2862,1446040898808999061,robocape_mag,30.6,15.3,-17.55,10.0,0.0,0.0,0.0,10.0,0.0,0.0,0.0,10.0
1446040898850087351,2863,1446040898842811107,robocape_mag,30.6,15.3,-17.55,10.0,0.0,0.0,0.0,10.0,0.0,0.0,0.0,10.0
1446040898885633143,2864,1446040898880661964,robocape_mag,30.6,15.3,-17.55,10.0,0.0,0.0,0.0,10.0,0.0,0.0,0.0,10.0
1446040898915634935,2865,1446040898910274028,robocape_mag,30.6,15.3,-17.55,10.0,0.0,0.0,0.0,10.0,0.0,0.0,0.0,10.0
1446040898949035518,2866,1446040898942955970,robocape_mag,33.0,19.5,-19.95,10.0,0.0,0.0,0.0,10.0,0.0,0.0,0.0,10.0
1446040898983714393,2867,1446040898978817939,robocape_mag,33.0,19.5,-19.95,10.0,0.0,0.0,0.0,10.0,0.0,0.0,0.0,10.0
1446040899013491726,2868,1446040899008413076,robocape_mag,33.0,19.5,-19.95,10.0,0.0,0.0,0.0,10.0,0.0,0.0,0.0,10.0
1446040899049333810,2869,1446040899039967060,robocape_mag,33.0,19.5,-19.95,10.0,0.0,0.0,0.0,10.0,0.0,0.0,0.0,10.0
1446040899078947310,2870,1446040899073626041,robocape_mag,33.0,19.5,-19.95,10.0,0.0,0.0,0.0,10.0,0.0,0.0,0.0,10.0
1446040899115995685,2871,1446040899111058950,robocape_mag,30.3,16.2,-19.05,10.0,0.0,0.0,0.0,10.0,0.0,0.0,0.0,10.0
1446040899146587852,2872,1446040899141408920,robocape_mag,30.3,16.2,-19.05,10.0,0.0,0.0,0.0,10.0,0.0,0.0,0.0,10.0
1446040899188398143,2873,1446040899182607889,robocape_mag,30.3,16.2,-19.05,10.0,0.0,0.0,0.0,10.0,0.0,0.0,0.0,10.0
1446040899223263935,2874,1446040899218488931,robocape_mag,30.3,16.2,-19.05,10.0,0.0,0.0,0.0,10.0,0.0,0.0,0.0,10.0
1446040899259678560,2875,1446040899254385948,robocape_mag,30.3,16.2,-19.05,10.0,0.0,0.0,0.0,10.0,0.0,0.0,0.0,10.0
1446040899304584143,2876,1446040899299611091,robocape_mag,36.3,16.2,-17.85,10.0,0.0,0.0,0.0,10.0,0.0,0.0,0.0,10.0
1446040899338052060,2877,1446040899333046913,robocape_mag,36.3,16.2,-17.85,10.0,0.0,0.0,0.0,10.0,0.0,0.0,0.0,10.0
1446040899367597518,2878,1446040899362279891,robocape_mag,36.3,16.2,-17.85,10.0,0.0,0.0,0.0,10.0,0.0,0.0,0.0,10.0
1446040899402289893,2879,1446040899397440910,robocape_mag,36.3,16.2,-17.85,10.0,0.0,0.0,0.0,10.0,0.0,0.0,0.0,10.0
1446040899435818310,2880,1446040899429950952,robocape_mag,30.6,14.7,-16.35,10.0,0.0,0.0,0.0,10.0,0.0,0.0,0.0,10.0
1446040899470300560,2881,1446040899464482069,robocape_mag,30.6,14.7,-16.35,10.0,0.0,0.0,0.0,10.0,0.0,0.0,0.0,10.0
1446040899505402852,2882,1446040899500442981,robocape_mag,30.6,14.7,-16.35,10.0,0.0,0.0,0.0,10.0,0.0,0.0,0.0,10.0
1446040899541998893,2883,1446040899536772012,robocape_mag,30.6,14.7,-16.35,10.0,0.0,0.0,0.0,10.0,0.0,0.0,0.0,10.0
1446040899577278435,2884,1446040899572146892,robocape_mag,30.6,14.7,-16.35,10.0,0.0,0.0,0.0,10.0,0.0,0.0,0.0,10.0
1446040899609759810,2885,1446040899604574918,robocape_mag,34.8,18.3,-18.15,10.0,0.0,0.0,0.0,10.0,0.0,0.0,0.0,10.0
1446040899645197685,2886,1446040899635932922,robocape_mag,34.8,18.3,-18.15,10.0,0.0,0.0,0.0,10.0,0.0,0.0,0.0,10.0
1446040899673393602,2887,1446040899668289899,robocape_mag,34.8,18.3,-18.15,10.0,0.0,0.0,0.0,10.0,0.0,0.0,0.0,10.0
1446040899705683768,2888,1446040899698249101,robocape_mag,34.8,18.3,-18.15,10.0,0.0,0.0,0.0,10.0,0.0,0.0,0.0,10.0
1446040899739159602,2889,1446040899734066963,robocape_mag,34.8,18.3,-18.15,10.0,0.0,0.0,0.0,10.0,0.0,0.0,0.0,10.0
1446040899773624852,2890,1446040899763243913,robocape_mag,31.5,16.8,-17.25,10.0,0.0,0.0,0.0,10.0,0.0,0.0,0.0,10.0
1446040899800781352,2891,1446040899795874118,robocape_mag,31.5,16.8,-17.25,10.0,0.0,0.0,0.0,10.0,0.0,0.0,0.0,10.0
1446040899840043394,2892,1446040899828152894,robocape_mag,31.5,16.8,-17.25,10.0,0.0,0.0,0.0,10.0,0.0,0.0,0.0,10.0
1446040899867163977,2893,1446040899862207889,robocape_mag,31.5,16.8,-17.25,10.0,0.0,0.0,0.0,10.0,0.0,0.0,0.0,10.0
1446040899904505060,2894,1446040899899456977,robocape_mag,29.1,18.0,-19.05,10.0,0.0,0.0,0.0,10.0,0.0,0.0,0.0,10.0
1446040899938677519,2895,1446040899933840990,robocape_mag,29.1,18.0,-19.05,10.0,0.0,0.0,0.0,10.0,0.0,0.0,0.0,10.0
1446040899974147269,2896,1446040899969294071,robocape_mag,29.1,18.0,-19.05,10.0,0.0,0.0,0.0,10.0,0.0,0.0,0.0,10.0
1446040900009775060,2897,1446040900004728078,robocape_mag,29.1,18.0,-19.05,10.0,0.0,0.0,0.0,10.0,0.0,0.0,0.0,10.0
1446040900044667977,2898,1446040900039494037,robocape_mag,29.1,18.0,-19.05,10.0,0.0,0.0,0.0,10.0,0.0,0.0,0.0,10.0
1446040900079412352,2899,1446040900074153900,robocape_mag,37.5,16.2,-18.45,10.0,0.0,0.0,0.0,10.0,0.0,0.0,0.0,10.0
1446040900113660144,2900,1446040900108803987,robocape_mag,37.5,16.2,-18.45,10.0,0.0,0.0,0.0,10.0,0.0,0.0,0.0,10.0
1446040900154583144,2901,1446040900144706010,robocape_mag,37.5,16.2,-18.45,10.0,0.0,0.0,0.0,10.0,0.0,0.0,0.0,10.0
1446040900182620727,2902,1446040900176935911,robocape_mag,37.5,16.2,-18.45,10.0,0.0,0.0,0.0,10.0,0.0,0.0,0.0,10.0
1446040900220864727,2903,1446040900214514970,robocape_mag,37.5,16.2,-18.45,10.0,0.0,0.0,0.0,10.0,0.0,0.0,0.0,10.0
1446040900254605935,2904,1446040900249490976,robocape_mag,34.5,15.6,-14.25,10.0,0.0,0.0,0.0,10.0,0.0,0.0,0.0,10.0
1446040900297849644,2905,1446040900292707920,robocape_mag,34.5,15.6,-14.25,10.0,0.0,0.0,0.0,10.0,0.0,0.0,0.0,10.0
1446040900335492269,2906,1446040900329345941,robocape_mag,34.5,15.6,-14.25,10.0,0.0,0.0,0.0,10.0,0.0,0.0,0.0,10.0
1446040900366342102,2907,1446040900361501932,robocape_mag,34.5,15.6,-14.25,10.0,0.0,0.0,0.0,10.0,0.0,0.0,0.0,10.0
1446040900396311185,2908,1446040900391504049,robocape_mag,34.5,15.0,-16.05,10.0,0.0,0.0,0.0,10.0,0.0,0.0,0.0,10.0
1446040900429324019,2909,1446040900424520969,robocape_mag,34.5,15.0,-16.05,10.0,0.0,0.0,0.0,10.0,0.0,0.0,0.0,10.0
1446040900463189727,2910,1446040900458007097,robocape_mag,34.5,15.0,-16.05,10.0,0.0,0.0,0.0,10.0,0.0,0.0,0.0,10.0
1446040900500916852,2911,1446040900495806932,robocape_mag,34.5,15.0,-16.05,10.0,0.0,0.0,0.0,10.0,0.0,0.0,0.0,10.0
1446040900536986186,2912,1446040900531733989,robocape_mag,34.5,15.0,-16.05,10.0,0.0,0.0,0.0,10.0,0.0,0.0,0.0,10.0
1446040900573408894,2913,1446040900567167043,robocape_mag,32.1,15.6,-19.65,10.0,0.0,0.0,0.0,10.0,0.0,0.0,0.0,10.0
1446040900604040561,2914,1446040900599294900,robocape_mag,32.1,15.6,-19.65,10.0,0.0,0.0,0.0,10.0,0.0,0.0,0.0,10.0
1446040900636914769,2915,1446040900630628108,robocape_mag,32.1,15.6,-19.65,10.0,0.0,0.0,0.0,10.0,0.0,0.0,0.0,10.0
1446040900668341686,2916,1446040900663589000,robocape_mag,32.1,15.6,-19.65,10.0,0.0,0.0,0.0,10.0,0.0,0.0,0.0,10.0
1446040900701332186,2917,1446040900696542024,robocape_mag,32.1,15.6,-19.65,10.0,0.0,0.0,0.0,10.0,0.0,0.0,0.0,10.0
1446040900733826852,2918,1446040900728399991,robocape_mag,30.3,12.6,-16.05,10.0,0.0,0.0,0.0,10.0,0.0,0.0,0.0,10.0
1446040900769616394,2919,1446040900764520883,robocape_mag,30.3,12.6,-16.05,10.0,0.0,0.0,0.0,10.0,0.0,0.0,0.0,10.0
1446040900804285269,2920,1446040900799343109,robocape_mag,30.3,12.6,-16.05,10.0,0.0,0.0,0.0,10.0,0.0,0.0,0.0,10.0
1446040900834046727,2921,1446040900829268932,robocape_mag,30.3,12.6,-16.05,10.0,0.0,0.0,0.0,10.0,0.0,0.0,0.0,10.0
1446040900867410061,2922,1446040900862545967,robocape_mag,29.7,15.0,-16.65,10.0,0.0,0.0,0.0,10.0,0.0,0.0,0.0,10.0
1446040900899614644,2923,1446040900894809961,robocape_mag,29.7,15.0,-16.65,10.0,0.0,0.0,0.0,10.0,0.0,0.0,0.0,10.0
1446040900930787602,2924,1446040900925892114,robocape_mag,29.7,15.0,-16.65,10.0,0.0,0.0,0.0,10.0,0.0,0.0,0.0,10.0
1446040900967969311,2925,1446040900962893009,robocape_mag,29.7,15.0,-16.65,10.0,0.0,0.0,0.0,10.0,0.0,0.0,0.0,10.0
1446040901006425019,2926,1446040900996485948,robocape_mag,29.7,15.0,-16.65,10.0,0.0,0.0,0.0,10.0,0.0,0.0,0.0,10.0
1446040901033273686,2927,1446040901028471946,robocape_mag,30.6,14.1,-16.35,10.0,0.0,0.0,0.0,10.0,0.0,0.0,0.0,10.0
1446040901072461811,2928,1446040901062516927,robocape_mag,30.6,14.1,-16.35,10.0,0.0,0.0,0.0,10.0,0.0,0.0,0.0,10.0
1446040901097946769,2929,1446040901093106985,robocape_mag,30.6,14.1,-16.35,10.0,0.0,0.0,0.0,10.0,0.0,0.0,0.0,10.0
1446040901133963061,2930,1446040901127381086,robocape_mag,30.6,14.1,-16.35,10.0,0.0,0.0,0.0,10.0,0.0,0.0,0.0,10.0
1446040901168571103,2931,1446040901163620948,robocape_mag,30.6,14.1,-16.35,10.0,0.0,0.0,0.0,10.0,0.0,0.0,0.0,10.0
1446040901200159561,2932,1446040901195278882,robocape_mag,30.3,13.8,-16.65,10.0,0.0,0.0,0.0,10.0,0.0,0.0,0.0,10.0
1446040901230892436,2933,1446040901226150035,robocape_mag,30.3,13.8,-16.65,10.0,0.0,0.0,0.0,10.0,0.0,0.0,0.0,10.0
1446040901277047686,2934,1446040901267222881,robocape_mag,30.3,13.8,-16.65,10.0,0.0,0.0,0.0,10.0,0.0,0.0,0.0,10.0
1446040901316273728,2935,1446040901309531927,robocape_mag,30.3,13.8,-16.65,10.0,0.0,0.0,0.0,10.0,0.0,0.0,0.0,10.0
1446040901352338519,2936,1446040901347150087,robocape_mag,33.0,17.7,-18.75,10.0,0.0,0.0,0.0,10.0,0.0,0.0,0.0,10.0
1446040901387299478,2937,1446040901382308959,robocape_mag,33.0,17.7,-18.75,10.0,0.0,0.0,0.0,10.0,0.0,0.0,0.0,10.0
1446040901422284103,2938,1446040901417510986,robocape_mag,33.0,17.7,-18.75,10.0,0.0,0.0,0.0,10.0,0.0,0.0,0.0,10.0
1446040901456014103,2939,1446040901449302911,robocape_mag,33.0,17.7,-18.75,10.0,0.0,0.0,0.0,10.0,0.0,0.0,0.0,10.0
1446040901491216561,2940,1446040901486350059,robocape_mag,33.0,17.7,-18.75,10.0,0.0,0.0,0.0,10.0,0.0,0.0,0.0,10.0
1446040901525949019,2941,1446040901521189928,robocape_mag,36.6,15.9,-19.95,10.0,0.0,0.0,0.0,10.0,0.0,0.0,0.0,10.0
1446040901567090144,2942,1446040901557781934,robocape_mag,36.6,15.9,-19.95,10.0,0.0,0.0,0.0,10.0,0.0,0.0,0.0,10.0
1446040901598052394,2943,1446040901589010000,robocape_mag,36.6,15.9,-19.95,10.0,0.0,0.0,0.0,10.0,0.0,0.0,0.0,10.0
1446040901630689269,2944,1446040901623882055,robocape_mag,36.6,15.9,-19.95,10.0,0.0,0.0,0.0,10.0,0.0,0.0,0.0,10.0
1446040901662751353,2945,1446040901657804965,robocape_mag,36.6,15.9,-93.15,10.0,0.0,0.0,0.0,10.0,0.0,0.0,0.0,10.0
1446040901692908311,2946,1446040901687689065,robocape_mag,30.0,12.9,-16.35,10.0,0.0,0.0,0.0,10.0,0.0,0.0,0.0,10.0
1446040901728586728,2947,1446040901723529100,robocape_mag,30.0,12.9,-16.35,10.0,0.0,0.0,0.0,10.0,0.0,0.0,0.0,10.0
1446040901759765019,2948,1446040901754326105,robocape_mag,30.0,12.9,-16.35,10.0,0.0,0.0,0.0,10.0,0.0,0.0,0.0,10.0
1446040901797455061,2949,1446040901792411088,robocape_mag,30.0,12.9,-16.35,10.0,0.0,0.0,0.0,10.0,0.0,0.0,0.0,10.0
1446040901831648686,2950,1446040901826836109,robocape_mag,33.3,14.4,-15.45,10.0,0.0,0.0,0.0,10.0,0.0,0.0,0.0,10.0
1446040901861967853,2951,1446040901856684923,robocape_mag,33.3,14.4,-15.45,10.0,0.0,0.0,0.0,10.0,0.0,0.0,0.0,10.0
1446040901898535478,2952,1446040901893249988,robocape_mag,33.3,14.4,-15.45,10.0,0.0,0.0,0.0,10.0,0.0,0.0,0.0,10.0
1446040901933464270,2953,1446040901928613901,robocape_mag,33.3,14.4,-15.45,10.0,0.0,0.0,0.0,10.0,0.0,0.0,0.0,10.0
1446040901964637020,2954,1446040901959322929,robocape_mag,33.3,14.4,-15.45,10.0,0.0,0.0,0.0,10.0,0.0,0.0,0.0,10.0
1446040902000154686,2955,1446040901991935014,robocape_mag,34.8,15.3,-18.15,10.0,0.0,0.0,0.0,10.0,0.0,0.0,0.0,10.0
1446040902031579478,2956,1446040902026546001,robocape_mag,34.8,15.3,-18.15,10.0,0.0,0.0,0.0,10.0,0.0,0.0,0.0,10.0
1446040902070491978,2957,1446040902063133001,robocape_mag,34.8,15.3,-18.15,10.0,0.0,0.0,0.0,10.0,0.0,0.0,0.0,10.0
1446040902102538228,2958,1446040902097660064,robocape_mag,34.8,15.3,-18.15,10.0,0.0,0.0,0.0,10.0,0.0,0.0,0.0,10.0
1446040902136331186,2959,1446040902128221035,robocape_mag,34.8,15.3,-18.15,10.0,0.0,0.0,0.0,10.0,0.0,0.0,0.0,10.0
1446040902174176645,2960,1446040902162817955,robocape_mag,33.0,15.3,-17.55,10.0,0.0,0.0,0.0,10.0,0.0,0.0,0.0,10.0
1446040902201355811,2961,1446040902195872068,robocape_mag,33.0,15.3,-17.55,10.0,0.0,0.0,0.0,10.0,0.0,0.0,0.0,10.0
1446040902238591978,2962,1446040902233807086,robocape_mag,33.0,15.3,-17.55,10.0,0.0,0.0,0.0,10.0,0.0,0.0,0.0,10.0
1446040902279855186,2963,1446040902267379045,robocape_mag,33.0,15.3,-17.55,10.0,0.0,0.0,0.0,10.0,0.0,0.0,0.0,10.0
1446040902320664686,2964,1446040902312067985,robocape_mag,30.0,12.3,-16.95,10.0,0.0,0.0,0.0,10.0,0.0,0.0,0.0,10.0
1446040902347618770,2965,1446040902342467069,robocape_mag,30.0,12.3,-16.95,10.0,0.0,0.0,0.0,10.0,0.0,0.0,0.0,10.0
1446040902381764186,2966,1446040902376610994,robocape_mag,30.0,12.3,-16.95,10.0,0.0,0.0,0.0,10.0,0.0,0.0,0.0,10.0
1446040902420686270,2967,1446040902411036968,robocape_mag,30.0,12.3,-16.95,10.0,0.0,0.0,0.0,10.0,0.0,0.0,0.0,10.0
1446040902448137311,2968,1446040902442802906,robocape_mag,30.0,12.3,-16.95,10.0,0.0,0.0,0.0,10.0,0.0,0.0,0.0,10.0
1446040902478602561,2969,1446040902473745107,robocape_mag,29.4,14.1,-16.35,10.0,0.0,0.0,0.0,10.0,0.0,0.0,0.0,10.0
1446040902514971978,2970,1446040902509321928,robocape_mag,29.4,14.1,-16.35,10.0,0.0,0.0,0.0,10.0,0.0,0.0,0.0,10.0
1446040902546568895,2971,1446040902539943933,robocape_mag,29.4,14.1,-16.35,10.0,0.0,0.0,0.0,10.0,0.0,0.0,0.0,10.0
1446040902583928353,2972,1446040902578401088,robocape_mag,29.4,14.1,-16.35,10.0,0.0,0.0,0.0,10.0,0.0,0.0,0.0,10.0
1446040902621604020,2973,1446040902616606950,robocape_mag,29.4,14.1,-16.35,10.0,0.0,0.0,0.0,10.0,0.0,0.0,0.0,10.0
1446040902652637145,2974,1446040902647744894,robocape_mag,30.3,15.0,-16.65,10.0,0.0,0.0,0.0,10.0,0.0,0.0,0.0,10.0
1446040902683380812,2975,1446040902678534030,robocape_mag,30.3,15.0,-16.65,10.0,0.0,0.0,0.0,10.0,0.0,0.0,0.0,10.0
1446040902719364895,2976,1446040902714307069,robocape_mag,30.3,15.0,-16.65,10.0,0.0,0.0,0.0,10.0,0.0,0.0,0.0,10.0
1446040902754426395,2977,1446040902749509096,robocape_mag,30.3,15.0,-16.65,10.0,0.0,0.0,0.0,10.0,0.0,0.0,0.0,10.0
1446040902790565020,2978,1446040902785685062,robocape_mag,29.7,12.6,-16.05,10.0,0.0,0.0,0.0,10.0,0.0,0.0,0.0,10.0
1446040902827235353,2979,1446040902822107076,robocape_mag,29.7,12.6,-16.05,10.0,0.0,0.0,0.0,10.0,0.0,0.0,0.0,10.0
1446040902857521853,2980,1446040902852448940,robocape_mag,29.7,12.6,-16.05,10.0,0.0,0.0,0.0,10.0,0.0,0.0,0.0,10.0
1446040902895194978,2981,1446040902885909080,robocape_mag,29.7,12.6,-16.05,10.0,0.0,0.0,0.0,10.0,0.0,0.0,0.0,10.0
1446040902926238978,2982,1446040902921402931,robocape_mag,29.7,12.6,-16.05,10.0,0.0,0.0,0.0,10.0,0.0,0.0,0.0,10.0
1446040902957339395,2983,1446040902952562093,robocape_mag,31.2,15.3,-16.35,10.0,0.0,0.0,0.0,10.0,0.0,0.0,0.0,10.0
1446040902989138187,2984,1446040902983571052,robocape_mag,31.2,15.3,-16.35,10.0,0.0,0.0,0.0,10.0,0.0,0.0,0.0,10.0
1446040903029334187,2985,1446040903019680976,robocape_mag,31.2,15.3,-16.35,10.0,0.0,0.0,0.0,10.0,0.0,0.0,0.0,10.0
1446040903056819020,2986,1446040903051896095,robocape_mag,31.2,15.3,-16.35,10.0,0.0,0.0,0.0,10.0,0.0,0.0,0.0,10.0
1446040903089696812,2987,1446040903083839893,robocape_mag,31.2,15.3,-16.35,10.0,0.0,0.0,0.0,10.0,0.0,0.0,0.0,10.0
1446040903123588395,2988,1446040903116657018,robocape_mag,36.0,14.7,-18.15,10.0,0.0,0.0,0.0,10.0,0.0,0.0,0.0,10.0
1446040903158919562,2989,1446040903153801918,robocape_mag,36.0,14.7,-18.15,10.0,0.0,0.0,0.0,10.0,0.0,0.0,0.0,10.0
1446040903188761270,2990,1446040903183068037,robocape_mag,36.0,14.7,-18.15,10.0,0.0,0.0,0.0,10.0,0.0,0.0,0.0,10.0
1446040903225494228,2991,1446040903217902898,robocape_mag,36.0,14.7,-18.15,10.0,0.0,0.0,0.0,10.0,0.0,0.0,0.0,10.0
1446040903256257187,2992,1446040903251424074,robocape_mag,36.0,14.7,-18.15,10.0,0.0,0.0,0.0,10.0,0.0,0.0,0.0,10.0
1446040903296573687,2993,1446040903291304111,robocape_mag,30.6,11.7,-17.55,10.0,0.0,0.0,0.0,10.0,0.0,0.0,0.0,10.0
1446040903332097020,2994,1446040903327198028,robocape_mag,30.6,11.7,-17.55,10.0,0.0,0.0,0.0,10.0,0.0,0.0,0.0,10.0
1446040903364045229,2995,1446040903358519077,robocape_mag,30.6,11.7,-17.55,10.0,0.0,0.0,0.0,10.0,0.0,0.0,0.0,10.0
1446040903399007854,2996,1446040903393802881,robocape_mag,30.6,11.7,-17.55,10.0,0.0,0.0,0.0,10.0,0.0,0.0,0.0,10.0
1446040903431659270,2997,1446040903426717996,robocape_mag,30.6,14.1,-16.95,10.0,0.0,0.0,0.0,10.0,0.0,0.0,0.0,10.0
1446040903466815479,2998,1446040903461764097,robocape_mag,30.6,14.1,-16.95,10.0,0.0,0.0,0.0,10.0,0.0,0.0,0.0,10.0
1446040903498450520,2999,1446040903493602037,robocape_mag,30.6,14.1,-16.95,10.0,0.0,0.0,0.0,10.0,0.0,0.0,0.0,10.0
1446040903533156395,3000,1446040903526753902,robocape_mag,30.6,14.1,-16.95,10.0,0.0,0.0,0.0,10.0,0.0,0.0,0.0,10.0
1446040903569285895,3001,1446040903564193010,robocape_mag,30.6,14.1,-16.95,10.0,0.0,0.0,0.0,10.0,0.0,0.0,0.0,10.0
1446040903603926895,3002,1446040903598922014,robocape_mag,32.1,15.0,-16.65,10.0,0.0,0.0,0.0,10.0,0.0,0.0,0.0,10.0
1446040903634985020,3003,1446040903629697084,robocape_mag,32.1,15.0,-16.65,10.0,0.0,0.0,0.0,10.0,0.0,0.0,0.0,10.0
1446040903671950562,3004,1446040903667059898,robocape_mag,32.1,15.0,-16.65,10.0,0.0,0.0,0.0,10.0,0.0,0.0,0.0,10.0
1446040903711526354,3005,1446040903702850103,robocape_mag,32.1,15.0,-16.65,10.0,0.0,0.0,0.0,10.0,0.0,0.0,0.0,10.0
1446040903738836895,3006,1446040903733475923,robocape_mag,32.1,15.0,-16.65,10.0,0.0,0.0,0.0,10.0,0.0,0.0,0.0,10.0
1446040903770956854,3007,1446040903765877962,robocape_mag,33.9,14.4,-17.85,10.0,0.0,0.0,0.0,10.0,0.0,0.0,0.0,10.0
1446040903801487145,3008,1446040903796647071,robocape_mag,33.9,14.4,-17.85,10.0,0.0,0.0,0.0,10.0,0.0,0.0,0.0,10.0
1446040903836331145,3009,1446040903831326007,robocape_mag,33.9,14.4,-17.85,10.0,0.0,0.0,0.0,10.0,0.0,0.0,0.0,10.0
1446040903865358895,3010,1446040903860409975,robocape_mag,33.9,14.4,-17.85,10.0,0.0,0.0,0.0,10.0,0.0,0.0,0.0,10.0
1446040903900370770,3011,1446040903893850088,robocape_mag,33.9,14.4,-17.85,10.0,0.0,0.0,0.0,10.0,0.0,0.0,0.0,10.0
1446040903942529562,3012,1446040903936783075,robocape_mag,29.1,13.8,-16.05,10.0,0.0,0.0,0.0,10.0,0.0,0.0,0.0,10.0
1446040903972830729,3013,1446040903968070030,robocape_mag,29.1,13.8,-16.05,10.0,0.0,0.0,0.0,10.0,0.0,0.0,0.0,10.0
1446040904001815687,3014,1446040903996979951,robocape_mag,29.1,13.8,-16.05,10.0,0.0,0.0,0.0,10.0,0.0,0.0,0.0,10.0
1446040904036058396,3015,1446040904031194925,robocape_mag,29.1,13.8,-16.05,10.0,0.0,0.0,0.0,10.0,0.0,0.0,0.0,10.0
1446040904067295771,3016,1446040904062354087,robocape_mag,26.7,12.6,-13.65,10.0,0.0,0.0,0.0,10.0,0.0,0.0,0.0,10.0
1446040904100095687,3017,1446040904095045089,robocape_mag,26.7,12.6,-13.65,10.0,0.0,0.0,0.0,10.0,0.0,0.0,0.0,10.0
1446040904132614146,3018,1446040904127557992,robocape_mag,26.7,12.6,-13.65,10.0,0.0,0.0,0.0,10.0,0.0,0.0,0.0,10.0
1446040904170034562,3019,1446040904160763978,robocape_mag,26.7,12.6,-13.65,10.0,0.0,0.0,0.0,10.0,0.0,0.0,0.0,10.0
1446040904198213396,3020,1446040904193345069,robocape_mag,26.7,12.6,-13.65,10.0,0.0,0.0,0.0,10.0,0.0,0.0,0.0,10.0
1446040904231423229,3021,1446040904226605892,robocape_mag,27.6,9.9,-13.35,10.0,0.0,0.0,0.0,10.0,0.0,0.0,0.0,10.0
1446040904277145021,3022,1446040904260426998,robocape_mag,27.6,9.9,-13.35,10.0,0.0,0.0,0.0,10.0,0.0,0.0,0.0,10.0
1446040904312425271,3023,1446040904303101062,robocape_mag,27.6,9.9,-13.35,10.0,0.0,0.0,0.0,10.0,0.0,0.0,0.0,10.0
1446040904342091896,3024,1446040904337090969,robocape_mag,27.6,9.9,-13.35,10.0,0.0,0.0,0.0,10.0,0.0,0.0,0.0,10.0
1446040904376871437,3025,1446040904372006893,robocape_mag,27.6,9.9,-13.35,10.0,0.0,0.0,0.0,10.0,0.0,0.0,0.0,10.0
1446040904411802479,3026,1446040904406981945,robocape_mag,24.6,3.3,-11.55,10.0,0.0,0.0,0.0,10.0,0.0,0.0,0.0,10.0
1446040904440696854,3027,1446040904435946941,robocape_mag,24.6,3.3,-11.55,10.0,0.0,0.0,0.0,10.0,0.0,0.0,0.0,10.0
1446040904471657437,3028,1446040904466804981,robocape_mag,24.6,3.3,-11.55,10.0,0.0,0.0,0.0,10.0,0.0,0.0,0.0,10.0
1446040904502163604,3029,1446040904497234106,robocape_mag,24.6,3.3,-11.55,10.0,0.0,0.0,0.0,10.0,0.0,0.0,0.0,10.0
1446040904534469187,3030,1446040904529232025,robocape_mag,24.6,3.3,-11.55,10.0,0.0,0.0,0.0,10.0,0.0,0.0,0.0,10.0
1446040904564982104,3031,1446040904560146093,robocape_mag,31.5,1.8,-12.45,10.0,0.0,0.0,0.0,10.0,0.0,0.0,0.0,10.0
1446040904598677854,3032,1446040904593449115,robocape_mag,31.5,1.8,-12.45,10.0,0.0,0.0,0.0,10.0,0.0,0.0,0.0,10.0
1446040904631415063,3033,1446040904626636028,robocape_mag,31.5,1.8,-12.45,10.0,0.0,0.0,0.0,10.0,0.0,0.0,0.0,10.0
1446040904669153104,3034,1446040904663549900,robocape_mag,31.5,1.8,-12.45,10.0,0.0,0.0,0.0,10.0,0.0,0.0,0.0,10.0
1446040904703715646,3035,1446040904698427915,robocape_mag,31.5,-3.0,-14.25,10.0,0.0,0.0,0.0,10.0,0.0,0.0,0.0,10.0
1446040904740224104,3036,1446040904735264062,robocape_mag,29.1,-3.0,-14.25,10.0,0.0,0.0,0.0,10.0,0.0,0.0,0.0,10.0
1446040904769856688,3037,1446040904764569044,robocape_mag,29.1,-3.0,-14.25,10.0,0.0,0.0,0.0,10.0,0.0,0.0,0.0,10.0
1446040904804667521,3038,1446040904799684047,robocape_mag,29.1,-3.0,-14.25,10.0,0.0,0.0,0.0,10.0,0.0,0.0,0.0,10.0
1446040904833679563,3039,1446040904828826904,robocape_mag,29.1,-3.0,-14.25,10.0,0.0,0.0,0.0,10.0,0.0,0.0,0.0,10.0
1446040904865104146,3040,1446040904860285043,robocape_mag,41.1,-1.2,-17.25,10.0,0.0,0.0,0.0,10.0,0.0,0.0,0.0,10.0
1446040904898515688,3041,1446040904893235921,robocape_mag,41.1,-1.2,-17.25,10.0,0.0,0.0,0.0,10.0,0.0,0.0,0.0,10.0
1446040904934037146,3042,1446040904929169893,robocape_mag,41.1,-1.2,-17.25,10.0,0.0,0.0,0.0,10.0,0.0,0.0,0.0,10.0
1446040904969287479,3043,1446040904960140943,robocape_mag,41.1,-1.2,-17.25,10.0,0.0,0.0,0.0,10.0,0.0,0.0,0.0,10.0
1446040905002228146,3044,1446040904993330001,robocape_mag,41.1,-1.2,-17.25,10.0,0.0,0.0,0.0,10.0,0.0,0.0,0.0,10.0
1446040905031872229,3045,1446040905026794910,robocape_mag,47.1,-1.8,-21.45,10.0,0.0,0.0,0.0,10.0,0.0,0.0,0.0,10.0
1446040905065974896,3046,1446040905061115026,robocape_mag,47.1,-1.8,-21.45,10.0,0.0,0.0,0.0,10.0,0.0,0.0,0.0,10.0
1446040905102803271,3047,1446040905097599029,robocape_mag,47.1,-1.8,-21.45,10.0,0.0,0.0,0.0,10.0,0.0,0.0,0.0,10.0
1446040905133338104,3048,1446040905128433942,robocape_mag,47.1,-1.8,-21.45,10.0,0.0,0.0,0.0,10.0,0.0,0.0,0.0,10.0
1446040905168189313,3049,1446040905163319110,robocape_mag,47.1,-1.8,-21.45,10.0,0.0,0.0,0.0,10.0,0.0,0.0,0.0,10.0
1446040905199285646,3050,1446040905194483041,robocape_mag,49.2,-12.3,-26.55,10.0,0.0,0.0,0.0,10.0,0.0,0.0,0.0,10.0
1446040905231536854,3051,1446040905226783990,robocape_mag,49.2,-12.3,-26.55,10.0,0.0,0.0,0.0,10.0,0.0,0.0,0.0,10.0
1446040905270382354,3052,1446040905260181903,robocape_mag,49.2,-12.3,-26.55,10.0,0.0,0.0,0.0,10.0,0.0,0.0,0.0,10.0
1446040905305254146,3053,1446040905299940109,robocape_mag,49.2,-12.3,-26.55,10.0,0.0,0.0,0.0,10.0,0.0,0.0,0.0,10.0
1446040905335823355,3054,1446040905330959081,robocape_mag,49.2,-12.3,-26.55,10.0,0.0,0.0,0.0,10.0,0.0,0.0,0.0,10.0
1446040905365496646,3055,1446040905360666990,robocape_mag,53.4,-15.9,-31.95,10.0,0.0,0.0,0.0,10.0,0.0,0.0,0.0,10.0
1446040905404238271,3056,1446040905396606922,robocape_mag,53.4,-15.9,-31.95,10.0,0.0,0.0,0.0,10.0,0.0,0.0,0.0,10.0
1446040905439056896,3057,1446040905433988094,robocape_mag,53.4,-15.9,-31.95,10.0,0.0,0.0,0.0,10.0,0.0,0.0,0.0,10.0
1446040905469752271,3058,1446040905463776111,robocape_mag,53.4,-15.9,-31.95,10.0,0.0,0.0,0.0,10.0,0.0,0.0,0.0,10.0
1446040905499147021,3059,1446040905494083881,robocape_mag,53.4,-15.9,-31.95,10.0,0.0,0.0,0.0,10.0,0.0,0.0,0.0,10.0
1446040905535084146,3060,1446040905529728889,robocape_mag,44.4,-20.7,-31.35,10.0,0.0,0.0,0.0,10.0,0.0,0.0,0.0,10.0
1446040905565311396,3061,1446040905560147047,robocape_mag,44.4,-20.7,-31.35,10.0,0.0,0.0,0.0,10.0,0.0,0.0,0.0,10.0
1446040905605222230,3062,1446040905597579002,robocape_mag,44.4,-20.7,-31.35,10.0,0.0,0.0,0.0,10.0,0.0,0.0,0.0,10.0
1446040905641270355,3063,1446040905632041931,robocape_mag,44.4,-20.7,-31.35,10.0,0.0,0.0,0.0,10.0,0.0,0.0,0.0,10.0
1446040905669869188,3064,1446040905665008068,robocape_mag,36.6,-26.1,-31.35,10.0,0.0,0.0,0.0,10.0,0.0,0.0,0.0,10.0
1446040905699283813,3065,1446040905694504976,robocape_mag,36.6,-26.1,-31.35,10.0,0.0,0.0,0.0,10.0,0.0,0.0,0.0,10.0
1446040905736161313,3066,1446040905730954885,robocape_mag,36.6,-26.1,-31.35,10.0,0.0,0.0,0.0,10.0,0.0,0.0,0.0,10.0
1446040905772374105,3067,1446040905764863014,robocape_mag,36.6,-26.1,-31.35,10.0,0.0,0.0,0.0,10.0,0.0,0.0,0.0,10.0
1446040905800470355,3068,1446040905795603990,robocape_mag,36.6,-26.1,-31.35,10.0,0.0,0.0,0.0,10.0,0.0,0.0,0.0,10.0
1446040905831590980,3069,1446040905826745986,robocape_mag,32.1,-24.0,-27.45,10.0,0.0,0.0,0.0,10.0,0.0,0.0,0.0,10.0
1446040905871827855,3070,1446040905864415884,robocape_mag,32.1,-24.0,-27.45,10.0,0.0,0.0,0.0,10.0,0.0,0.0,0.0,10.0
1446040905899489855,3071,1446040905894540071,robocape_mag,32.1,-24.0,-27.45,10.0,0.0,0.0,0.0,10.0,0.0,0.0,0.0,10.0
1446040905936438813,3072,1446040905931585073,robocape_mag,32.1,-24.0,-27.45,10.0,0.0,0.0,0.0,10.0,0.0,0.0,0.0,10.0
1446040905969643563,3073,1446040905964624881,robocape_mag,32.1,-24.0,-27.45,10.0,0.0,0.0,0.0,10.0,0.0,0.0,0.0,10.0
1446040906000451813,3074,1446040905995203971,robocape_mag,25.2,-24.9,-25.95,10.0,0.0,0.0,0.0,10.0,0.0,0.0,0.0,10.0
1446040906037730105,3075,1446040906032725095,robocape_mag,25.2,-24.9,-25.95,10.0,0.0,0.0,0.0,10.0,0.0,0.0,0.0,10.0
1446040906067021647,3076,1446040906062093019,robocape_mag,25.2,-24.9,-25.95,10.0,0.0,0.0,0.0,10.0,0.0,0.0,0.0,10.0
1446040906099170688,3077,1446040906094085931,robocape_mag,25.2,-24.9,-25.95,10.0,0.0,0.0,0.0,10.0,0.0,0.0,0.0,10.0
1446040906132091605,3078,1446040906126738071,robocape_mag,25.2,-24.9,-25.95,10.0,0.0,0.0,0.0,10.0,0.0,0.0,0.0,10.0
1446040906167879980,3079,1446040906162864923,robocape_mag,21.9,-22.8,-20.85,10.0,0.0,0.0,0.0,10.0,0.0,0.0,0.0,10.0
1446040906198507980,3080,1446040906193592071,robocape_mag,21.9,-22.8,-20.85,10.0,0.0,0.0,0.0,10.0,0.0,0.0,0.0,10.0
1446040906231600813,3081,1446040906226725101,robocape_mag,21.9,-22.8,-20.85,10.0,0.0,0.0,0.0,10.0,0.0,0.0,0.0,10.0
1446040906275223355,3082,1446040906266247034,robocape_mag,21.9,-22.8,-20.85,10.0,0.0,0.0,0.0,10.0,0.0,0.0,0.0,10.0
1446040906311635813,3083,1446040906306382894,robocape_mag,20.1,-25.8,-20.25,10.0,0.0,0.0,0.0,10.0,0.0,0.0,0.0,10.0
1446040906348242022,3084,1446040906343466043,robocape_mag,20.1,-25.8,-20.25,10.0,0.0,0.0,0.0,10.0,0.0,0.0,0.0,10.0
1446040906379984188,3085,1446040906375251054,robocape_mag,20.1,-25.8,-20.25,10.0,0.0,0.0,0.0,10.0,0.0,0.0,0.0,10.0
1446040906413008063,3086,1446040906404422998,robocape_mag,20.1,-25.8,-20.25,10.0,0.0,0.0,0.0,10.0,0.0,0.0,0.0,10.0
1446040906441125980,3087,1446040906436072111,robocape_mag,20.1,-25.8,-20.25,10.0,0.0,0.0,0.0,10.0,0.0,0.0,0.0,10.0
1446040906470831855,3088,1446040906465850114,robocape_mag,17.7,-23.4,-20.85,10.0,0.0,0.0,0.0,10.0,0.0,0.0,0.0,10.0
1446040906501210480,3089,1446040906496037960,robocape_mag,17.7,-23.4,-20.85,10.0,0.0,0.0,0.0,10.0,0.0,0.0,0.0,10.0
1446040906538408480,3090,1446040906532808065,robocape_mag,17.7,-23.4,-20.85,10.0,0.0,0.0,0.0,10.0,0.0,0.0,0.0,10.0
1446040906572298480,3091,1446040906565597057,robocape_mag,17.7,-23.4,-20.85,10.0,0.0,0.0,0.0,10.0,0.0,0.0,0.0,10.0
1446040906605410772,3092,1446040906600274085,robocape_mag,17.7,-23.4,-20.85,10.0,0.0,0.0,0.0,10.0,0.0,0.0,0.0,10.0
1446040906634487730,3093,1446040906629578113,robocape_mag,9.6,-27.3,-19.35,10.0,0.0,0.0,0.0,10.0,0.0,0.0,0.0,10.0
1446040906667467605,3094,1446040906662369012,robocape_mag,9.6,-27.3,-19.35,10.0,0.0,0.0,0.0,10.0,0.0,0.0,0.0,10.0
1446040906701607438,3095,1446040906696502923,robocape_mag,9.6,-27.3,-19.35,10.0,0.0,0.0,0.0,10.0,0.0,0.0,0.0,10.0
1446040906734951105,3096,1446040906730067014,robocape_mag,9.6,-27.3,-19.35,10.0,0.0,0.0,0.0,10.0,0.0,0.0,0.0,10.0
1446040906774401689,3097,1446040906767510890,robocape_mag,9.6,-27.3,-19.35,10.0,0.0,0.0,0.0,10.0,0.0,0.0,0.0,10.0
1446040906804561730,3098,1446040906797399997,robocape_mag,9.9,-26.4,-17.85,10.0,0.0,0.0,0.0,10.0,0.0,0.0,0.0,10.0
1446040906840135564,3099,1446040906835042953,robocape_mag,9.9,-26.4,-17.85,10.0,0.0,0.0,0.0,10.0,0.0,0.0,0.0,10.0
1446040906875061564,3100,1446040906866384983,robocape_mag,9.9,-26.4,-17.85,10.0,0.0,0.0,0.0,10.0,0.0,0.0,0.0,10.0
1446040906900814897,3101,1446040906895653009,robocape_mag,9.9,-26.4,-17.85,10.0,0.0,0.0,0.0,10.0,0.0,0.0,0.0,10.0
1446040906936693314,3102,1446040906931446075,robocape_mag,9.9,-26.4,-17.85,10.0,0.0,0.0,0.0,10.0,0.0,0.0,0.0,10.0
1446040906970474897,3103,1446040906964852094,robocape_mag,10.2,-26.1,-19.35,10.0,0.0,0.0,0.0,10.0,0.0,0.0,0.0,10.0
1446040907002647522,3104,1446040906997538089,robocape_mag,10.2,-26.1,-19.35,10.0,0.0,0.0,0.0,10.0,0.0,0.0,0.0,10.0
1446040907033994564,3105,1446040907029031991,robocape_mag,10.2,-26.1,-19.35,10.0,0.0,0.0,0.0,10.0,0.0,0.0,0.0,10.0
1446040907069600897,3106,1446040907064706087,robocape_mag,10.2,-26.1,-19.35,10.0,0.0,0.0,0.0,10.0,0.0,0.0,0.0,10.0
1446040907105388230,3107,1446040907100507020,robocape_mag,11.7,-28.8,-20.85,10.0,0.0,0.0,0.0,10.0,0.0,0.0,0.0,10.0
1446040907137124064,3108,1446040907131975889,robocape_mag,11.7,-28.8,-20.85,10.0,0.0,0.0,0.0,10.0,0.0,0.0,0.0,10.0
1446040907168754439,3109,1446040907164002895,robocape_mag,11.7,-28.8,-20.85,10.0,0.0,0.0,0.0,10.0,0.0,0.0,0.0,10.0
1446040907199488855,3110,1446040907194340944,robocape_mag,11.7,-28.8,-20.85,10.0,0.0,0.0,0.0,10.0,0.0,0.0,0.0,10.0
1446040907238271855,3111,1446040907233073949,robocape_mag,11.7,-28.8,-20.85,10.0,0.0,0.0,0.0,10.0,0.0,0.0,0.0,10.0
1446040907279561980,3112,1446040907269326925,robocape_mag,15.0,-29.1,-22.35,10.0,0.0,0.0,0.0,10.0,0.0,0.0,0.0,10.0
1446040907317026355,3113,1446040907309254884,robocape_mag,15.0,-29.1,-22.35,10.0,0.0,0.0,0.0,10.0,0.0,0.0,0.0,10.0
1446040907351282064,3114,1446040907346431016,robocape_mag,15.0,-29.1,-22.35,10.0,0.0,0.0,0.0,10.0,0.0,0.0,0.0,10.0
1446040907380666314,3115,1446040907375520944,robocape_mag,15.0,-29.1,-22.35,10.0,0.0,0.0,0.0,10.0,0.0,0.0,0.0,10.0
1446040907419773522,3116,1446040907410754919,robocape_mag,15.0,-29.1,-22.35,10.0,0.0,0.0,0.0,10.0,0.0,0.0,0.0,10.0
1446040907455521897,3117,1446040907446588993,robocape_mag,9.3,-27.0,-16.05,10.0,0.0,0.0,0.0,10.0,0.0,0.0,0.0,10.0
1446040907487384189,3118,1446040907482556104,robocape_mag,9.3,-27.0,-16.05,10.0,0.0,0.0,0.0,10.0,0.0,0.0,0.0,10.0
1446040907523634439,3119,1446040907514731884,robocape_mag,9.3,-27.0,-16.05,10.0,0.0,0.0,0.0,10.0,0.0,0.0,0.0,10.0
1446040907557883606,3120,1446040907550328969,robocape_mag,9.3,-27.0,-16.05,10.0,0.0,0.0,0.0,10.0,0.0,0.0,0.0,10.0
1446040907590955647,3121,1446040907584995031,robocape_mag,11.1,-29.4,-13.65,10.0,0.0,0.0,0.0,10.0,0.0,0.0,0.0,10.0
1446040907631519231,3122,1446040907621855974,robocape_mag,11.1,-29.4,-13.65,10.0,0.0,0.0,0.0,10.0,0.0,0.0,0.0,10.0
1446040907661165689,3123,1446040907656102895,robocape_mag,11.1,-29.4,-13.65,10.0,0.0,0.0,0.0,10.0,0.0,0.0,0.0,10.0
1446040907699630106,3124,1446040907694859027,robocape_mag,11.1,-29.4,-13.65,10.0,0.0,0.0,0.0,10.0,0.0,0.0,0.0,10.0
1446040907729292981,3125,1446040907724220991,robocape_mag,11.1,-29.4,-13.65,10.0,0.0,0.0,0.0,10.0,0.0,0.0,0.0,10.0
1446040907760673481,3126,1446040907755902051,robocape_mag,17.7,-32.4,-16.05,10.0,0.0,0.0,0.0,10.0,0.0,0.0,0.0,10.0
1446040907797586522,3127,1446040907792551040,robocape_mag,17.7,-32.4,-16.05,10.0,0.0,0.0,0.0,10.0,0.0,0.0,0.0,10.0
1446040907832894689,3128,1446040907828114032,robocape_mag,17.7,-32.4,-16.05,10.0,0.0,0.0,0.0,10.0,0.0,0.0,0.0,10.0
1446040907868351606,3129,1446040907863106966,robocape_mag,17.7,-32.4,-16.05,10.0,0.0,0.0,0.0,10.0,0.0,0.0,0.0,10.0
1446040907905251897,3130,1446040907897881984,robocape_mag,17.7,-32.4,-15.15,10.0,0.0,0.0,0.0,10.0,0.0,0.0,0.0,10.0
1446040907942154147,3131,1446040907933176994,robocape_mag,9.0,-36.3,-15.15,10.0,0.0,0.0,0.0,10.0,0.0,0.0,0.0,10.0
1446040907970193231,3132,1446040907964097976,robocape_mag,9.0,-36.3,-15.15,10.0,0.0,0.0,0.0,10.0,0.0,0.0,0.0,10.0
1446040908004819939,3133,1446040907999346971,robocape_mag,9.0,-36.3,-15.15,10.0,0.0,0.0,0.0,10.0,0.0,0.0,0.0,10.0
1446040908049042397,3134,1446040908044167995,robocape_mag,9.0,-36.3,-15.15,10.0,0.0,0.0,0.0,10.0,0.0,0.0,0.0,10.0
1446040908078954356,3135,1446040908074177980,robocape_mag,11.7,-33.0,-16.05,10.0,0.0,0.0,0.0,10.0,0.0,0.0,0.0,10.0
1446040908113715147,3136,1446040908108896970,robocape_mag,11.7,-33.0,-16.05,10.0,0.0,0.0,0.0,10.0,0.0,0.0,0.0,10.0
1446040908149338773,3137,1446040908144272089,robocape_mag,11.7,-33.0,-16.05,10.0,0.0,0.0,0.0,10.0,0.0,0.0,0.0,10.0
1446040908188421273,3138,1446040908183593988,robocape_mag,11.7,-33.0,-16.05,10.0,0.0,0.0,0.0,10.0,0.0,0.0,0.0,10.0
1446040908225389523,3139,1446040908220330953,robocape_mag,12.3,-34.2,-16.05,10.0,0.0,0.0,0.0,10.0,0.0,0.0,0.0,10.0
1446040908260964981,3140,1446040908256041049,robocape_mag,12.3,-34.2,-16.05,10.0,0.0,0.0,0.0,10.0,0.0,0.0,0.0,10.0
1446040908307855398,3141,1446040908302541971,robocape_mag,12.3,-34.2,-16.05,10.0,0.0,0.0,0.0,10.0,0.0,0.0,0.0,10.0
1446040908348829398,3142,1446040908343899965,robocape_mag,12.3,-34.2,-16.05,10.0,0.0,0.0,0.0,10.0,0.0,0.0,0.0,10.0
1446040908381279314,3143,1446040908374541044,robocape_mag,12.3,-34.2,-16.05,10.0,0.0,0.0,0.0,10.0,0.0,0.0,0.0,10.0
1446040908416598939,3144,1446040908411545038,robocape_mag,4.2,-34.5,-18.15,10.0,0.0,0.0,0.0,10.0,0.0,0.0,0.0,10.0
1446040908456675648,3145,1446040908451704978,robocape_mag,4.2,-34.5,-18.15,10.0,0.0,0.0,0.0,10.0,0.0,0.0,0.0,10.0
1446040908491297231,3146,1446040908486109018,robocape_mag,4.2,-34.5,-18.15,10.0,0.0,0.0,0.0,10.0,0.0,0.0,0.0,10.0
1446040908534028439,3147,1446040908523364067,robocape_mag,4.2,-34.5,-18.15,10.0,0.0,0.0,0.0,10.0,0.0,0.0,0.0,10.0
1446040908566843689,3148,1446040908562068939,robocape_mag,6.9,-33.0,-23.85,10.0,0.0,0.0,0.0,10.0,0.0,0.0,0.0,10.0
1446040908602024523,3149,1446040908597215890,robocape_mag,6.9,-33.0,-23.85,10.0,0.0,0.0,0.0,10.0,0.0,0.0,0.0,10.0
1446040908641203439,3150,1446040908632406949,robocape_mag,6.9,-33.0,-23.85,10.0,0.0,0.0,0.0,10.0,0.0,0.0,0.0,10.0
1446040908673546106,3151,1446040908668313026,robocape_mag,6.9,-33.0,-23.85,10.0,0.0,0.0,0.0,10.0,0.0,0.0,0.0,10.0
1446040908712373814,3152,1446040908707320928,robocape_mag,3.6,-33.3,-21.75,10.0,0.0,0.0,0.0,10.0,0.0,0.0,0.0,10.0
1446040908750105481,3153,1446040908744204998,robocape_mag,3.6,-33.3,-21.75,10.0,0.0,0.0,0.0,10.0,0.0,0.0,0.0,10.0
1446040908785534773,3154,1446040908780463933,robocape_mag,3.6,-33.3,-21.75,10.0,0.0,0.0,0.0,10.0,0.0,0.0,0.0,10.0
1446040908828791981,3155,1446040908819503068,robocape_mag,3.6,-33.3,-21.75,10.0,0.0,0.0,0.0,10.0,0.0,0.0,0.0,10.0
1446040908862635481,3156,1446040908854569911,robocape_mag,3.6,-33.3,-21.75,10.0,0.0,0.0,0.0,10.0,0.0,0.0,0.0,10.0
1446040908899122940,3157,1446040908889168977,robocape_mag,6.0,-30.9,-24.15,10.0,0.0,0.0,0.0,10.0,0.0,0.0,0.0,10.0
1446040908931252606,3158,1446040908926335096,robocape_mag,6.0,-30.9,-24.15,10.0,0.0,0.0,0.0,10.0,0.0,0.0,0.0,10.0
1446040908966368231,3159,1446040908961463928,robocape_mag,6.0,-30.9,-24.15,10.0,0.0,0.0,0.0,10.0,0.0,0.0,0.0,10.0
1446040908996265648,3160,1446040908991169929,robocape_mag,6.0,-30.9,-24.15,10.0,0.0,0.0,0.0,10.0,0.0,0.0,0.0,10.0
1446040909027685440,3161,1446040909022439956,robocape_mag,13.8,-30.3,-22.35,10.0,0.0,0.0,0.0,10.0,0.0,0.0,0.0,10.0
1446040909061719773,3162,1446040909056893110,robocape_mag,13.8,-30.3,-22.35,10.0,0.0,0.0,0.0,10.0,0.0,0.0,0.0,10.0
1446040909095290606,3163,1446040909090246915,robocape_mag,13.8,-30.3,-22.35,10.0,0.0,0.0,0.0,10.0,0.0,0.0,0.0,10.0
1446040909140948315,3164,1446040909129312992,robocape_mag,13.8,-30.3,-22.35,10.0,0.0,0.0,0.0,10.0,0.0,0.0,0.0,10.0
1446040909174812231,3165,1446040909164803981,robocape_mag,13.8,-30.3,-22.35,10.0,0.0,0.0,0.0,10.0,0.0,0.0,0.0,10.0
1446040909201905148,3166,1446040909195794105,robocape_mag,11.4,-30.3,-22.35,10.0,0.0,0.0,0.0,10.0,0.0,0.0,0.0,10.0
1446040909239235773,3167,1446040909234472036,robocape_mag,11.4,-30.3,-22.35,10.0,0.0,0.0,0.0,10.0,0.0,0.0,0.0,10.0
1446040909278168440,3168,1446040909273032903,robocape_mag,11.4,-30.3,-22.35,10.0,0.0,0.0,0.0,10.0,0.0,0.0,0.0,10.0
1446040909320431440,3169,1446040909315309047,robocape_mag,11.4,-30.3,-22.35,10.0,0.0,0.0,0.0,10.0,0.0,0.0,0.0,10.0
1446040909361875356,3170,1446040909351840019,robocape_mag,20.1,-28.8,-22.05,10.0,0.0,0.0,0.0,10.0,0.0,0.0,0.0,10.0
1446040909393074815,3171,1446040909388145923,robocape_mag,20.1,-28.8,-22.05,10.0,0.0,0.0,0.0,10.0,0.0,0.0,0.0,10.0
1446040909429408523,3172,1446040909424210071,robocape_mag,20.1,-28.8,-22.05,10.0,0.0,0.0,0.0,10.0,0.0,0.0,0.0,10.0
1446040909463327106,3173,1446040909458566904,robocape_mag,20.1,-28.8,-22.05,10.0,0.0,0.0,0.0,10.0,0.0,0.0,0.0,10.0
1446040909500178981,3174,1446040909492887973,robocape_mag,20.1,-28.8,-22.05,10.0,0.0,0.0,0.0,10.0,0.0,0.0,0.0,10.0
1446040909535883357,3175,1446040909531095027,robocape_mag,14.4,-30.9,-19.95,10.0,0.0,0.0,0.0,10.0,0.0,0.0,0.0,10.0
1446040909573210273,3176,1446040909566351890,robocape_mag,14.4,-30.9,-19.95,10.0,0.0,0.0,0.0,10.0,0.0,0.0,0.0,10.0
1446040909608443607,3177,1446040909603143930,robocape_mag,14.4,-30.9,-19.95,10.0,0.0,0.0,0.0,10.0,0.0,0.0,0.0,10.0
1446040909646467357,3178,1446040909640707969,robocape_mag,14.4,-30.9,-19.95,10.0,0.0,0.0,0.0,10.0,0.0,0.0,0.0,10.0
1446040909683550690,3179,1446040909678558111,robocape_mag,22.8,-35.1,-20.55,10.0,0.0,0.0,0.0,10.0,0.0,0.0,0.0,10.0
1446040909719153398,3180,1446040909714205980,robocape_mag,22.8,-35.1,-20.55,10.0,0.0,0.0,0.0,10.0,0.0,0.0,0.0,10.0
1446040909755330107,3181,1446040909750266075,robocape_mag,22.8,-35.1,-20.55,10.0,0.0,0.0,0.0,10.0,0.0,0.0,0.0,10.0
1446040909790619732,3182,1446040909785584926,robocape_mag,22.8,-35.1,-20.55,10.0,0.0,0.0,0.0,10.0,0.0,0.0,0.0,10.0
1446040909826259982,3183,1446040909820508003,robocape_mag,18.0,-33.9,-15.75,10.0,0.0,0.0,0.0,10.0,0.0,0.0,0.0,10.0
1446040909863823940,3184,1446040909858957052,robocape_mag,18.0,-33.9,-15.75,10.0,0.0,0.0,0.0,10.0,0.0,0.0,0.0,10.0
1446040909906103982,3185,1446040909897469997,robocape_mag,18.0,-33.9,-15.75,10.0,0.0,0.0,0.0,10.0,0.0,0.0,0.0,10.0
1446040909940181815,3186,1446040909935137033,robocape_mag,18.0,-33.9,-15.75,10.0,0.0,0.0,0.0,10.0,0.0,0.0,0.0,10.0
1446040909975170565,3187,1446040909969116926,robocape_mag,18.0,-33.9,-15.75,10.0,0.0,0.0,0.0,10.0,0.0,0.0,0.0,10.0
1446040910012338398,3188,1446040910005745887,robocape_mag,15.3,-36.6,-16.65,10.0,0.0,0.0,0.0,10.0,0.0,0.0,0.0,10.0
1446040910049634648,3189,1446040910044657945,robocape_mag,15.3,-36.6,-16.65,10.0,0.0,0.0,0.0,10.0,0.0,0.0,0.0,10.0
1446040910087569732,3190,1446040910079525947,robocape_mag,15.3,-36.6,-16.65,10.0,0.0,0.0,0.0,10.0,0.0,0.0,0.0,10.0
1446040910124549940,3191,1446040910117660999,robocape_mag,15.3,-36.6,-16.65,10.0,0.0,0.0,0.0,10.0,0.0,0.0,0.0,10.0
1446040910159997523,3192,1446040910154839038,robocape_mag,16.2,-36.3,-21.75,10.0,0.0,0.0,0.0,10.0,0.0,0.0,0.0,10.0
1446040910195839732,3193,1446040910191067934,robocape_mag,16.2,-36.3,-21.75,10.0,0.0,0.0,0.0,10.0,0.0,0.0,0.0,10.0
1446040910232439732,3194,1446040910225788116,robocape_mag,16.2,-36.3,-21.75,10.0,0.0,0.0,0.0,10.0,0.0,0.0,0.0,10.0
1446040910276538107,3195,1446040910262002944,robocape_mag,16.2,-36.3,-21.75,10.0,0.0,0.0,0.0,10.0,0.0,0.0,0.0,10.0
1446040910319162190,3196,1446040910311749935,robocape_mag,11.4,-37.5,-21.75,10.0,0.0,0.0,0.0,10.0,0.0,0.0,0.0,10.0
1446040910354633899,3197,1446040910349422931,robocape_mag,11.4,-37.5,-21.75,10.0,0.0,0.0,0.0,10.0,0.0,0.0,0.0,10.0
1446040910393159982,3198,1446040910384054899,robocape_mag,11.4,-37.5,-21.75,10.0,0.0,0.0,0.0,10.0,0.0,0.0,0.0,10.0
1446040910425435149,3199,1446040910420228958,robocape_mag,11.4,-37.5,-21.75,10.0,0.0,0.0,0.0,10.0,0.0,0.0,0.0,10.0
1446040910460503690,3200,1446040910455687046,robocape_mag,11.4,-37.5,-21.75,10.0,0.0,0.0,0.0,10.0,0.0,0.0,0.0,10.0
1446040910496412024,3201,1446040910491435050,robocape_mag,8.4,-35.7,-24.15,10.0,0.0,0.0,0.0,10.0,0.0,0.0,0.0,10.0
1446040910532383357,3202,1446040910526371002,robocape_mag,8.4,-35.7,-24.15,10.0,0.0,0.0,0.0,10.0,0.0,0.0,0.0,10.0
1446040910566211024,3203,1446040910561203956,robocape_mag,8.4,-35.7,-24.15,10.0,0.0,0.0,0.0,10.0,0.0,0.0,0.0,10.0
1446040910604054649,3204,1446040910598912954,robocape_mag,8.4,-35.7,-24.15,10.0,0.0,0.0,0.0,10.0,0.0,0.0,0.0,10.0
1446040910639762357,3205,1446040910634694099,robocape_mag,7.8,-30.9,-25.35,10.0,0.0,0.0,0.0,10.0,0.0,0.0,0.0,10.0
1446040910678539565,3206,1446040910671127080,robocape_mag,7.8,-30.9,-25.35,10.0,0.0,0.0,0.0,10.0,0.0,0.0,0.0,10.0
1446040910716603315,3207,1446040910711029052,robocape_mag,7.8,-30.9,-25.35,10.0,0.0,0.0,0.0,10.0,0.0,0.0,0.0,10.0
1446040910752503357,3208,1446040910747668027,robocape_mag,7.8,-30.9,-25.35,10.0,0.0,0.0,0.0,10.0,0.0,0.0,0.0,10.0
1446040910783954482,3209,1446040910778811931,robocape_mag,7.8,-29.4,-21.45,10.0,0.0,0.0,0.0,10.0,0.0,0.0,0.0,10.0
1446040910827338190,3210,1446040910819132089,robocape_mag,9.9,-29.4,-21.45,10.0,0.0,0.0,0.0,10.0,0.0,0.0,0.0,10.0
1446040910862794774,3211,1446040910857597112,robocape_mag,9.9,-29.4,-21.45,10.0,0.0,0.0,0.0,10.0,0.0,0.0,0.0,10.0
1446040910899458024,3212,1446040910891388893,robocape_mag,9.9,-29.4,-21.45,10.0,0.0,0.0,0.0,10.0,0.0,0.0,0.0,10.0
1446040910933168316,3213,1446040910928293943,robocape_mag,9.9,-29.4,-21.45,10.0,0.0,0.0,0.0,10.0,0.0,0.0,0.0,10.0
1446040910968571774,3214,1446040910963608980,robocape_mag,12.6,-29.1,-21.75,10.0,0.0,0.0,0.0,10.0,0.0,0.0,0.0,10.0
1446040911004152149,3215,1446040910998389005,robocape_mag,12.6,-29.1,-21.75,10.0,0.0,0.0,0.0,10.0,0.0,0.0,0.0,10.0
1446040911041417524,3216,1446040911034373044,robocape_mag,12.6,-29.1,-21.75,10.0,0.0,0.0,0.0,10.0,0.0,0.0,0.0,10.0
1446040911075054816,3217,1446040911069308042,robocape_mag,12.6,-29.1,-21.75,10.0,0.0,0.0,0.0,10.0,0.0,0.0,0.0,10.0
1446040911112485441,3218,1446040911107646942,robocape_mag,14.4,-33.3,-23.55,10.0,0.0,0.0,0.0,10.0,0.0,0.0,0.0,10.0
1446040911146470024,3219,1446040911141594886,robocape_mag,14.4,-33.3,-23.55,10.0,0.0,0.0,0.0,10.0,0.0,0.0,0.0,10.0
1446040911183144774,3220,1446040911177225112,robocape_mag,14.4,-33.3,-23.55,10.0,0.0,0.0,0.0,10.0,0.0,0.0,0.0,10.0
1446040911217719857,3221,1446040911212377071,robocape_mag,14.4,-33.3,-23.55,10.0,0.0,0.0,0.0,10.0,0.0,0.0,0.0,10.0
1446040911253273066,3222,1446040911248382091,robocape_mag,14.4,-33.3,-23.55,10.0,0.0,0.0,0.0,10.0,0.0,0.0,0.0,10.0
1446040911302414607,3223,1446040911294068098,robocape_mag,15.3,-33.6,-23.85,10.0,0.0,0.0,0.0,10.0,0.0,0.0,0.0,10.0
1446040911338815566,3224,1446040911333197116,robocape_mag,15.3,-33.6,-23.85,10.0,0.0,0.0,0.0,10.0,0.0,0.0,0.0,10.0
1446040911375011399,3225,1446040911369913101,robocape_mag,15.3,-33.6,-23.85,10.0,0.0,0.0,0.0,10.0,0.0,0.0,0.0,10.0
1446040911411990107,3226,1446040911404982089,robocape_mag,15.3,-33.6,-23.85,10.0,0.0,0.0,0.0,10.0,0.0,0.0,0.0,10.0
1446040911445839274,3227,1446040911441035985,robocape_mag,14.1,-36.6,-22.05,10.0,0.0,0.0,0.0,10.0,0.0,0.0,0.0,10.0
1446040911481096607,3228,1446040911476175069,robocape_mag,14.1,-36.6,-22.05,10.0,0.0,0.0,0.0,10.0,0.0,0.0,0.0,10.0
1446040911518742732,3229,1446040911511435031,robocape_mag,14.1,-36.6,-22.05,10.0,0.0,0.0,0.0,10.0,0.0,0.0,0.0,10.0
1446040911552009691,3230,1446040911547019958,robocape_mag,14.1,-36.6,-22.05,10.0,0.0,0.0,0.0,10.0,0.0,0.0,0.0,10.0
1446040911587028441,3231,1446040911581558942,robocape_mag,11.7,-38.4,-24.45,10.0,0.0,0.0,0.0,10.0,0.0,0.0,0.0,10.0
1446040911628478858,3232,1446040911622319936,robocape_mag,11.7,-38.4,-24.45,10.0,0.0,0.0,0.0,10.0,0.0,0.0,0.0,10.0
1446040911668906483,3233,1446040911658767938,robocape_mag,11.7,-38.4,-24.45,10.0,0.0,0.0,0.0,10.0,0.0,0.0,0.0,10.0
1446040911708894149,3234,1446040911697293996,robocape_mag,11.7,-38.4,-24.45,10.0,0.0,0.0,0.0,10.0,0.0,0.0,0.0,10.0
1446040911743468191,3235,1446040911736315011,robocape_mag,11.7,-38.4,-24.45,10.0,0.0,0.0,0.0,10.0,0.0,0.0,0.0,10.0
1446040911777212233,3236,1446040911772182941,robocape_mag,19.8,-35.1,-27.15,10.0,0.0,0.0,0.0,10.0,0.0,0.0,0.0,10.0
1446040911811506733,3237,1446040911806607007,robocape_mag,19.8,-35.1,-27.15,10.0,0.0,0.0,0.0,10.0,0.0,0.0,0.0,10.0
1446040911849530524,3238,1446040911840974092,robocape_mag,19.8,-35.1,-27.15,10.0,0.0,0.0,0.0,10.0,0.0,0.0,0.0,10.0
1446040911884024733,3239,1446040911878772974,robocape_mag,19.8,-35.1,-27.15,10.0,0.0,0.0,0.0,10.0,0.0,0.0,0.0,10.0
1446040911921107608,3240,1446040911915839910,robocape_mag,14.1,-38.4,-28.05,10.0,0.0,0.0,0.0,10.0,0.0,0.0,0.0,10.0
1446040911956596816,3241,1446040911951472043,robocape_mag,14.1,-38.4,-28.05,10.0,0.0,0.0,0.0,10.0,0.0,0.0,0.0,10.0
1446040911991789108,3242,1446040911986876964,robocape_mag,14.1,-38.4,-28.05,10.0,0.0,0.0,0.0,10.0,0.0,0.0,0.0,10.0
1446040912028598149,3243,1446040912021557092,robocape_mag,14.1,-38.4,-28.05,10.0,0.0,0.0,0.0,10.0,0.0,0.0,0.0,10.0
1446040912066837483,3244,1446040912061978101,robocape_mag,18.9,-36.6,-30.45,10.0,0.0,0.0,0.0,10.0,0.0,0.0,0.0,10.0
1446040912100666608,3245,1446040912095799922,robocape_mag,18.9,-36.6,-30.45,10.0,0.0,0.0,0.0,10.0,0.0,0.0,0.0,10.0
1446040912135760774,3246,1446040912130908966,robocape_mag,18.9,-36.6,-30.45,10.0,0.0,0.0,0.0,10.0,0.0,0.0,0.0,10.0
1446040912174529774,3247,1446040912166054964,robocape_mag,18.9,-36.6,-30.45,10.0,0.0,0.0,0.0,10.0,0.0,0.0,0.0,10.0
1446040912207104816,3248,1446040912202070951,robocape_mag,18.9,-36.6,-30.45,10.0,0.0,0.0,0.0,10.0,0.0,0.0,0.0,10.0
1446040912242133108,3249,1446040912236265897,robocape_mag,20.4,-35.7,-30.75,10.0,0.0,0.0,0.0,10.0,0.0,0.0,0.0,10.0
1446040912284484608,3250,1446040912279417991,robocape_mag,20.4,-35.7,-30.75,10.0,0.0,0.0,0.0,10.0,0.0,0.0,0.0,10.0
1446040912320621275,3251,1446040912315061092,robocape_mag,20.4,-35.7,-30.75,10.0,0.0,0.0,0.0,10.0,0.0,0.0,0.0,10.0
1446040912362055150,3252,1446040912353507995,robocape_mag,20.4,-35.7,-30.75,10.0,0.0,0.0,0.0,10.0,0.0,0.0,0.0,10.0
1446040912394017316,3253,1446040912389084100,robocape_mag,25.8,-30.9,-28.95,10.0,0.0,0.0,0.0,10.0,0.0,0.0,0.0,10.0
1446040912427900983,3254,1446040912422946929,robocape_mag,25.8,-30.9,-28.95,10.0,0.0,0.0,0.0,10.0,0.0,0.0,0.0,10.0
1446040912461839358,3255,1446040912456904888,robocape_mag,25.8,-30.9,-28.95,10.0,0.0,0.0,0.0,10.0,0.0,0.0,0.0,10.0
1446040912497006983,3256,1446040912491050958,robocape_mag,25.8,-30.9,-28.95,10.0,0.0,0.0,0.0,10.0,0.0,0.0,0.0,10.0
1446040912532310900,3257,1446040912526468038,robocape_mag,25.8,-30.9,-28.95,10.0,0.0,0.0,0.0,10.0,0.0,0.0,0.0,10.0
1446040912566113608,3258,1446040912561239957,robocape_mag,34.8,-27.9,-29.55,10.0,0.0,0.0,0.0,10.0,0.0,0.0,0.0,10.0
1446040912600514691,3259,1446040912595477104,robocape_mag,34.8,-27.9,-29.55,10.0,0.0,0.0,0.0,10.0,0.0,0.0,0.0,10.0
1446040912635294983,3260,1446040912629900932,robocape_mag,34.8,-27.9,-29.55,10.0,0.0,0.0,0.0,10.0,0.0,0.0,0.0,10.0
1446040912674561733,3261,1446040912667246103,robocape_mag,34.8,-27.9,-29.55,10.0,0.0,0.0,0.0,10.0,0.0,0.0,0.0,10.0
1446040912715788191,3262,1446040912707689046,robocape_mag,35.1,-27.0,-28.05,10.0,0.0,0.0,0.0,10.0,0.0,0.0,0.0,10.0
1446040912751938025,3263,1446040912745594978,robocape_mag,35.1,-27.0,-28.05,10.0,0.0,0.0,0.0,10.0,0.0,0.0,0.0,10.0
1446040912781865191,3264,1446040912776823997,robocape_mag,35.1,-27.0,-28.05,10.0,0.0,0.0,0.0,10.0,0.0,0.0,0.0,10.0
1446040912817017150,3265,1446040912811505079,robocape_mag,35.1,-27.0,-28.05,10.0,0.0,0.0,0.0,10.0,0.0,0.0,0.0,10.0
1446040912854273400,3266,1446040912849144935,robocape_mag,35.1,-27.0,-28.05,10.0,0.0,0.0,0.0,10.0,0.0,0.0,0.0,10.0
1446040912893233358,3267,1446040912888127088,robocape_mag,47.4,-21.9,-31.95,10.0,0.0,0.0,0.0,10.0,0.0,0.0,0.0,10.0
1446040912927975983,3268,1446040912923051118,robocape_mag,47.4,-21.9,-31.95,10.0,0.0,0.0,0.0,10.0,0.0,0.0,0.0,10.0
1446040912965217025,3269,1446040912959840059,robocape_mag,47.4,-21.9,-31.95,10.0,0.0,0.0,0.0,10.0,0.0,0.0,0.0,10.0
1446040913002394900,3270,1446040912994612932,robocape_mag,47.4,-21.9,-31.95,10.0,0.0,0.0,0.0,10.0,0.0,0.0,0.0,10.0
1446040913037169942,3271,1446040913031966924,robocape_mag,51.3,-13.8,-30.45,10.0,0.0,0.0,0.0,10.0,0.0,0.0,0.0,10.0
1446040913071826608,3272,1446040913066673040,robocape_mag,51.3,-13.8,-30.45,10.0,0.0,0.0,0.0,10.0,0.0,0.0,0.0,10.0
1446040913105641400,3273,1446040913100780010,robocape_mag,51.3,-13.8,-30.45,10.0,0.0,0.0,0.0,10.0,0.0,0.0,0.0,10.0
1446040913140399108,3274,1446040913135462999,robocape_mag,51.3,-13.8,-30.45,10.0,0.0,0.0,0.0,10.0,0.0,0.0,0.0,10.0
1446040913178594608,3275,1446040913170842885,robocape_mag,51.3,-13.8,-30.45,10.0,0.0,0.0,0.0,10.0,0.0,0.0,0.0,10.0
1446040913211768817,3276,1446040913206336021,robocape_mag,48.9,-5.4,-24.45,10.0,0.0,0.0,0.0,10.0,0.0,0.0,0.0,10.0
1446040913248029233,3277,1446040913243113040,robocape_mag,48.9,-5.4,-24.45,10.0,0.0,0.0,0.0,10.0,0.0,0.0,0.0,10.0
1446040913296989442,3278,1446040913289622068,robocape_mag,48.9,-5.4,-24.45,10.0,0.0,0.0,0.0,10.0,0.0,0.0,0.0,10.0
1446040913331582275,3279,1446040913326651096,robocape_mag,48.9,-5.4,-24.45,10.0,0.0,0.0,0.0,10.0,0.0,0.0,0.0,10.0
1446040913365918358,3280,1446040913361069917,robocape_mag,42.0,-4.5,-21.15,10.0,0.0,0.0,0.0,10.0,0.0,0.0,0.0,10.0
1446040913400707025,3281,1446040913395600080,robocape_mag,42.0,-4.5,-21.15,10.0,0.0,0.0,0.0,10.0,0.0,0.0,0.0,10.0
1446040913435241858,3282,1446040913430341005,robocape_mag,42.0,-4.5,-21.15,10.0,0.0,0.0,0.0,10.0,0.0,0.0,0.0,10.0
1446040913470803317,3283,1446040913465662956,robocape_mag,42.0,-4.5,-21.15,10.0,0.0,0.0,0.0,10.0,0.0,0.0,0.0,10.0
1446040913504807650,3284,1446040913499994993,robocape_mag,35.1,-7.2,-14.25,10.0,0.0,0.0,0.0,10.0,0.0,0.0,0.0,10.0
1446040913541440567,3285,1446040913534271955,robocape_mag,35.1,-7.2,-14.25,10.0,0.0,0.0,0.0,10.0,0.0,0.0,0.0,10.0
1446040913578669858,3286,1446040913573682069,robocape_mag,35.1,-7.2,-14.25,10.0,0.0,0.0,0.0,10.0,0.0,0.0,0.0,10.0
1446040913616803192,3287,1446040913611673116,robocape_mag,35.1,-7.2,-14.25,10.0,0.0,0.0,0.0,10.0,0.0,0.0,0.0,10.0
1446040913655175900,3288,1446040913649559020,robocape_mag,35.1,-7.2,-14.25,10.0,0.0,0.0,0.0,10.0,0.0,0.0,0.0,10.0
1446040913694087442,3289,1446040913684755086,robocape_mag,27.3,-15.6,-9.45,10.0,0.0,0.0,0.0,10.0,0.0,0.0,0.0,10.0
1446040913726301525,3290,1446040913720952987,robocape_mag,27.3,-15.6,-9.45,10.0,0.0,0.0,0.0,10.0,0.0,0.0,0.0,10.0
1446040913760778317,3291,1446040913755537033,robocape_mag,27.3,-15.6,-9.45,10.0,0.0,0.0,0.0,10.0,0.0,0.0,0.0,10.0
1446040913797012442,3292,1446040913790793895,robocape_mag,27.3,-15.6,-9.45,10.0,0.0,0.0,0.0,10.0,0.0,0.0,0.0,10.0
1446040913831119567,3293,1446040913825773000,robocape_mag,25.8,-13.5,-6.15,10.0,0.0,0.0,0.0,10.0,0.0,0.0,0.0,10.0
1446040913867268234,3294,1446040913862310886,robocape_mag,25.8,-13.5,-6.15,10.0,0.0,0.0,0.0,10.0,0.0,0.0,0.0,10.0
1446040913903898567,3295,1446040913898653030,robocape_mag,25.8,-13.5,-6.15,10.0,0.0,0.0,0.0,10.0,0.0,0.0,0.0,10.0
1446040913940426192,3296,1446040913935297966,robocape_mag,25.8,-13.5,-6.15,10.0,0.0,0.0,0.0,10.0,0.0,0.0,0.0,10.0
1446040913976528734,3297,1446040913969158887,robocape_mag,25.8,-13.5,-6.15,10.0,0.0,0.0,0.0,10.0,0.0,0.0,0.0,10.0
1446040914014361650,3298,1446040914009407043,robocape_mag,11.4,-3.3,14.85,10.0,0.0,0.0,0.0,10.0,0.0,0.0,0.0,10.0
1446040914051574525,3299,1446040914045829057,robocape_mag,11.4,-3.3,14.85,10.0,0.0,0.0,0.0,10.0,0.0,0.0,0.0,10.0
1446040914086060900,3300,1446040914080862045,robocape_mag,11.4,-3.3,14.85,10.0,0.0,0.0,0.0,10.0,0.0,0.0,0.0,10.0
1446040914120829442,3301,1446040914115932941,robocape_mag,11.4,-3.3,14.85,10.0,0.0,0.0,0.0,10.0,0.0,0.0,0.0,10.0
1446040914155769067,3302,1446040914150676012,robocape_mag,9.6,-4.5,12.45,10.0,0.0,0.0,0.0,10.0,0.0,0.0,0.0,10.0
1446040914195773817,3303,1446040914186301946,robocape_mag,9.6,-4.5,12.45,10.0,0.0,0.0,0.0,10.0,0.0,0.0,0.0,10.0
1446040914226137317,3304,1446040914221283912,robocape_mag,9.6,-4.5,12.45,10.0,0.0,0.0,0.0,10.0,0.0,0.0,0.0,10.0
1446040914262388192,3305,1446040914255805969,robocape_mag,9.6,-4.5,12.45,10.0,0.0,0.0,0.0,10.0,0.0,0.0,0.0,10.0
1446040914307139484,3306,1446040914300563097,robocape_mag,9.6,-4.5,13.65,10.0,0.0,0.0,0.0,10.0,0.0,0.0,0.0,10.0
1446040914345243442,3307,1446040914337229013,robocape_mag,10.2,-4.5,13.65,10.0,0.0,0.0,0.0,10.0,0.0,0.0,0.0,10.0
1446040914378643275,3308,1446040914373128890,robocape_mag,10.2,-4.5,13.65,10.0,0.0,0.0,0.0,10.0,0.0,0.0,0.0,10.0
1446040914412107401,3309,1446040914406936883,robocape_mag,10.2,-4.5,13.65,10.0,0.0,0.0,0.0,10.0,0.0,0.0,0.0,10.0
1446040914451900317,3310,1446040914441693067,robocape_mag,10.2,-4.5,13.65,10.0,0.0,0.0,0.0,10.0,0.0,0.0,0.0,10.0
1446040914486431484,3311,1446040914476844072,robocape_mag,12.6,-5.1,15.45,10.0,0.0,0.0,0.0,10.0,0.0,0.0,0.0,10.0
1446040914516188526,3312,1446040914511197090,robocape_mag,12.6,-5.1,15.45,10.0,0.0,0.0,0.0,10.0,0.0,0.0,0.0,10.0
1446040914550123651,3313,1446040914545259952,robocape_mag,12.6,-5.1,15.45,10.0,0.0,0.0,0.0,10.0,0.0,0.0,0.0,10.0
1446040914584515276,3314,1446040914579404115,robocape_mag,12.6,-5.1,15.45,10.0,0.0,0.0,0.0,10.0,0.0,0.0,0.0,10.0
1446040914619424151,3315,1446040914614128112,robocape_mag,12.6,-5.1,15.45,10.0,0.0,0.0,0.0,10.0,0.0,0.0,0.0,10.0
1446040914654530067,3316,1446040914649661064,robocape_mag,10.5,-5.4,16.35,10.0,0.0,0.0,0.0,10.0,0.0,0.0,0.0,10.0
1446040914692296526,3317,1446040914685060024,robocape_mag,10.5,-5.4,16.35,10.0,0.0,0.0,0.0,10.0,0.0,0.0,0.0,10.0
1446040914726900276,3318,1446040914721980094,robocape_mag,10.5,-5.4,16.35,10.0,0.0,0.0,0.0,10.0,0.0,0.0,0.0,10.0
1446040914766793609,3319,1446040914759454011,robocape_mag,10.5,-5.4,16.35,10.0,0.0,0.0,0.0,10.0,0.0,0.0,0.0,10.0
1446040914801232317,3320,1446040914796120882,robocape_mag,11.1,-6.0,16.95,10.0,0.0,0.0,0.0,10.0,0.0,0.0,0.0,10.0
1446040914842250234,3321,1446040914831496000,robocape_mag,11.1,-6.0,16.95,10.0,0.0,0.0,0.0,10.0,0.0,0.0,0.0,10.0
1446040914874771609,3322,1446040914869815111,robocape_mag,11.1,-6.0,16.95,10.0,0.0,0.0,0.0,10.0,0.0,0.0,0.0,10.0
1446040914908859192,3323,1446040914904047012,robocape_mag,11.1,-6.0,16.95,10.0,0.0,0.0,0.0,10.0,0.0,0.0,0.0,10.0
1446040914943942317,3324,1446040914938790082,robocape_mag,11.1,-3.6,15.15,10.0,0.0,0.0,0.0,10.0,0.0,0.0,0.0,10.0
1446040914978002401,3325,1446040914972888946,robocape_mag,10.5,-3.6,15.15,10.0,0.0,0.0,0.0,10.0,0.0,0.0,0.0,10.0
1446040915013363192,3326,1446040915008459091,robocape_mag,10.5,-3.6,15.15,10.0,0.0,0.0,0.0,10.0,0.0,0.0,0.0,10.0
1446040915049007651,3327,1446040915044107913,robocape_mag,10.5,-3.6,15.15,10.0,0.0,0.0,0.0,10.0,0.0,0.0,0.0,10.0
1446040915083673484,3328,1446040915078315019,robocape_mag,10.5,-3.6,15.15,10.0,0.0,0.0,0.0,10.0,0.0,0.0,0.0,10.0
1446040915123336443,3329,1446040915116339921,robocape_mag,5.4,-3.9,13.65,10.0,0.0,0.0,0.0,10.0,0.0,0.0,0.0,10.0
1446040915158653901,3330,1446040915153865098,robocape_mag,5.4,-3.9,13.65,10.0,0.0,0.0,0.0,10.0,0.0,0.0,0.0,10.0
1446040915201359609,3331,1446040915194278001,robocape_mag,5.4,-3.9,13.65,10.0,0.0,0.0,0.0,10.0,0.0,0.0,0.0,10.0
1446040915238952276,3332,1446040915231368064,robocape_mag,5.4,-3.9,13.65,10.0,0.0,0.0,0.0,10.0,0.0,0.0,0.0,10.0
1446040915279961901,3333,1446040915268515110,robocape_mag,6.3,-4.8,12.75,10.0,0.0,0.0,0.0,10.0,0.0,0.0,0.0,10.0
1446040915315127359,3334,1446040915309998989,robocape_mag,6.3,-4.8,12.75,10.0,0.0,0.0,0.0,10.0,0.0,0.0,0.0,10.0
1446040915350185859,3335,1446040915345174074,robocape_mag,6.3,-4.8,12.75,10.0,0.0,0.0,0.0,10.0,0.0,0.0,0.0,10.0
1446040915388613776,3336,1446040915383299112,robocape_mag,6.3,-4.8,12.75,10.0,0.0,0.0,0.0,10.0,0.0,0.0,0.0,10.0
1446040915425358609,3337,1446040915420428991,robocape_mag,3.9,-4.2,17.55,10.0,0.0,0.0,0.0,10.0,0.0,0.0,0.0,10.0
1446040915467405484,3338,1446040915457387924,robocape_mag,3.9,-4.2,17.55,10.0,0.0,0.0,0.0,10.0,0.0,0.0,0.0,10.0
1446040915500746151,3339,1446040915492067098,robocape_mag,3.9,-4.2,17.55,10.0,0.0,0.0,0.0,10.0,0.0,0.0,0.0,10.0
1446040915536084276,3340,1446040915526966094,robocape_mag,3.9,-4.2,17.55,10.0,0.0,0.0,0.0,10.0,0.0,0.0,0.0,10.0
1446040915567605526,3341,1446040915562792062,robocape_mag,3.9,-4.2,17.55,10.0,0.0,0.0,0.0,10.0,0.0,0.0,0.0,10.0
1446040915602823359,3342,1446040915597979068,robocape_mag,6.0,-2.7,13.05,10.0,0.0,0.0,0.0,10.0,0.0,0.0,0.0,10.0
1446040915637598234,3343,1446040915632642030,robocape_mag,6.0,-2.7,13.05,10.0,0.0,0.0,0.0,10.0,0.0,0.0,0.0,10.0
1446040915672688943,3344,1446040915667408943,robocape_mag,6.0,-2.7,13.05,10.0,0.0,0.0,0.0,10.0,0.0,0.0,0.0,10.0
1446040915708751943,3345,1446040915702898025,robocape_mag,6.0,-2.7,13.05,10.0,0.0,0.0,0.0,10.0,0.0,0.0,0.0,10.0
1446040915745992401,3346,1446040915740694046,robocape_mag,11.1,-3.0,10.95,10.0,0.0,0.0,0.0,10.0,0.0,0.0,0.0,10.0
1446040915783009193,3347,1446040915778121948,robocape_mag,11.1,-3.0,10.95,10.0,0.0,0.0,0.0,10.0,0.0,0.0,0.0,10.0
1446040915823031568,3348,1446040915814374923,robocape_mag,11.1,-3.0,10.95,10.0,0.0,0.0,0.0,10.0,0.0,0.0,0.0,10.0
1446040915857352610,3349,1446040915852173089,robocape_mag,11.1,-3.0,10.95,10.0,0.0,0.0,0.0,10.0,0.0,0.0,0.0,10.0
1446040915897221235,3350,1446040915887619972,robocape_mag,11.1,-3.0,10.95,10.0,0.0,0.0,0.0,10.0,0.0,0.0,0.0,10.0
1446040915929545610,3351,1446040915924629926,robocape_mag,7.8,-6.9,15.45,10.0,0.0,0.0,0.0,10.0,0.0,0.0,0.0,10.0
1446040915965082401,3352,1446040915960187911,robocape_mag,7.8,-6.9,15.45,10.0,0.0,0.0,0.0,10.0,0.0,0.0,0.0,10.0
1446040915999698360,3353,1446040915994623899,robocape_mag,7.8,-6.9,15.45,10.0,0.0,0.0,0.0,10.0,0.0,0.0,0.0,10.0
1446040916035593026,3354,1446040916030340909,robocape_mag,7.8,-6.9,15.45,10.0,0.0,0.0,0.0,10.0,0.0,0.0,0.0,10.0
1446040916073354485,3355,1446040916067778110,robocape_mag,7.8,-6.3,19.05,10.0,0.0,0.0,0.0,10.0,0.0,0.0,0.0,10.0
1446040916110155693,3356,1446040916104960918,robocape_mag,7.8,-6.3,19.05,10.0,0.0,0.0,0.0,10.0,0.0,0.0,0.0,10.0
1446040916146528068,3357,1446040916139657974,robocape_mag,7.8,-6.3,19.05,10.0,0.0,0.0,0.0,10.0,0.0,0.0,0.0,10.0
1446040916180460568,3358,1446040916175523042,robocape_mag,7.8,-6.3,19.05,10.0,0.0,0.0,0.0,10.0,0.0,0.0,0.0,10.0
1446040916216161735,3359,1446040916211122989,robocape_mag,7.8,-6.3,19.05,10.0,0.0,0.0,0.0,10.0,0.0,0.0,0.0,10.0
1446040916252793818,3360,1446040916247589111,robocape_mag,-0.6,-9.3,20.25,10.0,0.0,0.0,0.0,10.0,0.0,0.0,0.0,10.0
1446040916307474818,3361,1446040916297491073,robocape_mag,-0.6,-9.3,20.25,10.0,0.0,0.0,0.0,10.0,0.0,0.0,0.0,10.0
1446040916341937860,3362,1446040916333650112,robocape_mag,-0.6,-9.3,20.25,10.0,0.0,0.0,0.0,10.0,0.0,0.0,0.0,10.0
1446040916373031235,3363,1446040916367917060,robocape_mag,-0.6,-9.3,20.25,10.0,0.0,0.0,0.0,10.0,0.0,0.0,0.0,10.0
1446040916407567568,3364,1446040916402621984,robocape_mag,4.2,-7.5,19.65,10.0,0.0,0.0,0.0,10.0,0.0,0.0,0.0,10.0
1446040916442308943,3365,1446040916437284946,robocape_mag,4.2,-7.5,19.65,10.0,0.0,0.0,0.0,10.0,0.0,0.0,0.0,10.0
1446040916476848776,3366,1446040916471384048,robocape_mag,4.2,-7.5,19.65,10.0,0.0,0.0,0.0,10.0,0.0,0.0,0.0,10.0
1446040916509723527,3367,1446040916504679918,robocape_mag,4.2,-7.5,19.65,10.0,0.0,0.0,0.0,10.0,0.0,0.0,0.0,10.0
1446040916551589235,3368,1446040916542237043,robocape_mag,2.4,-9.9,19.05,10.0,0.0,0.0,0.0,10.0,0.0,0.0,0.0,10.0
1446040916584058610,3369,1446040916578794956,robocape_mag,2.4,-9.9,19.05,10.0,0.0,0.0,0.0,10.0,0.0,0.0,0.0,10.0
1446040916618210943,3370,1446040916613399028,robocape_mag,2.4,-9.9,19.05,10.0,0.0,0.0,0.0,10.0,0.0,0.0,0.0,10.0
1446040916653347652,3371,1446040916648514986,robocape_mag,2.4,-9.9,19.05,10.0,0.0,0.0,0.0,10.0,0.0,0.0,0.0,10.0
1446040916689039568,3372,1446040916682549953,robocape_mag,2.4,-9.9,19.05,10.0,0.0,0.0,0.0,10.0,0.0,0.0,0.0,10.0
1446040916727103193,3373,1446040916719147920,robocape_mag,-0.6,-8.7,20.85,10.0,0.0,0.0,0.0,10.0,0.0,0.0,0.0,10.0
1446040916762420027,3374,1446040916755692958,robocape_mag,-0.6,-8.7,20.85,10.0,0.0,0.0,0.0,10.0,0.0,0.0,0.0,10.0
1446040916799712443,3375,1446040916794611930,robocape_mag,-0.6,-8.7,20.85,10.0,0.0,0.0,0.0,10.0,0.0,0.0,0.0,10.0
1446040916836561777,3376,1446040916831195116,robocape_mag,-0.6,-8.7,20.85,10.0,0.0,0.0,0.0,10.0,0.0,0.0,0.0,10.0
1446040916871391193,3377,1446040916866355895,robocape_mag,6.3,-9.0,22.35,10.0,0.0,0.0,0.0,10.0,0.0,0.0,0.0,10.0
1446040916906695068,3378,1446040916901791095,robocape_mag,6.3,-9.0,22.35,10.0,0.0,0.0,0.0,10.0,0.0,0.0,0.0,10.0
1446040916944330027,3379,1446040916937165975,robocape_mag,6.3,-9.0,22.35,10.0,0.0,0.0,0.0,10.0,0.0,0.0,0.0,10.0
1446040916982558527,3380,1446040916976995944,robocape_mag,6.3,-9.0,22.35,10.0,0.0,0.0,0.0,10.0,0.0,0.0,0.0,10.0
1446040917016284818,3381,1446040917011259078,robocape_mag,6.3,-9.0,22.35,10.0,0.0,0.0,0.0,10.0,0.0,0.0,0.0,10.0
1446040917055306193,3382,1446040917049441099,robocape_mag,2.4,-9.9,22.05,10.0,0.0,0.0,0.0,10.0,0.0,0.0,0.0,10.0
1446040917094415818,3383,1446040917084630966,robocape_mag,2.4,-9.9,22.05,10.0,0.0,0.0,0.0,10.0,0.0,0.0,0.0,10.0
1446040917129161110,3384,1446040917120457887,robocape_mag,2.4,-9.9,22.05,10.0,0.0,0.0,0.0,10.0,0.0,0.0,0.0,10.0
1446040917160959902,3385,1446040917156111955,robocape_mag,2.4,-9.9,22.05,10.0,0.0,0.0,0.0,10.0,0.0,0.0,0.0,10.0
1446040917196373902,3386,1446040917191062927,robocape_mag,-0.9,-11.4,24.75,10.0,0.0,0.0,0.0,10.0,0.0,0.0,0.0,10.0
1446040917231600735,3387,1446040917226506948,robocape_mag,-0.9,-11.4,24.75,10.0,0.0,0.0,0.0,10.0,0.0,0.0,0.0,10.0
1446040917275486860,3388,1446040917263443946,robocape_mag,-0.9,-11.4,24.75,10.0,0.0,0.0,0.0,10.0,0.0,0.0,0.0,10.0
1446040917315533527,3389,1446040917309395074,robocape_mag,-0.9,-11.4,24.75,10.0,0.0,0.0,0.0,10.0,0.0,0.0,0.0,10.0
1446040917357505444,3390,1446040917347352981,robocape_mag,2.4,-9.9,23.25,10.0,0.0,0.0,0.0,10.0,0.0,0.0,0.0,10.0
1446040917390416944,3391,1446040917383135080,robocape_mag,2.4,-9.9,23.25,10.0,0.0,0.0,0.0,10.0,0.0,0.0,0.0,10.0
1446040917424118319,3392,1446040917418977975,robocape_mag,2.4,-9.9,23.25,10.0,0.0,0.0,0.0,10.0,0.0,0.0,0.0,10.0
1446040917463526860,3393,1446040917454039096,robocape_mag,2.4,-9.9,23.25,10.0,0.0,0.0,0.0,10.0,0.0,0.0,0.0,10.0
1446040917494212902,3394,1446040917489320993,robocape_mag,2.4,-9.9,23.25,10.0,0.0,0.0,0.0,10.0,0.0,0.0,0.0,10.0
1446040917530002860,3395,1446040917524996995,robocape_mag,1.2,-12.3,23.25,10.0,0.0,0.0,0.0,10.0,0.0,0.0,0.0,10.0
1446040917565881235,3396,1446040917559993982,robocape_mag,1.2,-12.3,23.25,10.0,0.0,0.0,0.0,10.0,0.0,0.0,0.0,10.0
1446040917602119527,3397,1446040917597112894,robocape_mag,1.2,-12.3,23.25,10.0,0.0,0.0,0.0,10.0,0.0,0.0,0.0,10.0
1446040917641341402,3398,1446040917636343002,robocape_mag,1.2,-12.3,23.25,10.0,0.0,0.0,0.0,10.0,0.0,0.0,0.0,10.0
1446040917675499777,3399,1446040917670566082,robocape_mag,4.2,-12.9,25.05,10.0,0.0,0.0,0.0,10.0,0.0,0.0,0.0,10.0
1446040917717746110,3400,1446040917709000110,robocape_mag,4.2,-12.9,25.05,10.0,0.0,0.0,0.0,10.0,0.0,0.0,0.0,10.0
1446040917752044527,3401,1446040917745193004,robocape_mag,4.2,-12.9,25.05,10.0,0.0,0.0,0.0,10.0,0.0,0.0,0.0,10.0
1446040917786446194,3402,1446040917781207084,robocape_mag,4.2,-12.9,25.05,10.0,0.0,0.0,0.0,10.0,0.0,0.0,0.0,10.0
1446040917821465235,3403,1446040917816207885,robocape_mag,4.2,-12.9,25.05,10.0,0.0,0.0,0.0,10.0,0.0,0.0,0.0,10.0
1446040917855903944,3404,1446040917850931882,robocape_mag,-2.1,-12.6,27.15,10.0,0.0,0.0,0.0,10.0,0.0,0.0,0.0,10.0
1446040917890312819,3405,1446040917885241031,robocape_mag,-2.1,-12.6,27.15,10.0,0.0,0.0,0.0,10.0,0.0,0.0,0.0,10.0
1446040917928528611,3406,1446040917921056985,robocape_mag,-2.1,-12.6,27.15,10.0,0.0,0.0,0.0,10.0,0.0,0.0,0.0,10.0
1446040917961813277,3407,1446040917956686973,robocape_mag,-2.1,-12.6,27.15,10.0,0.0,0.0,0.0,10.0,0.0,0.0,0.0,10.0
1446040917999155152,3408,1446040917994116067,robocape_mag,0.0,-11.7,25.65,10.0,0.0,0.0,0.0,10.0,0.0,0.0,0.0,10.0
1446040918034671861,3409,1446040918029598951,robocape_mag,0.0,-11.7,25.65,10.0,0.0,0.0,0.0,10.0,0.0,0.0,0.0,10.0
1446040918080774069,3410,1446040918072027921,robocape_mag,0.0,-11.7,25.65,10.0,0.0,0.0,0.0,10.0,0.0,0.0,0.0,10.0
1446040918112261111,3411,1446040918107434034,robocape_mag,0.0,-11.7,25.65,10.0,0.0,0.0,0.0,10.0,0.0,0.0,0.0,10.0
1446040918147405194,3412,1446040918142074108,robocape_mag,6.0,-11.1,25.05,10.0,0.0,0.0,0.0,10.0,0.0,0.0,0.0,10.0
1446040918182059569,3413,1446040918176914930,robocape_mag,6.0,-11.1,25.05,10.0,0.0,0.0,0.0,10.0,0.0,0.0,0.0,10.0
1446040918218602902,3414,1446040918213713884,robocape_mag,6.0,-11.1,25.05,10.0,0.0,0.0,0.0,10.0,0.0,0.0,0.0,10.0
1446040918253027319,3415,1446040918247745037,robocape_mag,6.0,-11.1,25.05,10.0,0.0,0.0,0.0,10.0,0.0,0.0,0.0,10.0
1446040918297629027,3416,1446040918292434930,robocape_mag,6.0,-11.1,25.05,10.0,0.0,0.0,0.0,10.0,0.0,0.0,0.0,10.0
1446040918339000277,3417,1446040918333508014,robocape_mag,-1.8,-11.1,26.25,10.0,0.0,0.0,0.0,10.0,0.0,0.0,0.0,10.0
1446040918373830527,3418,1446040918368691921,robocape_mag,-1.8,-11.1,26.25,10.0,0.0,0.0,0.0,10.0,0.0,0.0,0.0,10.0
1446040918408664361,3419,1446040918402801990,robocape_mag,-1.8,-11.1,26.25,10.0,0.0,0.0,0.0,10.0,0.0,0.0,0.0,10.0
1446040918443171402,3420,1446040918438155889,robocape_mag,-1.8,-11.1,26.25,10.0,0.0,0.0,0.0,10.0,0.0,0.0,0.0,10.0
1446040918475253902,3421,1446040918470258951,robocape_mag,1.5,-10.8,24.75,10.0,0.0,0.0,0.0,10.0,0.0,0.0,0.0,10.0
1446040918509773569,3422,1446040918504668951,robocape_mag,1.5,-10.8,24.75,10.0,0.0,0.0,0.0,10.0,0.0,0.0,0.0,10.0
1446040918546455319,3423,1446040918539339065,robocape_mag,1.5,-10.8,24.75,10.0,0.0,0.0,0.0,10.0,0.0,0.0,0.0,10.0
1446040918580825611,3424,1446040918575891017,robocape_mag,1.5,-10.8,24.75,10.0,0.0,0.0,0.0,10.0,0.0,0.0,0.0,10.0
1446040918615478153,3425,1446040918610394954,robocape_mag,1.5,-10.8,24.75,10.0,0.0,0.0,0.0,10.0,0.0,0.0,0.0,10.0
1446040918656577569,3426,1446040918647650003,robocape_mag,0.6,-12.9,26.85,10.0,0.0,0.0,0.0,10.0,0.0,0.0,0.0,10.0
1446040918688483194,3427,1446040918683268070,robocape_mag,0.6,-12.9,26.85,10.0,0.0,0.0,0.0,10.0,0.0,0.0,0.0,10.0
1446040918724804111,3428,1446040918719552993,robocape_mag,0.6,-12.9,26.85,10.0,0.0,0.0,0.0,10.0,0.0,0.0,0.0,10.0
