%time,field.header.seq,field.header.stamp,field.header.frame_id,field.temperature,field.variance
1463993290395424078,305,1463993290103182046,,1494.0,1440.0
1463993290395467567,306,1463993290122576755,,1493.0,1440.0
1463993290395510067,307,1463993290143684737,,1493.0,1440.0
1463993290397031154,308,1463993290167171356,,1493.0,1440.0
1463993290397115321,309,1463993290195923056,,1493.0,1440.0
1463993290397452246,310,1463993290213700896,,1494.0,1440.0
1463993290397699641,311,1463993290228376250,,1493.0,1440.0
1463993290400876346,312,1463993290258526069,,1493.0,1440.0
1463993290401282699,313,1463993290269386283,,1494.0,1440.0
1463993290401545510,314,1463993290302271924,,1493.0,1440.0
1463993290402118945,315,1463993290329832275,,1493.0,1440.0
1463993290402307330,316,1463993290351590203,,1494.0,1440.0
1463993290402396913,317,1463993290378873107,,1493.0,1440.0
1463993290421871517,318,1463993290388566868,,1494.0,1440.0
1463993290452365137,319,1463993290422430629,,1493.0,1440.0
1463993290454821272,320,1463993290447873802,,1493.0,1440.0
1463993290483167974,321,1463993290476892948,,1494.0,1440.0
1463993290490007476,322,1463993290486628480,,1494.0,1440.0
1463993290553127831,323,1463993290506901205,,1493.0,1440.0
1463993290553430902,324,1463993290526459299,,1493.0,1440.0
1463993290553800745,325,1463993290546407182,,1493.0,1440.0
1463993290579448968,326,1463993290566584075,,1493.0,1440.0
1463993290614536370,327,1463993290586893884,,1494.0,1440.0
1463993290614584391,328,1463993290609637225,,1493.0,1440.0
1463993290639844856,329,1463993290628847090,,1493.0,1440.0
1463993290676902302,330,1463993290648000915,,1493.0,1440.0
1463993290679452134,331,1463993290668218276,,1493.0,1440.0
1463993290701328343,332,1463993290690736461,,1493.0,1440.0
1463993290725521781,333,1463993290714708702,,1493.0,1440.0
1463993290751742711,334,1463993290740835778,,1493.0,1440.0
1463993290777172081,335,1463993290765701870,,1493.0,1440.0
1463993290818418988,336,1463993290783363565,,1494.0,1440.0
1463993290818799507,337,1463993290801901298,,1494.0,1440.0
1463993290836545942,338,1463993290829028578,,1493.0,1440.0
1463993290866955968,339,1463993290862668226,,1494.0,1440.0
1463993290918390384,340,1463993290890184983,,1493.0,1440.0
1463993290920144907,341,1463993290915822270,,1494.0,1440.0
1463993291045984578,342,1463993290939216649,,1494.0,1440.0
1463993291046036713,343,1463993290960840775,,1493.0,1440.0
1463993291049745916,344,1463993290982456256,,1493.0,1440.0
1463993291054497562,345,1463993291005087305,,1494.0,1440.0
1463993291056095212,346,1463993291033624735,,1494.0,1440.0
1463993291332590279,347,1463993291063947366,,1493.0,1440.0
1463993291332662206,348,1463993291100226012,,1493.0,1440.0
1463993291335802141,349,1463993291109126391,,1493.0,1440.0
1463993291336793074,350,1463993291140347664,,1494.0,1440.0
1463993291337213385,351,1463993291154143647,,1493.0,1440.0
1463993291338272599,352,1463993291163936053,,1494.0,1440.0
1463993291339611187,353,1463993291191020260,,1493.0,1440.0
1463993291341822688,354,1463993291218517642,,1493.0,1440.0
1463993291342277790,355,1463993291238952138,,1494.0,1440.0
1463993291343143620,356,1463993291269275550,,1493.0,1440.0
1463993291345988035,357,1463993291295921842,,1493.0,1440.0
1463993291346340533,358,1463993291330423049,,1495.0,1440.0
1463993291590500843,359,1463993291357795797,,1494.0,1440.0
1463993291590772092,360,1463993291390982790,,1493.0,1440.0
1463993291592209013,361,1463993291421110422,,1493.0,1440.0
1463993291592526408,362,1463993291453227003,,1493.0,1440.0
1463993291593990516,363,1463993291481741465,,1494.0,1440.0
1463993291594409473,364,1463993291517885425,,1493.0,1440.0
1463993291594706503,365,1463993291543218754,,1493.0,1440.0
1463993291595062282,366,1463993291578023813,,1494.0,1440.0
1463993291670334825,367,1463993291606790722,,1493.0,1440.0
1463993291672260390,368,1463993291640384276,,1493.0,1440.0
1463993291673846685,369,1463993291667512285,,1493.0,1440.0
1463993291722365280,370,1463993291694183942,,1494.0,1440.0
1463993291745721274,371,1463993291727890777,,1493.0,1440.0
1463993291763725467,372,1463993291758431323,,1494.0,1440.0
1463993291797847301,373,1463993291791675817,,1493.0,1440.0
1463993291828187171,374,1463993291823538076,,1493.0,1440.0
1463993291876512850,375,1463993291858315584,,1494.0,1440.0
1463993291896883231,376,1463993291882687094,,1493.0,1440.0
1463993291918500847,377,1463993291913461338,,1493.0,1440.0
1463993291970978227,378,1463993291943549699,,1493.0,1440.0
1463993291997412854,379,1463993291978931683,,1493.0,1440.0
1463993292011781126,380,1463993292007377499,,1494.0,1440.0
1463993292045258951,381,1463993292042138600,,1493.0,1440.0
1463993292073099509,382,1463993292069465775,,1494.0,1440.0
1463993292259540275,383,1463993292095771600,,1493.0,1440.0
1463993292259806159,384,1463993292108519254,,1494.0,1440.0
1463993292261229955,385,1463993292130348483,,1493.0,1440.0
1463993292262766407,386,1463993292158956330,,1493.0,1440.0
1463993292263076249,387,1463993292188564432,,1493.0,1440.0
1463993292263356092,388,1463993292218234983,,1494.0,1440.0
1463993292264933168,389,1463993292250004326,,1493.0,1440.0
1463993292631199779,390,1463993292279964719,,1493.0,1440.0
1463993292645931644,391,1463993292310678754,,1494.0,1440.0
1463993292647943875,392,1463993292337604264,,1494.0,1440.0
1463993292648003614,393,1463993292362231867,,1494.0,1440.0
1463993292648044030,394,1463993292403051432,,1493.0,1440.0
1463993292649037724,395,1463993292456368131,,1493.0,1440.0
1463993292649100849,396,1463993292520056973,,1496.0,1440.0
1463993292651488651,397,1463993292590258080,,1518.0,1440.0
1463993292981012711,398,1463993292659530544,,1518.0,1440.0
1463993292981270783,399,1463993292750693279,,1518.0,1440.0
1463993292981547396,400,1463993292827442222,,1538.0,1440.0
1463993292982012603,401,1463993292869907561,,1538.0,1440.0
1463993292982285362,402,1463993292903876062,,1539.0,1440.0
1463993292982744735,403,1463993292933085676,,1541.0,1440.0
1463993292983122546,404,1463993292966467096,,1541.0,1440.0
1463993293056346712,405,1463993292992661411,,1547.0,1440.0
1463993293056915147,406,1463993293021749308,,1550.0,1440.0
1463993293064870477,407,1463993293054828750,,1549.0,1440.0
1463993293506327653,408,1463993293110666948,,1543.0,1440.0
1463993293506368746,409,1463993293159470854,,1549.0,1440.0
1463993293506400517,410,1463993293192214204,,1543.0,1440.0
1463993293508448060,411,1463993293228889828,,1549.0,1440.0
1463993293509773888,412,1463993293274887757,,1549.0,1440.0
1463993293511203205,413,1463993293321309069,,1549.0,1440.0
1463993293513164186,414,1463993293359307917,,1550.0,1440.0
1463993293514807460,415,1463993293393151105,,1550.0,1440.0
1463993293516073809,416,1463993293428715380,,1535.0,1440.0
1463993293519191660,417,1463993293463169920,,1554.0,1440.0
1463993293519622856,418,1463993293493742915,,1553.0,1440.0
1463993293624494491,419,1463993293528563599,,1566.0,1440.0
1463993293624966052,420,1463993293563881521,,1562.0,1440.0
1463993293625018083,421,1463993293591064374,,1558.0,1440.0
1463993293900711279,422,1463993293624666417,,1565.0,1440.0
1463993293905380165,423,1463993293647565017,,1566.0,1440.0
1463993293908272132,424,1463993293668283835,,1565.0,1440.0
1463993293908326038,425,1463993293687906720,,1565.0,1440.0
1463993293909121347,426,1463993293710232875,,1665.0,1440.0
1463993293909195618,427,1463993293732602675,,1565.0,1440.0
1463993293909251919,428,1463993293755314609,,1565.0,1440.0
1463993293909289836,429,1463993293775107441,,1565.0,1440.0
1463993293909340825,430,1463993293787502648,,1565.0,1440.0
1463993293909394158,431,1463993293805481946,,1573.0,1440.0
1463993293909432700,432,1463993293820149696,,1565.0,1440.0
1463993293909482127,433,1463993293843695585,,1579.0,1440.0
1463993293909733532,434,1463993293864157894,,1566.0,1440.0
1463993293909871969,435,1463993293891000643,,1565.0,1440.0
1463993293966463914,436,1463993293914802469,,1565.0,1440.0
1463993293966499643,437,1463993293940854076,,1565.0,1440.0
1463993294038428919,438,1463993293968265938,,1565.0,1440.0
1463993294038566210,439,1463993293991512922,,1566.0,1440.0
1463993294039219541,440,1463993294030374943,,1565.0,1440.0
1463993294048379137,441,1463993294042679891,,1565.0,1440.0
1463993294086629182,442,1463993294080141970,,1564.0,1440.0
1463993294153252803,443,1463993294116625252,,1565.0,1440.0
1463993294153633687,444,1463993294150812085,,1566.0,1440.0
1463993294212099739,445,1463993294184152202,,1574.0,1440.0
1463993294233846053,446,1463993294219155803,,1574.0,1440.0
1463993294302112688,447,1463993294248604583,,1574.0,1440.0
1463993294304722572,448,1463993294273288696,,1583.0,1440.0
1463993294307501727,449,1463993294294078451,,1570.0,1440.0
1463993294378262675,450,1463993294320406255,,1574.0,1440.0
1463993294379800637,451,1463993294341471322,,1573.0,1440.0
1463993294443684062,452,1463993294381819118,,1574.0,1440.0
1463993294444051300,453,1463993294415108403,,1574.0,1440.0
1463993294457178639,454,1463993294450246325,,1581.0,1440.0
1463993294489760583,455,1463993294471519984,,1573.0,1440.0
1463993294528190888,456,1463993294500080123,,1573.0,1440.0
1463993294535917313,457,1463993294525464181,,1585.0,1440.0
1463993294577655781,458,1463993294556878994,,1687.0,1440.0
1463993294578230830,459,1463993294569180661,,1574.0,1440.0
1463993294717862629,460,1463993294606723417,,1573.0,1440.0
1463993294718117003,461,1463993294641365716,,1573.0,1440.0
1463993294718634501,462,1463993294669782418,,1574.0,1440.0
1463993294718995697,463,1463993294699763696,,1574.0,1440.0
1463993294767791634,464,1463993294726120458,,1573.0,1440.0
1463993294767973144,465,1463993294749002288,,1568.0,1440.0
1463993294894006095,466,1463993294769977719,,1575.0,1440.0
1463993294894041720,467,1463993294790717630,,1573.0,1440.0
1463993294896439782,468,1463993294814727163,,1573.0,1440.0
1463993294896497334,469,1463993294833295729,,1573.0,1440.0
1463993294896573740,470,1463993294850706019,,1574.0,1440.0
1463993294897749412,471,1463993294875436382,,1574.0,1440.0
1463993294950956685,472,1463993294896179575,,1574.0,1440.0
1463993294950990174,473,1463993294922690139,,1573.0,1440.0
1463993294996452584,474,1463993294952484022,,1574.0,1440.0
1463993294996918259,475,1463993294973293308,,1578.0,1440.0
1463993295058523881,476,1463993294994548998,,1573.0,1440.0
1463993295061414754,477,1463993295017197130,,1574.0,1440.0
1463993295064655782,478,1463993295040405156,,1574.0,1440.0
1463993295123260740,479,1463993295066681606,,1668.0,1440.0
1463993295123911987,480,1463993295085556942,,1582.0,1440.0
1463993295124460734,481,1463993295111612664,,1594.0,1440.0
1463993295177380664,482,1463993295136860213,,1573.0,1440.0
1463993295177879933,483,1463993295157255230,,1581.0,1440.0
1463993295811003112,484,1463993295179685707,,1582.0,1440.0
1463993295811349985,485,1463993295190956440,,1577.0,1440.0
1463993295811622171,486,1463993295232846729,,1582.0,1440.0
1463993295811668994,487,1463993295273194265,,1587.0,1440.0
1463993295811873629,488,1463993295309801504,,1595.0,1440.0
1463993295811915243,489,1463993295346745565,,1582.0,1440.0
1463993295812330866,490,1463993295380809326,,1582.0,1440.0
1463993295812409512,491,1463993295412848981,,1592.0,1440.0
1463993295812447324,492,1463993295446949356,,1582.0,1440.0
1463993295814581742,493,1463993295478364325,,1582.0,1440.0
1463993295819486513,494,1463993295509813201,,1582.0,1440.0
1463993295819817189,495,1463993295538214434,,1583.0,1440.0
1463993295820085937,496,1463993295572346892,,1596.0,1440.0
1463993295820301249,497,1463993295600877552,,1588.0,1440.0
1463993295820345624,498,1463993295638039007,,1582.0,1440.0
1463993295821753222,499,1463993295668856376,,1563.0,1440.0
1463993295821812805,500,1463993295696235894,,1582.0,1440.0
1463993295822114158,501,1463993295727037846,,1581.0,1440.0
1463993295822158793,502,1463993295760964159,,1585.0,1440.0
1463993295822199835,503,1463993295789796952,,1593.0,1440.0
1463993296517025926,504,1463993295823653474,,1606.0,1440.0
1463993296517220249,505,1463993295850808879,,1601.0,1440.0
1463993296518067276,506,1463993295881128645,,1606.0,1440.0
1463993296518132015,507,1463993295917368751,,1607.0,1440.0
1463993296518178942,508,1463993295950093923,,1606.0,1440.0
1463993296518333004,509,1463993295977186620,,1605.0,1440.0
1463993296520300131,510,1463993296008349612,,1606.0,1440.0
1463993296524809383,511,1463993296038490472,,1592.0,1440.0
1463993296524842872,512,1463993296069184716,,1602.0,1440.0
1463993296524878237,513,1463993296091364205,,1606.0,1440.0
1463993296524912976,514,1463993296113066456,,1609.0,1440.0
1463993296524955945,515,1463993296140291808,,1606.0,1440.0
1463993296524993184,516,1463993296148273545,,1704.0,1440.0
1463993296525028132,517,1463993296156986268,,1704.0,1440.0
1463993296525064225,518,1463993296197678021,,1606.0,1440.0
1463993296525097402,519,1463993296233072765,,1606.0,1440.0
1463993296525133861,520,1463993296261910819,,1606.0,1440.0
1463993296525263860,521,1463993296287244565,,1553.0,1440.0
1463993296525382453,522,1463993296319492188,,1605.0,1440.0
1463993296525497765,523,1463993296347999774,,1619.0,1440.0
1463993296525610161,524,1463993296373410447,,1606.0,1440.0
1463993296525787920,525,1463993296407741133,,1601.0,1440.0
1463993296525901774,526,1463993296435422577,,1605.0,1440.0
1463993296526000836,527,1463993296463130428,,1606.0,1440.0
1463993296527494736,528,1463993296493734516,,1608.0,1440.0
1463993296527862078,529,1463993296525135371,,1604.0,1440.0
1463993297376538710,530,1463993296557119661,,1606.0,1440.0
1463993297378631253,531,1463993296582860593,,1606.0,1440.0
1463993297379845102,532,1463993296610733703,,1613.0,1440.0
1463993297382200717,533,1463993296644033144,,1613.0,1440.0
1463993297382256759,534,1463993296673563122,,1615.0,1440.0
1463993297382463268,535,1463993296709884477,,1605.0,1440.0
1463993297383868575,536,1463993296737573213,,1597.0,1440.0
1463993297384502738,537,1463993296769785992,,1606.0,1440.0
1463993297386228460,538,1463993296798733316,,1606.0,1440.0
1463993297386281377,539,1463993296826850800,,1604.0,1440.0
1463993297386314345,540,1463993296857961708,,1606.0,1440.0
1463993297395388265,541,1463993296883507380,,1594.0,1440.0
1463993297396649509,542,1463993296917558172,,1606.0,1440.0
1463993297397264246,543,1463993296943668529,,1595.0,1440.0
1463993297401210063,544,1463993296969916282,,1606.0,1440.0
1463993297401556676,545,1463993297003044578,,1596.0,1440.0
1463993297401894956,546,1463993297029501548,,1606.0,1440.0
1463993297402794692,547,1463993297064602752,,1606.0,1440.0
1463993297402858493,548,1463993297091447168,,1606.0,1440.0
1463993297404018280,549,1463993297121079750,,1617.0,1440.0
1463993297408847791,550,1463993297153481851,,1606.0,1440.0
1463993297408922999,551,1463993297182919069,,1605.0,1440.0
1463993297411487363,552,1463993297213479668,,1605.0,1440.0
1463993297412221787,553,1463993297243527977,,1606.0,1440.0
1463993297412275172,554,1463993297280675943,,1610.0,1440.0
1463993297412519598,555,1463993297321350092,,1606.0,1440.0
1463993297415421981,556,1463993297358821182,,1606.0,1440.0
1463993297415480731,557,1463993297389608915,,1606.0,1440.0
1463993297992089568,558,1463993297423313666,,1606.0,1440.0
1463993297993676749,559,1463993297452578802,,1611.0,1440.0
1463993297994054612,560,1463993297487098289,,1606.0,1440.0
1463993297994482422,561,1463993297514546245,,1589.0,1440.0
1463993297994787108,562,1463993297545141166,,1606.0,1440.0
1463993297995069972,563,1463993297578160244,,1596.0,1440.0
1463993297995332471,564,1463993297604102320,,1614.0,1440.0
1463993297995580907,565,1463993297637512855,,1616.0,1440.0
1463993297995827052,566,1463993297668762513,,1604.0,1440.0
1463993297996092884,567,1463993297701644195,,1637.0,1440.0
1463993297996381945,568,1463993297733242393,,1635.0,1440.0
1463993297998702873,569,1463993297763681951,,1618.0,1440.0
1463993297999007090,570,1463993297790306733,,1620.0,1440.0
1463993297999273183,571,1463993297823403310,,1617.0,1440.0
1463993297999524224,572,1463993297853458911,,1623.0,1440.0
1463993297999814066,573,1463993297881700144,,1618.0,1440.0
1463993298001905516,574,1463993297918164728,,1606.0,1440.0
1463993298002201348,575,1463993297947635695,,1618.0,1440.0
1463993298002651971,576,1463993297980703210,,1619.0,1440.0
1463993298192159285,577,1463993298013692184,,1625.0,1440.0
1463993298192469336,578,1463993298045215226,,1627.0,1440.0
1463993298192776835,579,1463993298073267658,,1634.0,1440.0
1463993298193069542,580,1463993298103772788,,1647.0,1440.0
1463993298194894586,581,1463993298132082928,,1638.0,1440.0
1463993298195369063,582,1463993298162701286,,1633.0,1440.0
1463993298281943433,583,1463993298192537565,,1638.0,1440.0
1463993298282265202,584,1463993298227273406,,1638.0,1440.0
1463993298284003997,585,1463993298257560985,,1640.0,1440.0
1463993298326545638,586,1463993298287531221,,1638.0,1440.0
1463993298326938605,587,1463993298313149185,,1637.0,1440.0
1463993298356674363,588,1463993298343257442,,1638.0,1440.0
1463993298388408082,589,1463993298379066403,,1637.0,1440.0
1463993298460140900,590,1463993298407928155,,1637.0,1440.0
1463993298460631888,591,1463993298440409787,,1638.0,1440.0
1463993298488312915,592,1463993298469992837,,1637.0,1440.0
1463993298510775840,593,1463993298507643822,,1645.0,1440.0
1463993298541860915,594,1463993298536516667,,1638.0,1440.0
1463993298596978440,595,1463993298568579291,,1638.0,1440.0
1463993298597392553,596,1463993298593331529,,1637.0,1440.0
1463993298636932592,597,1463993298622967287,,1628.0,1440.0
1463993298662109360,598,1463993298658542604,,1637.0,1440.0
1463993298697273220,599,1463993298693925994,,1637.0,1440.0
1463993298731119325,600,1463993298720936816,,1652.0,1440.0
1463993298756888590,601,1463993298750445076,,1634.0,1440.0
1463993298786828253,602,1463993298783180456,,1638.0,1440.0
1463993298834370394,603,1463993298809748624,,1637.0,1440.0
1463993298855337075,604,1463993298840055890,,1628.0,1440.0
1463993298877311825,605,1463993298869490400,,1647.0,1440.0
1463993298908693149,606,1463993298903110829,,1719.0,1440.0
1463993298936493395,607,1463993298932442214,,1637.0,1440.0
1463993298968467321,608,1463993298963098698,,1623.0,1440.0
1463993298999687448,609,1463993298995131061,,1629.0,1440.0
1463993299029754975,610,1463993299025409108,,1639.0,1440.0
1463993299063101187,611,1463993299058797195,,1642.0,1440.0
1463993299107528914,612,1463993299103675909,,1642.0,1440.0
1463993299149434464,613,1463993299142600482,,1638.0,1440.0
1463993299181976929,614,1463993299171429109,,1642.0,1440.0
1463993299207593590,615,1463993299204789852,,1754.0,1440.0
1463993299239547724,616,1463993299231847965,,1645.0,1440.0
1463993299270206343,617,1463993299263609809,,1648.0,1440.0
1463993299299142105,618,1463993299293489837,,1637.0,1440.0
1463993299329581714,619,1463993299327438963,,1650.0,1440.0
1463993299366653743,620,1463993299357667480,,1649.0,1440.0
1463993299406751540,621,1463993299384412886,,1649.0,1440.0
1463993299427119630,622,1463993299420400493,,1649.0,1440.0
1463993299459969125,623,1463993299457611219,,1645.0,1440.0
1463993299494428874,624,1463993299487548955,,1654.0,1440.0
1463993299724376068,625,1463993299518666114,,1655.0,1440.0
1463993299725714396,626,1463993299548773694,,1659.0,1440.0
1463993299727142879,627,1463993299580048768,,1649.0,1440.0
1463993299727197254,628,1463993299605213921,,1649.0,1440.0
1463993299727235483,629,1463993299640182938,,1649.0,1440.0
1463993299727271941,630,1463993299700221952,,1659.0,1440.0
1463993299982255174,631,1463993299731155414,,1670.0,1440.0
1463993299982507777,632,1463993299755418071,,1670.0,1440.0
1463993299982785015,633,1463993299779726300,,1608.0,1440.0
1463993299983028348,634,1463993299804944265,,1663.0,1440.0
1463993299983265690,635,1463993299831413579,,1662.0,1440.0
1463993299983507720,636,1463993299867722643,,1661.0,1440.0
1463993299983838709,637,1463993299909447256,,1660.0,1440.0
1463993300031515536,638,1463993299952847331,,1648.0,1440.0
1463993300118877402,639,1463993299999591245,,1670.0,1440.0
1463993300119531983,640,1463993300087660296,,1654.0,1440.0
1463993300159455458,641,1463993300137298730,,1653.0,1440.0
1463993300197372587,642,1463993300189844182,,1664.0,1440.0
1463993300336814387,643,1463993300239206158,,1661.0,1440.0
1463993300337334020,644,1463993300282601963,,1659.0,1440.0
1463993300337380322,645,1463993300322897363,,1668.0,1440.0
1463993300360637202,646,1463993300330524726,,1669.0,1440.0
1463993300379545558,647,1463993300362495944,,1669.0,1440.0
1463993300457575433,648,1463993300412995676,,1681.0,1440.0
1463993300474645308,649,1463993300469166269,,1681.0,1440.0
1463993300535318486,650,1463993300517784915,,1666.0,1440.0
1463993300584582026,651,1463993300566234760,,1648.0,1440.0
1463993300621003641,652,1463993300614037368,,1667.0,1440.0
1463993300675978979,653,1463993300663997155,,1672.0,1440.0
1463993300721566023,654,1463993300715323915,,1674.0,1440.0
1463993300785370126,655,1463993300781065456,,1674.0,1440.0
1463993300832888933,656,1463993300827017187,,1680.0,1440.0
1463993300883238457,657,1463993300869784608,,1674.0,1440.0
1463993300923452816,658,1463993300915249935,,1674.0,1440.0
1463993300968935330,659,1463993300955499971,,1674.0,1440.0
1463993301003577213,660,1463993300999883583,,1674.0,1440.0
1463993301047746191,661,1463993301041812519,,1676.0,1440.0
1463993301122637329,662,1463993301097277854,,1674.0,1440.0
1463993301155558178,663,1463993301145967542,,1673.0,1440.0
1463993301220375037,664,1463993301203709274,,1671.0,1440.0
1463993301266360621,665,1463993301259463515,,1592.0,1440.0
1463993301319783830,666,1463993301312398497,,1671.0,1440.0
1463993301403480868,667,1463993301356344872,,1684.0,1440.0
1463993301403515191,668,1463993301377717958,,1679.0,1440.0
1463993301509264895,669,1463993301421298865,,1675.0,1440.0
1463993301509502394,670,1463993301455549656,,1685.0,1440.0
1463993301509917028,671,1463993301500549255,,1677.0,1440.0
1463993301576011693,672,1463993301541015176,,1706.0,1440.0
1463993301602576840,673,1463993301582157969,,1686.0,1440.0
1463993301866271754,674,1463993301625039609,,1685.0,1440.0
1463993301866831023,675,1463993301663647985,,1706.0,1440.0
1463993301867119667,676,1463993301707189257,,1681.0,1440.0
1463993301867887893,677,1463993301747164868,,1700.0,1440.0
1463993301868152996,678,1463993301790589109,,1694.0,1440.0
1463993301868601380,679,1463993301833102156,,1689.0,1440.0
1463993301912069944,680,1463993301875393851,,1688.0,1440.0
1463993301923896925,681,1463993301916489092,,1681.0,1440.0
1463993301967890226,682,1463993301963229777,,1705.0,1440.0
1463993302012542639,683,1463993302007112142,,1693.0,1440.0
1463993302061137588,684,1463993302051493514,,1689.0,1440.0
1463993302104050217,685,1463993302099583100,,1689.0,1440.0
1463993302168045568,686,1463993302146095245,,1700.0,1440.0
1463993302168480879,687,1463993302166908229,,1694.0,1440.0
1463993302224407931,688,1463993302203618749,,1693.0,1440.0
1463993302250605788,689,1463993302243530141,,1682.0,1440.0
1463993302309017882,690,1463993302297607983,,1688.0,1440.0
1463993302363600878,691,1463993302358799388,,1688.0,1440.0
1463993302428525965,692,1463993302410887395,,1699.0,1440.0
1463993302461496032,693,1463993302450611860,,1696.0,1440.0
1463993302526389244,694,1463993302493658291,,1700.0,1440.0
1463993302551399138,695,1463993302531867190,,1693.0,1440.0
1463993302587371848,696,1463993302574412060,,1696.0,1440.0
1463993302625739497,697,1463993302614942460,,1707.0,1440.0
1463993302667505672,698,1463993302656049836,,1694.0,1440.0
1463993302713705214,699,1463993302699348193,,1679.0,1440.0
1463993302750110319,700,1463993302739641770,,1745.0,1440.0
1463993302792625710,701,1463993302781118468,,1704.0,1440.0
1463993302833756003,702,1463993302824097555,,1705.0,1440.0
1463993302879836431,703,1463993302864025353,,1702.0,1440.0
1463993302920429851,704,1463993302907491834,,1695.0,1440.0
1463993302955228349,705,1463993302947544631,,1706.0,1440.0
1463993302996492026,706,1463993302987816178,,1705.0,1440.0
1463993303039814862,707,1463993303028252620,,1707.0,1440.0
1463993303084156443,708,1463993303069572860,,1706.0,1440.0
1463993303123196120,709,1463993303110362112,,1754.0,1440.0
1463993303156786601,710,1463993303151606051,,1712.0,1440.0
1463993303200459592,711,1463993303192968843,,1705.0,1440.0
1463993303243560657,712,1463993303232990546,,1703.0,1440.0
1463993303349412236,713,1463993303266189675,,1704.0,1440.0
1463993303349693902,714,1463993303271956005,,1686.0,1440.0
1463993303350221295,715,1463993303297842457,,1695.0,1440.0
1463993303350575512,716,1463993303343846218,,1727.0,1440.0
1463993303439189352,717,1463993303381378922,,1705.0,1440.0
1463993303439870599,718,1463993303417638507,,1705.0,1440.0
1463993303468223447,719,1463993303457934585,,1705.0,1440.0
1463993303504405219,720,1463993303497754102,,1723.0,1440.0
1463993303548720499,721,1463993303540829595,,1714.0,1440.0
1463993303586876950,722,1463993303582191241,,1714.0,1440.0
1463993303641099427,723,1463993303623533252,,1722.0,1440.0
1463993303680332540,724,1463993303629502445,,1718.0,1440.0
1463993303682690395,725,1463993303668457330,,1718.0,1440.0
1463993303718465554,726,1463993303708357941,,1724.0,1440.0
1463993303758055020,727,1463993303750185939,,1724.0,1440.0
1463993303801149263,728,1463993303790095040,,1735.0,1440.0
1463993303838992174,729,1463993303833305740,,1712.0,1440.0
1463993303880716267,730,1463993303875743684,,1771.0,1440.0
1463993303931634278,731,1463993303926431748,,1711.0,1440.0
1463993303972744571,732,1463993303968295059,,1731.0,1440.0
1463993304013831635,733,1463993304008704730,,1731.0,1440.0
1463993304059169306,734,1463993304028810009,,1742.0,1440.0
1463993304059221910,735,1463993304051439964,,1745.0,1440.0
1463993304088554389,736,1463993304070252748,,1745.0,1440.0
1463993304142203795,737,1463993304092879787,,1741.0,1440.0
1463993304142472648,738,1463993304113724541,,1745.0,1440.0
1463993304143059364,739,1463993304128236458,,1747.0,1440.0
1463993304172228927,740,1463993304154645356,,1739.0,1440.0
1463993304172291999,741,1463993304167714571,,1735.0,1440.0
1463993304202502235,742,1463993304194293155,,1742.0,1440.0
1463993304245324812,743,1463993304219126851,,1752.0,1440.0
1463993304264674729,744,1463993304257290646,,1733.0,1440.0
1463993304309805630,745,1463993304293421117,,1741.0,1440.0
1463993304336384683,746,1463993304332461731,,1732.0,1440.0
1463993304374634780,747,1463993304360942495,,1744.0,1440.0
1463993304427799344,748,1463993304393742302,,1739.0,1440.0
1463993304444347399,749,1463993304427340075,,1738.0,1440.0
1463993304525450750,750,1463993304470437495,,1725.0,1440.0
1463993304526191007,751,1463993304505440314,,1738.0,1440.0
1463993304577863911,752,1463993304536527577,,1729.0,1440.0
1463993304577911671,753,1463993304549701636,,1737.0,1440.0
1463993304598873248,754,1463993304590969740,,1735.0,1440.0
1463993304637699697,755,1463993304629885928,,1735.0,1440.0
1463993304951443720,756,1463993304663175317,,1750.0,1440.0
1463993304952867152,757,1463993304696678872,,1737.0,1440.0
1463993304952919183,758,1463993304720077105,,1753.0,1440.0
1463993304953181369,759,1463993304746872459,,1753.0,1440.0
1463993304953434441,760,1463993304777685713,,1739.0,1440.0
1463993304955052819,761,1463993304817996270,,1740.0,1440.0
1463993304955365839,762,1463993304850368059,,1738.0,1440.0
1463993304955766358,763,1463993304881654539,,1744.0,1440.0
1463993304955969742,764,1463993304914661482,,1746.0,1440.0
1463993304959246031,765,1463993304943495785,,1736.0,1440.0
1463993305175340940,766,1463993304981123697,,1738.0,1440.0
1463993305180573938,767,1463993305016157818,,1728.0,1440.0
1463993305180959510,768,1463993305047923620,,1737.0,1440.0
1463993305181014509,769,1463993305080068326,,1775.0,1440.0
1463993305181240394,770,1463993305107934770,,1776.0,1440.0
1463993305182659034,771,1463993305138525420,,1769.0,1440.0
1463993305184306735,772,1463993305175052660,,1750.0,1440.0
1463993305292660438,773,1463993305209665949,,1753.0,1440.0
1463993305295188292,774,1463993305237938433,,1748.0,1440.0
1463993305295254854,775,1463993305270536314,,1749.0,1440.0
1463993305733628397,776,1463993305301058632,,1747.0,1440.0
1463993305733862198,777,1463993305335142965,,1758.0,1440.0
1463993305735203546,778,1463993305361694310,,1749.0,1440.0
1463993305735967501,779,1463993305393523236,,1766.0,1440.0
1463993305740429097,780,1463993305429504020,,1770.0,1440.0
1463993305743298043,781,1463993305459627537,,1783.0,1440.0
1463993305743349709,782,1463993305490625373,,1762.0,1440.0
1463993305743390022,783,1463993305522571955,,1754.0,1440.0
1463993305743634604,784,1463993305553096981,,1750.0,1440.0
1463993305743897780,785,1463993305582853781,,1750.0,1440.0
1463993305744130748,786,1463993305617426654,,1747.0,1440.0
1463993305746394280,787,1463993305643426907,,1742.0,1440.0
1463993305750579522,788,1463993305680086178,,1747.0,1440.0
1463993305750640564,789,1463993305704015867,,1756.0,1440.0
1463993305750677855,790,1463993305716622949,,1738.0,1440.0
1463993305752296338,791,1463993305736332604,,1738.0,1440.0
1463993305948332323,792,1463993305760085888,,1764.0,1440.0
1463993305948642009,793,1463993305792029501,,1749.0,1440.0
1463993305948981122,794,1463993305833283648,,1757.0,1440.0
1463993305949286329,795,1463993305872944989,,1758.0,1440.0
1463993305949707577,796,1463993305915969440,,1750.0,1440.0
1463993306000346267,797,1463993305956622964,,1749.0,1440.0
1463993306029168331,798,1463993305997017740,,1741.0,1440.0
1463993306043580093,799,1463993306037867252,,1743.0,1440.0
1463993306087897455,800,1463993306079882541,,1742.0,1440.0
1463993306128182804,801,1463993306121049761,,1672.0,1440.0
1463993306176841189,802,1463993306165879465,,1583.0,1440.0
1463993306234690421,803,1463993306228380448,,1515.0,1440.0
1463993306298554471,804,1463993306281055848,,1496.0,1440.0
1463993306341491631,805,1463993306309161717,,1482.0,1440.0
1463993306353710433,806,1463993306340381115,,1591.0,1440.0
1463993306377499550,807,1463993306366206109,,1499.0,1440.0
1463993306378800430,808,1463993306370919422,,1493.0,1440.0
1463993306448129717,809,1463993306401677207,,1493.0,1440.0
1463993306448478101,810,1463993306410046599,,1483.0,1440.0
1463993306449070234,811,1463993306425633876,,1485.0,1440.0
1463993306449416326,812,1463993306446007799,,1503.0,1440.0
1463993306479704895,813,1463993306465714642,,1510.0,1440.0
1463993306508069357,814,1463993306489574696,,1502.0,1440.0
1463993306517264578,815,1463993306511431634,,1487.0,1440.0
1463993306680858618,816,1463993306535352625,,1487.0,1440.0
1463993306685531254,817,1463993306569034408,,1507.0,1440.0
1463993306685587608,818,1463993306589348280,,1485.0,1440.0
1463993306685626410,819,1463993306610743761,,1491.0,1440.0
1463993306689802225,820,1463993306631935442,,1491.0,1440.0
1463993306691364667,821,1463993306651264578,,1501.0,1440.0
1463993306691423625,822,1463993306673041308,,1493.0,1440.0
1463993306753170392,823,1463993306693606584,,1491.0,1440.0
1463993306755007311,824,1463993306715926280,,1491.0,1440.0
1463993306755567205,825,1463993306738380195,,1493.0,1440.0
1463993306845943381,826,1463993306769749957,,1484.0,1440.0
1463993306846325723,827,1463993306801805392,,1564.0,1440.0
1463993306859680666,828,1463993306855716360,,1493.0,1440.0
1463993306914863190,829,1463993306906495934,,1494.0,1440.0
1463993306965602557,830,1463993306956625512,,1493.0,1440.0
1463993307016841817,831,1463993307012454544,,1494.0,1440.0
1463993307082813774,832,1463993307064123594,,1493.0,1440.0
1463993307130983360,833,1463993307119917418,,1497.0,1440.0
1463993307206903400,834,1463993307160955732,,1491.0,1440.0
1463993307207395273,835,1463993307190229409,,1493.0,1440.0
1463993307421071651,836,1463993307216658671,,1493.0,1440.0
1463993307421321077,837,1463993307245554745,,1494.0,1440.0
1463993307421703940,838,1463993307270336566,,1478.0,1440.0
1463993307421950762,839,1463993307292716002,,1492.0,1440.0
1463993307422227219,840,1463993307314692314,,1493.0,1440.0
1463993307422461541,841,1463993307336547794,,1494.0,1440.0
1463993307422735550,842,1463993307361201334,,1493.0,1440.0
1463993307423150392,843,1463993307385260763,,1495.0,1440.0
1463993307446741229,844,1463993307425540122,,1493.0,1440.0
1463993307464795214,845,1463993307461678665,,1494.0,1440.0
1463993307525128342,846,1463993307485737416,,1493.0,1440.0
1463993307525541829,847,1463993307507726124,,1493.0,1440.0
1463993307544920653,848,1463993307532300394,,1491.0,1440.0
1463993307568710864,849,1463993307564501142,,1494.0,1440.0
1463993307608331371,850,1463993307595336375,,1493.0,1440.0
1463993307627530352,851,1463993307623903909,,1494.0,1440.0
1463993307825235965,852,1463993307650745253,,1493.0,1440.0
1463993307829712144,853,1463993307672747190,,1493.0,1440.0
1463993307830056048,854,1463993307695807977,,1485.0,1440.0
1463993307830323599,855,1463993307719304699,,1493.0,1440.0
1463993307830602244,856,1463993307741181428,,1493.0,1440.0
1463993307830863649,857,1463993307763309563,,1493.0,1440.0
1463993307831799791,858,1463993307785665613,,1493.0,1440.0
1463993307833908167,859,1463993307810760923,,1493.0,1440.0
1463993307976071414,860,1463993307835357484,,1494.0,1440.0
1463993307976361569,861,1463993307861187426,,1494.0,1440.0
1463993307976627922,862,1463993307885720706,,1493.0,1440.0
1463993307976889483,863,1463993307910534350,,1509.0,1440.0
1463993307978843121,864,1463993307934485758,,1494.0,1440.0
1463993307979305098,865,1463993307957818315,,1493.0,1440.0
1463993308034131634,866,1463993307983000915,,1493.0,1440.0
1463993308035016318,867,1463993308013199745,,1493.0,1440.0
1463993308057598878,868,1463993308037878129,,1493.0,1440.0
1463993308088854681,869,1463993308065050825,,1493.0,1440.0
1463993308093328308,870,1463993308087295209,,1494.0,1440.0
1463993308118943720,871,1463993308107600956,,1493.0,1440.0
1463993308150962645,872,1463993308135620471,,1493.0,1440.0
1463993308181761576,873,1463993308154005132,,1493.0,1440.0
1463993308181879753,874,1463993308178664245,,1495.0,1440.0
1463993308210998899,875,1463993308199072856,,1493.0,1440.0
1463993308223426189,876,1463993308220374848,,1493.0,1440.0
1463993308241219968,877,1463993308238824405,,1493.0,1440.0
1463993308261867796,878,1463993308257365315,,1493.0,1440.0
1463993308278693297,879,1463993308275798518,,1493.0,1440.0
1463993308349042840,880,1463993308294074169,,1493.0,1440.0
1463993308349546067,881,1463993308317358080,,1493.0,1440.0
1463993308349977107,882,1463993308335591022,,1494.0,1440.0
1463993308422986170,883,1463993308355549687,,1493.0,1440.0
1463993308423548459,884,1463993308375371634,,1493.0,1440.0
1463993308423925280,885,1463993308397633674,,1493.0,1440.0
1463993308507660131,886,1463993308426371103,,1494.0,1440.0
1463993308507965963,887,1463993308446487840,,1494.0,1440.0
1463993308508284138,888,1463993308466330828,,1493.0,1440.0
1463993308508816792,889,1463993308485279445,,1492.0,1440.0
1463993308509223353,890,1463993308505235089,,1493.0,1440.0
1463993308547052827,891,1463993308527094839,,1493.0,1440.0
1463993308547480742,892,1463993308545582520,,1493.0,1440.0
1463993308565500300,893,1463993308561833493,,1493.0,1440.0
1463993308595229652,894,1463993308579678156,,1494.0,1440.0
1463993308604013521,895,1463993308599349114,,1493.0,1440.0
1463993308625682907,896,1463993308623377917,,1493.0,1440.0
1463993308653582527,897,1463993308642655751,,1493.0,1440.0
1463993308667462312,898,1463993308663295351,,1493.0,1440.0
1463993308693784022,899,1463993308684488385,,1493.0,1440.0
1463993308720843177,900,1463993308703865958,,1493.0,1440.0
1463993308737452533,901,1463993308728987830,,1494.0,1440.0
1463993308758615672,902,1463993308748353529,,1494.0,1440.0
1463993308770894630,903,1463993308769017138,,1494.0,1440.0
1463993308792088081,904,1463993308789914028,,1493.0,1440.0
1463993308825883249,905,1463993308812403515,,1493.0,1440.0
1463993308835154564,906,1463993308833214884,,1493.0,1440.0
1463993308860738152,907,1463993308853803442,,1494.0,1440.0
1463993308884852216,908,1463993308876668709,,1493.0,1440.0
1463993308898327835,909,1463993308896599249,,1493.0,1440.0
1463993308934578826,910,1463993308928333644,,1493.0,1440.0
1463993308955801496,911,1463993308952907341,,1494.0,1440.0
1463993308975795264,912,1463993308973817148,,1493.0,1440.0
1463993309003949363,913,1463993308995189088,,1493.0,1440.0
1463993309018629352,914,1463993309016862849,,1493.0,1440.0
1463993309055012426,915,1463993309037697760,,1494.0,1440.0
1463993309065548162,916,1463993309056615700,,1493.0,1440.0
1463993309078197431,917,1463993309072394383,,1493.0,1440.0
1463993309114505505,918,1463993309087364579,,1494.0,1440.0
1463993309114962326,919,1463993309107341577,,1493.0,1440.0
1463993309142695488,920,1463993309129086120,,1494.0,1440.0
1463993309186083324,921,1463993309169825997,,1493.0,1440.0
1463993309226066278,922,1463993309214806013,,1493.0,1440.0
1463993309277665745,923,1463993309269224062,,1494.0,1440.0
1463993309335999193,924,1463993309330122083,,1494.0,1440.0
1463993309382181808,925,1463993309379553590,,1494.0,1440.0
1463993309434602157,926,1463993309428270726,,1493.0,1440.0
1463993309477150986,927,1463993309472368766,,1494.0,1440.0
1463993309523347194,928,1463993309499365839,,1493.0,1440.0
1463993309531671169,929,1463993309517246700,,1493.0,1440.0
1463993309561376719,930,1463993309542499040,,1493.0,1440.0
1463993309592896428,931,1463993309587337025,,1493.0,1440.0
1463993309638977377,932,1463993309634537344,,1493.0,1440.0
1463993309685460824,933,1463993309680712824,,1493.0,1440.0
1463993309735975921,934,1463993309730192612,,1493.0,1440.0
1463993309787585179,935,1463993309777673451,,1493.0,1440.0
1463993309830751505,936,1463993309825066529,,1493.0,1440.0
1463993309879612286,937,1463993309870751230,,1493.0,1440.0
1463993309926678543,938,1463993309920934088,,1493.0,1440.0
1463993309969319923,939,1463993309963361928,,1493.0,1440.0
1463993310011128390,940,1463993310006932835,,1493.0,1440.0
1463993310078545394,941,1463993310038146920,,1494.0,1440.0
1463993310101422587,942,1463993310061279790,,1493.0,1440.0
1463993310102693207,943,1463993310080145074,,1493.0,1440.0
1463993310297111803,944,1463993310100866600,,1493.0,1440.0
1463993310297153886,945,1463993310120850890,,1494.0,1440.0
1463993310297191646,946,1463993310139290915,,1493.0,1440.0
1463993310297459353,947,1463993310151055604,,1494.0,1440.0
1463993310298394714,948,1463993310176721120,,1493.0,1440.0
1463993310301502774,949,1463993310202241792,,1493.0,1440.0
1463993310301923241,950,1463993310228024911,,1493.0,1440.0
1463993310304177606,951,1463993310256650986,,1493.0,1440.0
1463993310304617187,952,1463993310271799984,,1493.0,1440.0
1463993310304661354,953,1463993310300158925,,1493.0,1440.0
1463993310470011168,954,1463993310328046410,,1493.0,1440.0
1463993310471643817,955,1463993310355836708,,1494.0,1440.0
1463993310472634021,956,1463993310382975186,,1493.0,1440.0
1463993310472863239,957,1463993310416972749,,1493.0,1440.0
1463993310479015765,958,1463993310433181377,,1493.0,1440.0
1463993310486148234,959,1463993310462422294,,1494.0,1440.0
1463993310486567347,960,1463993310478116341,,1494.0,1440.0
1463993310675744142,961,1463993310505026695,,1494.0,1440.0
1463993310676141328,962,1463993310537260672,,1493.0,1440.0
1463993310676185651,963,1463993310564036964,,1494.0,1440.0
1463993310676433671,964,1463993310594459282,,1494.0,1440.0
1463993310676693045,965,1463993310622373173,,1493.0,1440.0
1463993310677086845,966,1463993310647658950,,1493.0,1440.0
1463993310701486584,967,1463993310677350385,,1493.0,1440.0
1463993310778647557,968,1463993310707918380,,1493.0,1440.0
1463993310779221721,969,1463993310733086241,,1494.0,1440.0
1463993310779783281,970,1463993310761112788,,1493.0,1440.0
1463993310793258119,971,1463993310790269017,,1494.0,1440.0
1463993310816644894,972,1463993310814526205,,1494.0,1440.0
1463993310840150627,973,1463993310828060470,,1493.0,1440.0
1463993310964032910,974,1463993310862142408,,1493.0,1440.0
1463993310964067858,975,1463993310877832445,,1493.0,1440.0
1463993310964103118,976,1463993310896500334,,1494.0,1440.0
1463993310964680199,977,1463993310910561836,,1494.0,1440.0
1463993310971151213,978,1463993310945454291,,1493.0,1440.0
1463993311063570922,979,1463993310983334077,,1493.0,1440.0
1463993311063651546,980,1463993311020135014,,1494.0,1440.0
1463993311063725504,981,1463993311044446212,,1493.0,1440.0
1463993311104687881,982,1463993311076708209,,1493.0,1440.0
1463993311104959495,983,1463993311098415356,,1494.0,1440.0
1463993311130176054,984,1463993311125308627,,1493.0,1440.0
1463993311198202898,985,1463993311148110196,,1494.0,1440.0
1463993311198588782,986,1463993311172728840,,1493.0,1440.0
1463993311198632271,987,1463993311196069105,,1493.0,1440.0
1463993311357089875,988,1463993311230618645,,1493.0,1440.0
1463993311357131906,989,1463993311253797765,,1494.0,1440.0
1463993311357359822,990,1463993311273894241,,1494.0,1440.0
1463993311357409718,991,1463993311303076044,,1493.0,1440.0
1463993311359306116,992,1463993311326120424,,1494.0,1440.0
1463993311359358355,993,1463993311355080196,,1493.0,1440.0
1463993311486829008,994,1463993311385195432,,1493.0,1440.0
1463993311486879685,995,1463993311417010400,,1494.0,1440.0
1463993311488304418,996,1463993311443648203,,1493.0,1440.0
1463993311488363585,997,1463993311467126853,,1493.0,1440.0
1463993311648730972,998,1463993311488696344,,1493.0,1440.0
1463993311648773836,999,1463993311509279849,,1493.0,1440.0
1463993311653440848,1000,1463993311530602206,,1493.0,1440.0
1463993311653988085,1001,1463993311551275139,,1494.0,1440.0
1463993311654045897,1002,1463993311572249216,,1493.0,1440.0
1463993311654085741,1003,1463993311592905013,,1493.0,1440.0
1463993311654123553,1004,1463993311616365121,,1494.0,1440.0
1463993311654159438,1005,1463993311635072020,,1494.0,1440.0
1463993312017825800,1006,1463993311664562363,,1493.0,1440.0
1463993312017870279,1007,1463993311688397521,,1493.0,1440.0
1463993312017914029,1008,1463993311707615720,,1493.0,1440.0
1463993312017946321,1009,1463993311730228384,,1494.0,1440.0
1463993312018212465,1010,1463993311754993174,,1493.0,1440.0
1463993312018418871,1011,1463993311779047082,,1494.0,1440.0
1463993312018468662,1012,1463993311803211666,,1494.0,1440.0
1463993312018599339,1013,1463993311809988928,,1493.0,1440.0
1463993312018642099,1014,1463993311827754738,,1493.0,1440.0
1463993312019046264,1015,1463993311853503899,,1493.0,1440.0
1463993312019133191,1016,1463993311875573127,,1493.0,1440.0
1463993312021085526,1017,1463993311907033514,,1494.0,1440.0
1463993312021144901,1018,1463993311929334356,,1493.0,1440.0
1463993312021608961,1019,1463993311951411293,,1493.0,1440.0
1463993312023666140,1020,1463993311973991509,,1494.0,1440.0
1463993312023719317,1021,1463993311995468292,,1493.0,1440.0
1463993312025694465,1022,1463993312021283233,,1494.0,1440.0
